0 0.5524377234375 0.1576248546875 0.54630854375 0.1504385265625 0.541849859375 0.15011772343750002 0.5366126296875 0.1468594015625 0.5324257 0.141188078125 0.5188381546875 0.1422406015625 0.5129133296874999 0.1407010015625 0.5141751125 0.1362730671875 0.5240211671874999 0.12185360468749999 0.5247158953125 0.1124732203125 0.5201662640625 0.10749617656249999 0.5133648234375 0.10602448281250001 0.5086415109375 0.10339253749999999 0.40012088749999997 0.08248672500000001 0.39371995000000004 0.0806509140625 0.3854748390625 0.0742946734375 0.373224684375 0.071579590625 0.3550650421875 0.0713208171875 0.34661664999999997 0.07863708750000001 0.3352737859375 0.0838459234375 0.33090604375 0.0881813625 0.3277102140625 0.1027518640625 0.3288065203125 0.1123266046875 0.3319431515625 0.1204109265625 0.34086873125 0.13271011093750001 0.35882509375 0.1466413890625 0.3709618375 0.14836598437499998 0.383884253125 0.14536643124999998 0.3936404375 0.14560996875 0.3984771625 0.1492324078125 0.40385847343750003 0.161473046875 0.4125265546875 0.1637994203125 0.42850179062500005 0.156566290625 0.43296047812499994 0.15688709218750002 0.437041128125 0.1539062625 0.44548238749999997 0.15425165624999998 0.44853520781249995 0.150018078125 0.453167575 0.147993784375 0.4656292171875 0.148693934375 0.47700275468750003 0.15147692343750002 0.476632921875 0.15983286562500001 0.470897115625 0.15994408124999998 0.46367270468750005 0.162502253125 0.458307803125 0.17357677031250002 0.46068122968749997 0.1827194859375 0.463802525 0.186807896875 0.47039248125000005 0.190294525 0.48800040625 0.18959675781250002 0.4908948796875 0.1917041859375 0.5004017734375 0.19363249375 0.5135510109375 0.1926139234375 0.5292013484375 0.186405234375 0.5487361859375001 0.1832265578125 0.55027793125 0.18510568125 0.5504812125 0.1714331734375 0.5522191078125 0.1673014515625 0.5498610171875 0.16215464531249998 0.5524377234375 0.1576248546875
0 0.67771495625 0.08929643125 0.6699234890625 0.0869021515625 0.6563277359375 0.0762970953125 0.654725721875 0.0777535609375 0.6478864765625 0.0759517015625 0.64336751875 0.0789664859375 0.62810948125 0.0731534828125 0.62557770625 0.0703517734375 0.62501065 0.065399321875 0.6305574390625 0.0636372890625 0.6329226609374999 0.06112243125 0.638106746875 0.060054675 0.640071465625 0.0579039328125 0.63502325625 0.0562964265625 0.632098109375 0.046197171875 0.6164395671875 0.040748282812499995 0.6170515578125 0.038369234375 0.6114965640625 0.02847369375 0.6050424875 0.0223118046875 0.57371826875 0.01907569375 0.5606446390625 0.0207545921875 0.555097853125 0.0225166265625 0.5476997578125 0.0274198921875 0.542123371875 0.040509340625 0.5381407953124999 0.0404847484375 0.5341428875 0.0364642421875 0.53242745625 0.036930217187499996 0.5324959328125 0.045252206249999996 0.5316346546874999 0.0493160234375 0.529919225 0.0497819953125 0.5326778203125 0.0545646859375 0.5318554203125 0.078277909375 0.5374410875 0.0961652765625 0.5470920671874999 0.107075903125 0.570263190625 0.12793125 0.5742079609374999 0.127625678125 0.5749180265625 0.122241209375 0.57659565 0.121445071875 0.6017528828125001 0.11716469062499998 0.60991418125 0.111203028125 0.6137833453125 0.11023713125000001 0.6179927421875 0.112242703125 0.6226711203125 0.12220614999999999 0.623729625 0.1314507265625 0.6215912265625 0.13594656249999998 0.6236468875 0.1384520609375 0.6344155640625 0.1359524359375 0.640551875 0.135477103125 0.646000590625 0.136720490625 0.6550160375 0.1343566734375 0.6630189890625 0.134736021875 0.6886063265625 0.11876411093749999 0.6918706296875 0.11251560000000001 0.6914241171875 0.1008919765625 0.67771495625 0.08929643125
0 0.633441884375 0 0.6216900812499999 0.0634324875 0.617095515625 0.06578694375000001 0.620368025 0.07119600937500001 0.6227107796875 0.0723469 0.629859584375 0.069128403125 0.63174869375 0.06631733281249999 0.6403258359375 0.06398746718750001 0.653844903125 0.05461295468750001 0.6606688109375 0.052418901562499995 0.663774771875 0.0525113984375 0.666419953125 0.056303595312499996 0.71814741875 0.044635553125 0.7206413890625 0.0471071 0.7249866625 0.0464374140625 0.7291204515625 0.047782657812500004 0.732370496875 0.056857471874999996 0.738771434375 0.05869328124999999 0.7380613687500001 0.0640777546875 0.7396031140625 0.06595687812499999 0.7439483890624999 0.065287190625 0.7535002203125 0.059883998437499995 0.7601126421875 0.05970487343749999 0.764284234375 0.061380284375000004 0.7830180625 0.058929842187500005 0.7955553109375 0.0602903203125 0.8024170234374999 0.058426428125 0.8086360734375001 0.050949757812499996 0.8216790312500001 0.041279034375 0.8307240765625 0.027587804687500002 0.8317590375 0.021178890625 0.828448721875 0.0154396640625 0.818964296875 0.009845604687499999 0.8168708296875 0.0070099453125 0.8113087046875 0.0047760671875 0.80826301875 0.0013479812500000001 0.8035172375 0.0023817859375 0.7975924125 0.0008421859375 0.7918944109375 0.0012835671875 0.7882898734375 0.0045606078125 0.7688153046874999 0.00440369375 0.7641829359375001 0.0064279875 0.7554014421875 0.0031111234375 0.75620175 0 0.633441884375 0
0 0.4497602234375 0 0.44998249062499995 0.000455346875 0.4584166203125 0.00846240625 0.4677344984375 0.008739895312499999 0.47817115 0.0149263765625 0.4844964796875 0.016101859375 0.514180875 0.020464275 0.5233853421875 0.0197512734375 0.528647546875 0.0167898359375 0.5360502625 0.0067789140625 0.544972284375 0 0.4497602234375 0
0 0.843702075 0.1563807015625 0.8387590703125 0.1441061109375 0.8298866328125 0.13613300625 0.81499129375 0.12962572187500002 0.8058849015625 0.12733329843750002 0.791436078125 0.132449640625 0.729926734375 0.0895821734375 0.73029656875 0.0812262328125 0.7253086296875 0.0762831421875 0.731799434375 0.06345595312499999 0.7326453796875 0.055396221875 0.7305519140625 0.0525605625 0.726894234375 0.051511525 0.7236973328125 0.046762790625 0.7259869453125 0.043587603125 0.7243695921875 0.0410481546875 0.7107667109375 0.038104764062500004 0.6972925796875 0.040147778125 0.6867578515625 0.036966721875000004 0.67789361875 0.040651193749999995 0.66956576875 0.041296289062500005 0.666815378125 0.048171175 0.658676546875 0.050467087499999994 0.6575128375 0.051889596875 0.6578541453125 0.0741803078125 0.662267896875 0.081832609375 0.6664016859374999 0.08317785625 0.6705508140625 0.088519015625 0.678704984375 0.090219015625 0.68380633125 0.0961525984375 0.6884162328125 0.097794053125 0.6911748281250001 0.10257674375 0.69706185 0.1037861796875 0.7052313546875 0.1094820953125 0.7195995890625 0.15000556874999998 0.714279621875 0.15374858281249998 0.705589075 0.1550879578125 0.70815865 0.15821983125 0.713569559375 0.15913305625000002 0.7193278328125 0.1553560890625 0.732937846875 0.150637815625 0.7416059296874999 0.152964190625 0.7468053515624999 0.1558923484375 0.7484605078125 0.1587619609375 0.7487251374999999 0.1610731078125 0.7456345140625 0.164976521875 0.75527015625 0.171891234375 0.7604624484375 0.1824810546875 0.7720852765624999 0.183579275 0.77878864375 0.1880563921875 0.7906760984375001 0.1914657546875 0.7985656390625 0.1908546125 0.8082308812500001 0.186441909375 0.825574178125 0.1834329984375 0.8339244984375 0.17912215468749998 0.8375893062499999 0.172509525 0.8419948500000001 0.16850425156249998 0.8442691296874999 0.1613331546875 0.843702075 0.1563807015625
0 0.854655865625 0.2211512734375 0.8408486296875 0.2125611546875 0.8255303187499999 0.21008373749999998 0.805882071875 0.212271921875 0.7950755875 0.21444138437500002 0.7860376718750001 0.22047095 0.7823799953125 0.219421915625 0.7797572781250001 0.2119639671875 0.7771877015624999 0.20883209374999998 0.7734922203125 0.20745289687500001 0.7515390187500001 0.2088203515625 0.7430528234375 0.215806453125 0.738927240625 0.2261187859375 0.7349824703125 0.22642435781249998 0.732337284375 0.22263215781249998 0.7287705515625 0.2262393640625 0.64517643125 0.2646915734375 0.6442242109375 0.264099153125 0.64361221875 0.2664782015625 0.6466579078125 0.2699062828125 0.6440812 0.274436075 0.6352394343750001 0.27445479375000004 0.6322244171875 0.2790185390625 0.6349830109375 0.2838012296875 0.632806809375 0.287966903125 0.629965478125 0.2901855515625 0.625355575 0.28854409375 0.626338471875 0.2971283421875 0.6302761109375 0.30448443593749996 0.616115453125 0.327565409375 0.61758159375 0.32878420468749997 0.625871640625 0.327808946875 0.6300278968749999 0.3254884453125 0.633519025 0.3212209109375 0.637138896875 0.3219397828125 0.642723490625 0.3205079125 0.6550114484375 0.323553159375 0.6596816203125 0.321859028125 0.664654221875 0.32280620781249997 0.6780609546874999 0.331760440625 0.7031579156250001 0.3308156484375 0.7091287515625 0.3443429859375 0.706687921875 0.34619751718749997 0.7039446640625 0.3454107421875 0.7000908359375 0.35037255312500004 0.7037260468750001 0.3550873390625 0.7015498453125 0.3592530140625 0.70099099375 0.3659581375 0.69728838125 0.37224060312499996 0.7000398453125001 0.3846849578125 0.7137868109375 0.3966106625 0.7227195203125001 0.40124818281249996 0.7402518375 0.3998900875 0.7479523609375 0.397628128125 0.7580937140625 0.3935116375 0.7647735375 0.3823352640625 0.7634728765625 0.3671137953125 0.761228196875 0.36295748125 0.753912840625 0.36085941093749996 0.7526581875 0.35762568125 0.7572527499999999 0.3552712265625 0.7606682703125001 0.350343365625 0.7580904890625 0.3355539171875 0.7596168999999999 0.33343712812500004 0.7570851249999999 0.3306354171875 0.748741940625 0.3272846015625 0.7446837578125 0.32659968125 0.7390613609375001 0.3277013890625 0.7358041890625 0.32628823906250004 0.7316550640624999 0.320947078125 0.7323048562500001 0.31889819375 0.734307375 0.3170776140625 0.739567071875 0.31667018593749996 0.7445999421875 0.3142817765625 0.7503204140624999 0.310174646875 0.7635830640625 0.310146565625 0.77652794375 0.3034812640625 0.788362259375 0.30256455 0.7976872671875 0.29518037656249996 0.7981858453124999 0.2918108390625 0.794187934375 0.287790334375 0.7946487109375 0.28409063125 0.8107976265625 0.2745124046875 0.8148854046875 0.2638699109375 0.816963534375 0.262709659375 0.827120225 0.26258908124999997 0.8393397078125 0.25731233750000004 0.8500705828124999 0.2544825484375 0.8569925640625 0.2492830671875 0.8608688578124999 0.24065550781249997 0.8585179000000001 0.22784703906249998 0.854655865625 0.2211512734375
0 0.5834499421875 0.39371628593749997 0.5763838734375 0.389933446875 0.5596136890625 0.3709139078125 0.5510590140625 0.369578021875 0.54589739375 0.366980028125 0.5453681421875001 0.362357740625 0.549259775 0.3577260921875 0.5550333843749999 0.35794503906249997 0.55572098125 0.3562263140625 0.5650613250000001 0.3528380578125 0.5673887453125 0.3499930359375 0.5691797796875 0.3501873875 0.5720211125 0.3479687421875 0.5773942187500001 0.3485518046875 0.583688875 0.34173546093749996 0.5942685359375 0.33758501875 0.589303065625 0.328976178125 0.5828111859375 0.322484125 0.5802191390625 0.3230180046875 0.578639590625 0.320808715625 0.5796142828125 0.3177353875 0.5781859453125 0.3168467546875 0.5757073140625 0.3183711234375 0.5725635515625 0.3179484640625 0.5698049578125 0.3131657734375 0.559119015625 0.3086640640625 0.555672821875 0.3056000953125 0.5505643421874999 0.3073281765625 0.54814598125 0.3055169625 0.5348077234375 0.3048847125 0.52908725625 0.30899184375 0.5236007390624999 0.30741829374999996 0.522088590625 0.2942117578125 0.5170250453125 0.2886083359375 0.5138128046875 0.2798636875 0.50240859375 0.2690888734375 0.502264509375 0.26010655625 0.5057934390625001 0.2561691875 0.505052703125 0.253561834375 0.5003671953125 0.25126005 0.4274190640625 0.255245325 0.42545434687499994 0.25739606875 0.425885521875 0.2650237796875 0.4227346296875 0.2722627828125 0.40725084218749996 0.28378803750000003 0.40646516874999994 0.2885121828125 0.40933004687499996 0.3019470265625 0.41648705625 0.3103861046875 0.42798934375000003 0.318155496875 0.49031825468749995 0.42224836093749996 0.500988859375 0.422754159375 0.5065356453125001 0.4209921234375 0.519103565625 0.430344428125 0.5369005078125 0.431297478125 0.5451680875 0.43398796875 0.553533740625 0.4336730375 0.555097953125 0.431886409375 0.5615591640625001 0.43038663593750004 0.56832993125 0.423866503125 0.5735211484375 0.41513708437499997 0.5809948515625 0.4108941453125 0.5853472562500001 0.40256279375000004 0.5856568156249999 0.39754243906250003 0.5834499421875 0.39371628593749997
0 0.686114215625 0.4214044875 0.689416325 0.41548613593750006 0.6952277390625 0.41603524687500004 0.700759190625 0.4102773015625 0.6988925484374999 0.40942261875 0.6969716890625001 0.3849226234375 0.689837146875 0.37281779375 0.683647696875 0.3689670515625 0.684206546875 0.362261925 0.6870856828125 0.3603734421875 0.6843424234375 0.3595866671875 0.68054886875 0.361212890625 0.6721300734375 0.3572017453125 0.6698853953125 0.35304542968749997 0.673051625 0.34980233906249997 0.672711390625 0.34683086875 0.668448853125 0.34049921875 0.66119376875 0.335065565625 0.6422933859375 0.3321994390625 0.6367312625 0.32996556093749996 0.6341994921875 0.32716385312499996 0.6317964640625 0.3293485453125 0.6217909890625 0.330789778125 0.616319809375 0.33321213906249997 0.6135765515625 0.3324253625 0.607742671875 0.335542003125 0.588910765625 0.34099786875000004 0.573212946875 0.3570917375 0.568296034375 0.3579169578125 0.565915475 0.3564359015625 0.5624774875 0.3650295109375 0.5668759046875 0.3686859 0.5684483218749999 0.3785568515625 0.5755521921875 0.3826698515625 0.5868205234375 0.3961199265625 0.5880680468749999 0.40701531874999997 0.583927128125 0.41333173749999996 0.58386685625 0.416667325 0.5876757484375 0.41903701250000003 0.58849209375 0.42230469531250003 0.59810526875 0.43288515624999996 0.59610275 0.43470573124999995 0.5970325046875 0.43896390625 0.6003274828125 0.4407072203125 0.601106025 0.4436447390625 0.605413496875 0.44264488750000003 0.6100233984375001 0.4442863453125 0.6271930125 0.44362252812499997 0.635627140625 0.4516295859375 0.646199675 0.4551408046875 0.6548228218750001 0.46479868281250003 0.6548759625 0.469124759375 0.65820874375 0.4711982359375 0.6677759125 0.4697909578125 0.6744108015625 0.46594608437499996 0.6843028624999999 0.4635143640625 0.6885193921874999 0.457858271875 0.6893346625000001 0.441806715625 0.686114215625 0.4214044875
0 0.65641595 0.5752617437499999 0.6497279203125 0.5747805375 0.6440901890624999 0.571886334375 0.6439839093749999 0.5632341796875 0.6406735968749999 0.5574949546875 0.6318767640625 0.550182175 0.6267907515625 0.54824450625 0.6181073328125 0.5419222171875 0.6092277625 0.5416107734375 0.59706855 0.5435519296875 0.5943630953125 0.5430953171875 0.59127960625 0.539337071875 0.5876147953124999 0.5459497015625 0.5824685109375001 0.54734761875 0.5748660640625001 0.54660415625 0.5688206953125 0.5517357281249999 0.566281790625 0.5565956828124999 0.5598359203125 0.562091371875 0.5564357390625 0.5710151437500001 0.5534431921875 0.5719131375 0.5487127468749999 0.57694285625 0.5364779296875 0.5782236828125 0.533719334375 0.57344099375 0.5340135578125 0.5644247250000001 0.5317157359375 0.5559423359375 0.5234328203125 0.5492559296875 0.511220471875 0.5468710078125001 0.5068373937499999 0.5472105328125 0.5002403046875 0.55138556875 0.4961749953125 0.5583623125 0.49209434218750003 0.5613431421875 0.4912330640625 0.5654069609375 0.46634758906249996 0.5643368234375 0.45716558906250004 0.561384071875 0.45254035156250005 0.555746703125 0.444824490625 0.5540127499999999 0.4221080875 0.5564386 0.4161986 0.5588949140625 0.40750804843750005 0.5602342874999999 0.39181990624999996 0.5661128125 0.382170003125 0.5745214296875 0.3811125734375 0.58459609375 0.385224971875 0.608926328125 0.38802136875 0.61403918125 0.39601719062499996 0.6220801921875 0.43522381875000005 0.632366825 0.444753184375 0.63062938125 0.45135026875 0.6264543453125 0.4661617953125 0.6206437265625 0.469343359375 0.6213965499999999 0.47321252343750003 0.6204306500000001 0.4810335890625 0.61149751875 0.4876684796875 0.607652646875 0.48868097343750005 0.60490948125 0.496230284375 0.60132686875 0.5029254437499999 0.5941464109375 0.5071951125 0.5928163953125 0.517503015625 0.5940164734375 0.5259749499999999 0.60235369375 0.5287713484375 0.607466546875 0.5383538515625 0.61005518125 0.5396841109375 0.6139492375 0.5431303046875 0.6170132046875 0.5442266109375 0.6265879453125 0.5460932546875 0.627442625 0.55053660625 0.6237675140625 0.5533248000000001 0.617222790625 0.5513896765624999 0.60804611875 0.5523265640624999 0.6046426296875 0.557933625 0.59954500625 0.5623994421875 0.592204146875 0.578994871875 0.5942495437499999 0.5993011187499999 0.6016700515625 0.6094046703125 0.597223396875 0.6425270515625 0.5929922000000001 0.66048946875 0.579942575 0.6629527656249999 0.57442229375 0.66198520625 0.569833959375 0.65641595 0.5752617437499999
0 0.8911660296875 0.528431553125 0.8726130109374999 0.5208752359375 0.8634156796875001 0.5139265734375 0.8373664937499999 0.514278946875 0.81235226875 0.5082224046875 0.7996106671875001 0.5012151968749999 0.798869928125 0.49860784062499997 0.803902803125 0.49621943125 0.8041520906249999 0.4945346640625 0.7944479703125 0.4792979625 0.7913042078125 0.47887530156249997 0.7898156046875 0.48132225625 0.7746863109375 0.48049565625 0.7764466734375 0.4726981828125 0.7753125625 0.46279328125 0.7730300796875 0.4583068015625 0.7766192796875 0.451033846875 0.77479044375 0.45050932968749996 0.76811775 0.4540240390625 0.765714725 0.456208734375 0.77052185 0.4711585828125 0.76977398125 0.476212890625 0.7649076609375001 0.48391786562499994 0.7589981703124999 0.48637418125 0.7533001687499999 0.4868155625 0.7521517953125 0.492233984375 0.754932859375 0.493350925 0.7612806546875001 0.490860659375 0.76745476875 0.49071548906249995 0.7879653703125 0.503782728125 0.79485775625 0.5099106625000001 0.792016421875 0.512129309375 0.77413674375 0.518177596875 0.76031524375 0.5249108031249999 0.7566433031249999 0.53918509375 0.7542780828125 0.541699953125 0.7548073328125 0.546322240625 0.766120603125 0.5524408171874999 0.767634621875 0.5566537312500001 0.7623045796875 0.557732790625 0.7615495796875 0.5704487625 0.759811684375 0.5745804859375 0.7557156968750001 0.5735654015625 0.7546654015625001 0.5759784031249999 0.7726738281250001 0.5749165203125 0.7771927859375001 0.571901734375 0.7809332015625 0.5659494359374999 0.81670076875 0.5655104359375 0.82069868125 0.569530940625 0.8243185546875 0.5702498140625 0.840430740625 0.5796606609375 0.8450028406250001 0.5809719546875 0.85519733125 0.5811815421875 0.8685509250000001 0.5858097 0.8754882437499999 0.584606134375 0.8902619640625 0.578465353125 0.897221753125 0.5735960375 0.9052921078124999 0.562978134375 0.9056241343749999 0.5542920296875 0.8911660296875 0.528431553125
0 0.89238971875 0.7901469015625 0.8893062281249999 0.7863886515625 0.8751138234375 0.7821585609375 0.8614424656249999 0.7708931796875 0.854013696875 0.7678046234375 0.8500535890625001 0.76411428125 0.849032890625 0.75519986875 0.8433798234375001 0.7483097515625 0.84233665625 0.7430610843750001 0.838089453125 0.7407253515625001 0.837182165625 0.73280143125 0.844504653125 0.7272378359375 0.8449796890625001 0.70821480625 0.8427728140624999 0.70438865625 0.8379738921875 0.70109638125 0.8302580328125 0.6993624281249999 0.8250361406250001 0.7001000187499999 0.820041071875 0.70281859375 0.8139732390625 0.711615915625 0.8121904078125001 0.7230791375 0.8144504265625001 0.731231365625 0.81234983125 0.7360573671874999 0.8045134265625 0.7409945859375 0.786618409375 0.7430469609375 0.7755626390625 0.7469011937500001 0.7687162640625 0.752760996875 0.7674922828125 0.7575190968750001 0.7770901218749999 0.7641036406249999 0.7756393203124999 0.7668807609375 0.770719859375 0.770259659375 0.7689819609375 0.774391384375 0.7696399625 0.7840000734375 0.7727009890625001 0.7914240718750001 0.780447521875 0.80114985 0.78406739375 0.8018687218749999 0.7907329578125 0.8060156765625001 0.7968314640624999 0.8052101781250001 0.8116369328124999 0.8263804625000001 0.8299324531250001 0.823963971875 0.8332887765624999 0.8416909390624999 0.8373244921874999 0.8460416078125 0.8536103609374999 0.8531073593749999 0.8608501109375 0.8545451015625 0.8687396515625 0.853933959375 0.8884859765625001 0.8487403546875001 0.896019946875 0.8411618265625 0.902072446875 0.828368590625 0.898541365625 0.7936674796875 0.89238971875 0.7901469015625
0 0.7782784484375 0.7976538609375 0.772572240625 0.7864376640625 0.7704634375 0.7796060921875 0.7720879234375 0.7744838781250001 0.7708332687499999 0.7712501515625 0.7621120453125 0.764597696875 0.7471186328125 0.7610958375 0.734339228125 0.7537584671875 0.7079498078124999 0.75113936875 0.7041787187499999 0.74909984375 0.6989568265625 0.7498374343750001 0.698783146875 0.75218253125 0.6916946109375 0.7520654437500001 0.68743920625 0.7380721296874999 0.6813253625 0.7348817140625 0.6703758703125 0.7473880984375 0.6638390546874999 0.7482275484375001 0.6622748421875 0.750014175 0.6573400421875 0.7493971593750001 0.6623126453125 0.7503443390625 0.66389219375 0.752553625 0.66329554375 0.7589285875 0.6572879781250001 0.7643903234375 0.6575148000000001 0.766371303125 0.6606963671875 0.7671241281250001 0.66412009375 0.7738538453125 0.6685409734375 0.773844484375 0.6713067015624999 0.7709655109375 0.676929096875 0.769863803125 0.6818485578125 0.7664849031250001 0.6891639125 0.7685829734375 0.69030515625 0.7708262125 0.6862245062500001 0.77380704375 0.685688125 0.7768464203125001 0.6870183828124999 0.7807404765625 0.694976403125 0.7884513234375 0.6929064781250001 0.8012691515625001 0.6938362359375 0.8055273250000001 0.704847071875 0.8090045890625 0.7168408078125 0.82106610625 0.728418703125 0.8294958250000001 0.74026835 0.8325750234375 0.743162821875 0.8346824546875 0.772113615625 0.8287758484375001 0.7762698703125 0.82645534375 0.780161503125 0.821823696875 0.7866901125 0.8093266703124999 0.7861230578125 0.8043742187499999 0.7782784484375 0.7976538609375
0 0.7409034921875 0.702953125 0.73555285 0.6987043125 0.72593254375 0.6957855140625 0.716924228125 0.6904876671875 0.7123745968749999 0.685510625 0.7110065343749999 0.68128640625 0.693783778125 0.67762414375 0.6867555140625 0.67417146875 0.670839478125 0.6587497734375 0.6663501187499999 0.6504371453125 0.6676497046875001 0.6463393749999999 0.66235220625 0.646416640625 0.6610148140625001 0.650184246875 0.654342121875 0.6536989546875 0.652090309375 0.657204303125 0.6558992046875 0.6595739921875 0.6546752234375 0.664332090625 0.660562246875 0.6655415265625 0.6650362703125 0.6698582421875 0.6702581609375 0.66912065 0.67278993125 0.6719223609375 0.6754126484375 0.6793803078125 0.6769626 0.692917009375 0.6736615687499999 0.718154596875 0.679526121875 0.7230297828125 0.6816880609375 0.734187434375 0.6914371171875 0.7420926359375 0.694157909375 0.7465451609375 0.701223975 0.7503280015625 0.7170940031249999 0.7537619531249999 0.7339765265625 0.7544527453125001 0.7382839984375 0.7534528953125 0.7420775546875 0.7518266687499999 0.7468458015625 0.747127115625 0.7533059343749999 0.7263081015624999 0.7515823 0.7151164984375 0.7409034921875 0.702953125
0 0.8997578234375 0.653674703125 0.89585085625 0.6543104375000001 0.8888450625000001 0.6471920156250001 0.8855878859375 0.6457788640625 0.8731262453124999 0.6450787109375 0.8693929609375 0.6433693515625001 0.8564174046874999 0.642042828125 0.8373740171874999 0.649513625 0.8224337421874999 0.6503378421875 0.8048707546875 0.6437041109375 0.8009484499999999 0.64034393125 0.8028600265625 0.6338671125 0.804348634375 0.631420159375 0.8087695171875 0.6314107984375 0.8157293015624999 0.626541484375 0.816726459375 0.6198024046875 0.8144133046875 0.6073241 0.809901478125 0.6026772203124999 0.8048532703125 0.6010697171875 0.795724409375 0.60244304375 0.7892029296875 0.607278403125 0.786187915625 0.6118421484375001 0.7849414671875 0.620265996875 0.7854707203125 0.6248882859375 0.788115903125 0.62868048125 0.7864158125 0.63314236875 0.7778233359375 0.6314763203125 0.7660421640624999 0.6367191109375 0.7506257781250001 0.6372471156249999 0.7425625515625 0.6402033578124999 0.7375899546875 0.639256178125 0.7374540734374999 0.6419314375 0.7328748453125 0.648281809375 0.725363340625 0.652194584375 0.72297565 0.6583751921875 0.7244877984375 0.6715817281249999 0.7321740609375 0.6846430953125 0.734554621875 0.68612415 0.75170176875 0.6891260859375 0.7575959203125 0.682673859375 0.7671855546875 0.6776008296875 0.7847934765625 0.6769030609375 0.7972622484375 0.6699415484375 0.8052427359375001 0.673986646875 0.80955020625 0.6729867953124999 0.8149079765625 0.6695739421875 0.8159807406249999 0.66349519375 0.818308159375 0.660650171875 0.8219658375 0.6616992078124999 0.8287826140625001 0.667166815625 0.8349874015625 0.6750134703125 0.842378365625 0.6777718671875 0.8497846671874999 0.6845261781249999 0.8706048265625 0.692573059375 0.8750635156250001 0.6928938625 0.9001451406250001 0.6879531546875 0.9079815437500001 0.6830159359375 0.9150016000000001 0.674811034375 0.9158250765625 0.670417053125 0.9132626296874999 0.6596235171875 0.8997578234375 0.653674703125
0 0.5776086375 0.670968034375 0.57568885625 0.665787275 0.5697262296875001 0.6639175125000001 0.5510198468749999 0.6164020625 0.55191893125 0.6126684078125 0.5495608390625 0.6075216015625 0.52688936875 0.602615953125 0.5179873328125 0.605970259375 0.511979534375 0.6049920171875 0.5055481609375 0.601604359375 0.4928372296875 0.6025889796875 0.48679186406249997 0.6077205515624999 0.480406265625 0.6098806546875 0.4656254125 0.6236830999999999 0.4653158515625 0.6287034578124999 0.4678854265625 0.631835328125 0.4703344609375 0.641638375 0.46821139843750004 0.6501301265625 0.47516405625 0.6529224765625 0.47790018125 0.6613709140624999 0.4845810828125 0.6695137812499999 0.49244815624999994 0.6725683890624999 0.5067008328125 0.67346289375 0.5122782921875 0.6796926875 0.5104647921875001 0.6831640812499999 0.5059836359375 0.6865090281249999 0.5042457390624999 0.6906407515625 0.488225571875 0.7052053828125 0.4805628515625 0.70779750625 0.4783488453125 0.71163301875 0.47207665624999995 0.714783609375 0.46279658437500004 0.714836284375 0.4591164390625 0.7174529984375 0.4428765765625 0.7223749875000001 0.43689968593749995 0.73582855 0.4333707578125 0.7397659203125 0.42690954843749995 0.7412656953125001 0.42669806406250005 0.7432806281250001 0.4221413015625 0.7459652484375 0.4202746609375 0.745110565625 0.4182721375 0.7469311453125 0.4116219109375 0.7467801046875 0.41017110937499995 0.7495572187499999 0.40597705 0.7515475609375 0.40208541875000003 0.756179209375 0.401239475 0.7642389406250001 0.402683146875 0.7691234859375 0.40086964375 0.772594884375 0.40461826562500003 0.778300159375 0.40907695312500003 0.7786209609375 0.41219824843749997 0.7827093734374999 0.40939471875000005 0.7852581828125 0.40588825625 0.7855298015625001 0.409258840625 0.7879334421874999 0.40664432812499995 0.7921330671875 0.4089268125 0.7966195468749999 0.4119571625 0.7960517171875 0.4176705015625 0.79960625 0.4341289796875 0.7850076640625 0.43674349062499995 0.780808040625 0.4445420890625 0.77554065625 0.449953 0.7764538796875 0.45153255000000003 0.77866316875 0.4478524046875 0.7812798828124999 0.44764091875 0.7832948156249999 0.45213740781249995 0.7839457828125 0.45474478906250004 0.7874078171875001 0.4565204890625 0.7836062593750001 0.46382050625 0.781708415625 0.48752693750000003 0.78020515 0.4917056609375 0.7742188953125 0.49874105625 0.7700099093749999 0.5005167546875 0.766208346875 0.5037963953125 0.7639557515625001 0.5052625359375 0.7651745453125 0.510083921875 0.7648010703125 0.504446190625 0.761906865625 0.503690115625 0.7553035953125 0.5044604515625 0.7465835390625 0.5115939203125001 0.7393691265625 0.5082600640625 0.7179764093750001 0.50919695 0.7145729171874999 0.5147733375 0.701483471875 0.5197908734375 0.69509915 0.529985365625 0.695308734375 0.5371341703125 0.6920902359375 0.5382825437500001 0.6866718125 0.5368235359375 0.6777913546875001 0.53903754375 0.6739558421875 0.5411534734375001 0.6731257546875 0.5466399921875 0.67469930625 0.549701015625 0.6821233 0.555792390625 0.68897946875 0.566289315625 0.6918303609375 0.582869409375 0.6898798453125 0.587751065625 0.68617078125 0.5915292890625 0.68054864375 0.5905239234375 0.6756301453125 0.5776086375 0.670968034375
0 0.7199061312499999 0.9057670609375 0.72072960625 0.9013730796875 0.718484928125 0.8972167671875001 0.7147516406250001 0.8955074046875 0.712106459375 0.89171520625 0.7061060234375 0.8895152796874999 0.7002792765625 0.8849702562499999 0.6935156375 0.8838287234375001 0.675076034375 0.8772628984375 0.662032003125 0.8676143828124999 0.6577694625 0.8612827328125 0.6516709578125 0.8620882296874999 0.58128204375 0.8189093218749999 0.5782056859375 0.8074894125000001 0.5669455578125 0.8056969140625 0.5670436328124999 0.8026914921875001 0.56426256875 0.8015745515624999 0.565909521875 0.7927865890625 0.5593349046875 0.793295875 0.5536593671875 0.7900715046875 0.5498280078125 0.7913675671875 0.5471378875 0.7949068687499999 0.5341020609375 0.796915928125 0.51196091875 0.81595180625 0.5125208421874999 0.8285659203125 0.507767934375 0.8372613890625 0.5101638281249999 0.8427383578125 0.5115921625000001 0.843626990625 0.5132697859375 0.842830853125 0.5159149734375 0.846623053125 0.5148268703125 0.848705890625 0.5163083421875 0.8539205984375 0.5172605671875 0.8545130203125 0.521666115625 0.8505077468750001 0.5275306703125 0.8553829328125 0.529148021875 0.857922384375 0.5259439875 0.8608353109375001 0.527485734375 0.8627144343750001 0.526911546875 0.865423646875 0.5358064515625001 0.869731003125 0.5450865265625 0.8696783281249999 0.5497566984375 0.8679842015625001 0.558024278125 0.870674690625 0.557812790625 0.8726896234374999 0.5412409046875 0.8862977171875001 0.5265049875 0.8927686625 0.5081338578125 0.8945248265625001 0.49643542500000004 0.8927662828124999 0.492604065625 0.8940623437499999 0.4832861859375 0.8937848531249999 0.47112697499999995 0.8957260078125 0.46313935624999997 0.8993425765625 0.45480437812499996 0.9076493343750001 0.452772259375 0.9207973265625 0.45900771718750005 0.936635809375 0.46905920156249997 0.9471823171875 0.5103061546875 0.9559785328125001 0.5166846234375 0.9614800953125 0.5209920968749999 0.960480246875 0.5263120609375 0.9567372296875 0.5459225078125 0.9542188828124999 0.547448915625 0.95210209375 0.5509553796875 0.9518304750000001 0.5538120484375 0.953607740625 0.555587746875 0.9498061812499999 0.5597818078125 0.9478158390625 0.5631819921875 0.9388920671875001 0.5599911453125 0.9071624281249999 0.5666024937499999 0.887664065625 0.5709324328125 0.882998465625 0.5702294984375 0.8807212734375 0.5751867625 0.8776725359374999 0.5811115874999999 0.8792121375 0.5943742359375 0.8791840546874999 0.6045911953124999 0.87572789375 0.6082488734375 0.8767769281250001 0.6112567609374999 0.8798748468750001 0.61039548125 0.8839386656249999 0.60650385 0.8885703125 0.6086351171875 0.8917361390625 0.6147489625 0.8949265546875 0.620696253125 0.8928004062499999 0.623061475 0.8902855453124999 0.6290997109375 0.8928156359375 0.6283447125 0.9055316093749999 0.6238860234375 0.9052108046875 0.622110328125 0.909012365625 0.631919653125 0.913581978125 0.634489228125 0.916713853125 0.638570953125 0.933052259375 0.644760403125 0.9369030031250001 0.656972753125 0.939287925 0.668097003125 0.9437556812500001 0.6862188421875001 0.9436842859375 0.7040760546875 0.94130175 0.7159021640625001 0.9287274609375 0.7193401515625 0.92013385 0.72258911875 0.909889425 0.7199061312499999 0.9057670609375
0 1 0.8837066265625 0.9999470828125 0.8837413359375 0.9954883953125 0.88342053125 0.990651671875 0.8797980937500001 0.9686831359375001 0.8771696359375 0.9635971234375 0.8752319703125 0.954732890625 0.8789164390625 0.9481736078124999 0.8834216390625 0.9417502046875 0.8852515765625 0.8986744124999999 0.8759308421875 0.8952282203124999 0.8728668734375 0.874921975 0.865446365625 0.8587719828125 0.8557053546875 0.8444283625000001 0.8501546093749999 0.842334896875 0.8473189484375 0.8353444359375001 0.8441964359374999 0.8310062953124999 0.8372044624999999 0.826245178125 0.8342423484375001 0.8229348640625 0.8285031249999999 0.8190503640625 0.8254731078124999 0.8143045843750001 0.826506909375 0.808917215625 0.8412471765625 0.7997209546875 0.8536177531250001 0.794937371875 0.8543213906249999 0.791718003125 0.8532384046875 0.7828915734375 0.8572530390624999 0.7624045125000001 0.8598392890625 0.7552179046874999 0.862727621875 0.745696746875 0.8761226437499999 0.7376110546875 0.8827446328124999 0.7377551390625 0.891726946875 0.7467185203125 0.9043562953125001 0.7547746140625 0.9090617171875 0.7602989375 0.910965434375 0.7669491609375 0.911116475 0.782977534375 0.9082094218749999 0.7902172859375 0.9096471640624999 0.79368594375 0.90904538125 0.7951745515625 0.9065984265625 0.8026635890625 0.9063514015624999 0.8107574859375 0.9113869890625 0.81481566875 0.9120719078124999 0.8282295296875001 0.9133644796875 0.8341768249999999 0.9112383296875001 0.87564995625 0.9286600999999999 1 0.907894553125 1 0.8837066265625
0 0.5936886859375 0.510171475 0.5874236265625 0.5056604046875 0.5440525375 0.4860366984375 0.5371826203125 0.476243015625 0.524191728125 0.47092057499999995 0.515728 0.4742409296875 0.5089194296875 0.480430896875 0.47291790625 0.486550578125 0.45552860156249997 0.47757174999999996 0.44964157812499994 0.47636231406249996 0.44615758281250006 0.47296818281249997 0.42672082031249997 0.473141434375 0.41107048281249997 0.47935012187500003 0.40182108124999993 0.48739462343750006 0.3988438703125 0.492288528125 0.39740840624999996 0.499061559375 0.398270759375 0.5143169796875 0.4028735296875 0.5236201015625 0.41338578750000005 0.53046690625 0.43456865312500004 0.5378195109374999 0.5457037875 0.5545256937499999 0.553653603125 0.5505789640625001 0.5669918578125 0.5512112124999999 0.5750550828125001 0.5482549718749999 0.587803815625 0.5476005171875 0.5939247890625 0.5431292703125 0.60079363125 0.533603715625 0.5996595203124999 0.523698815625 0.5936886859375 0.510171475
0 0.6546237734375 0.46692223750000006 0.646038428125 0.4575945265625 0.6373703453124999 0.4552681515625 0.63091626875 0.44910626249999996 0.6226486890625 0.446415775 0.6188929359374999 0.44837216093750004 0.6101645828125 0.44938137187500005 0.5992293531249999 0.44656443125 0.595231440625 0.442543925 0.591240659375 0.4308617578125 0.5789455703125 0.435478171875 0.573685875 0.43588560000000004 0.566257109375 0.43279704218750004 0.5678815921875 0.4276748296875 0.5751887453125 0.41811532187499995 0.5756117125 0.41408545625000004 0.5808336062499999 0.4133478640625 0.5861157671874999 0.40927468593749994 0.5864099921875 0.4002584171875 0.582260865625 0.39491725624999996 0.57211130625 0.387376171875 0.5623469171875 0.3754750578125 0.5476784 0.37094875625 0.541700434375 0.3650830796875 0.51565838125 0.3577737875 0.5059021968749999 0.35753025 0.49853477343749997 0.37042534531250004 0.49313920156249996 0.37350803125 0.49410676093749994 0.3780963671875 0.4846765484375 0.3961476265625 0.47760335 0.40002645000000003 0.47350736250000003 0.39901136875 0.46342628281250003 0.3997922734375 0.45704068124999997 0.40195237656250005 0.4409980453125 0.42018275625 0.43868596406249993 0.427023690625 0.43975980468750003 0.44026418125 0.4453750703125 0.4468241359375 0.45665052968750003 0.4526125484375 0.46535641875 0.4552690859375 0.47623137968749996 0.46142161249999997 0.4832443046875 0.46087837656249997 0.492909546875 0.456465675 0.555400709375 0.488598146875 0.5569424546875 0.49047727031250005 0.5650588187500001 0.49184710625 0.568943321875 0.4948771234375 0.578450215625 0.49680543125 0.5813446890625 0.49891286093750004 0.5827883609375 0.5037974078125 0.5879653171875 0.510391315625 0.5921747125 0.5123968890625 0.617135796875 0.5141273515625 0.6257885453124999 0.512457815625 0.6475823234375 0.4981121296875 0.6548363359375 0.4842265453125 0.6533395234375 0.47501592343750004 0.6546237734375 0.46692223750000006
0 0.8369193609375 0.359757 0.8321807124999999 0.3531291390625 0.8219555453125 0.344927728125 0.8142774875000001 0.3435239375 0.7999267390625 0.3456348546875 0.787556040625 0.34959094375 0.7830748890625 0.3529358921875 0.7700165953125 0.3586107015625 0.765179871875 0.35498826562499997 0.766819690625 0.3538619640625 0.765345346875 0.3409855921875 0.7577878328125001 0.33291063125 0.748054115625 0.32900134062499997 0.735992978125 0.3279370734375 0.7281861765625 0.32154688125 0.7213622671875 0.3237409359375 0.7182185046875 0.3233182765625 0.7226700609375001 0.33130074375 0.7225873203125001 0.338302078125 0.718408596875 0.34428833281250004 0.7128240078125 0.345720203125 0.708251909375 0.344408909375 0.7054861828125001 0.347287884375 0.700377703125 0.3490159671875 0.6994030125 0.35208929375000003 0.701429075 0.36592220468750003 0.6967139687499999 0.3749478359375 0.700720084375 0.3906259171875 0.7120108859375 0.400410240625 0.7224097328125 0.406266559375 0.7188429984375 0.4098737609375 0.7032304640625 0.4164126140625 0.6906411515624999 0.4300453 0.6899688921875 0.43575993593750006 0.691904009375 0.44493660625000003 0.6998927015625 0.46063928125000003 0.7132238265625 0.46893318749999996 0.7320864046875 0.47146915 0.7483416 0.47054307812499996 0.7575910015625 0.46249857656250004 0.7663193578125 0.461489365625 0.7693721734375 0.45725578593750005 0.7708454437500001 0.4508129203125 0.7687519796875 0.4479772578125 0.767769084375 0.439393009375 0.768955259375 0.43430475 0.7737459734375001 0.425939446875 0.781121603125 0.4247019296875 0.7797535359375 0.4204777078125 0.766475553125 0.41650987656250005 0.764706984375 0.4126497734375 0.7669209921875 0.40881426249999997 0.7710394453125 0.40616359375 0.78596438125 0.4013434625 0.7949195578125 0.4023152328125 0.8028693703125 0.398368503125 0.8116355296875 0.39768945625 0.826545128125 0.3888734125 0.8389454234375 0.37358990937500003 0.83957988125 0.3675451109375 0.8369193609375 0.359757