0 0.419347465625 0.20807124843749997 0.439237409375 0.2075474984375 0.456011203125 0.21069463906250002 0.46914264375 0.20925023281250002 0.478026196875 0.205610575 0.4803825875 0.20302169375 0.4978140625 0.200438675 0.5034793875 0.1958217578125 0.5056044375 0.19126144375 0.5058379937499999 0.1819169984375 0.4980384578125 0.17212490625000001 0.49036596875000005 0.170971971875 0.48471423593749996 0.1719264546875 0.482437171875 0.163856603125 0.49295591562499996 0.1590386421875 0.50501914375 0.156047671875 0.5100267875 0.157160915625 0.5139911859375 0.1607186 0.52219209375 0.1588180953125 0.52687769375 0.16096519843749998 0.5311777281250001 0.1598265875 0.5485049078124999 0.16391129531249998 0.556474475 0.16003936093749999 0.5589487515625 0.14712031406249998 0.5628632171875 0.142695984375 0.5723772703125001 0.1406510390625 0.5857400515625 0.1411780640625 0.59724989375 0.13724952343750002 0.6116717281249999 0.1203537921875 0.617609165625 0.1067209984375 0.6188338203125 0.0982659734375 0.617715675 0.08873739375 0.6112428750000001 0.075138428125 0.6059653328125 0.0717251828125 0.5936458 0.0687537171875 0.5836826578125 0.0631933671875 0.565929140625 0.0668102484375 0.5545349671875 0.071724503125 0.5479035109375 0.0794430046875 0.5420454015625 0.0824170625 0.44038687187500003 0.1228866203125 0.436356734375 0.12632523281250002 0.43002235468750005 0.129018865625 0.42669982968750003 0.134709334375 0.42953027656250004 0.1437167546875 0.442491684375 0.155936375 0.44474377968749995 0.16001521875 0.4392848296875 0.1626125578125 0.425715675 0.1641051109375 0.42290797812500003 0.170404578125 0.41851723906249994 0.1745484828125 0.41421720781250004 0.17568709531249999 0.40985143593749995 0.1838220046875 0.413416675 0.1877564078125 0.41228272343750005 0.19320614375 0.414933978125 0.19690826875 0.41826566249999997 0.21018711875 0.419347465625 0.20807124843749997
0 0.303901734375 0.1801666625 0.313286525 0.1807984375 0.31834631875 0.17857781718750002 0.324474325 0.1779037609375 0.3356099734375 0.17834294687500002 0.337052378125 0.1755217859375 0.333924853125 0.1715392359375 0.332845265625 0.16233922812499998 0.335151725 0.15176833125 0.3388212609375 0.1490350078125 0.34283780625000004 0.149258828125 0.35220900624999996 0.1535530390625 0.37786635468749996 0.15306052187500002 0.3796943265625 0.153525078125 0.381624378125 0.15863778281250002 0.385563809375 0.1582044609375 0.40351454374999995 0.1335986859375 0.4104816359375 0.1211838859375 0.4118627359375 0.10272726875 0.405623490625 0.079783853125 0.4072337140625 0.0746145421875 0.405444296875 0.074478559375 0.4036684734375 0.070680140625 0.40182912656249997 0.0625621421875 0.400039709375 0.06242615781250001 0.39703923125 0.0670827640625 0.39313835468749997 0.0678446578125 0.384669765625 0.056129284375 0.37628966406250003 0.052724496875000006 0.37044514687499996 0.052036118750000006 0.35723659375 0.05282338125 0.3272520296875 0.06177938125 0.3223328734375 0.068976725 0.3191509828125 0.07964391562499999 0.3202963109375 0.08184762343749999 0.306185146875 0.09005605156249999 0.305629546875 0.100434359375 0.301046025 0.10293540625 0.30346593906249997 0.1046661015625 0.308795628125 0.1047454828125 0.3116918140625 0.10675660312499999 0.31753633125 0.1074449796875 0.31811468125000003 0.11237355468750002 0.3162731171875 0.11557143437499999 0.30263822500000004 0.1240602875 0.29751490937499997 0.1219613296875 0.2912190859375 0.12498353437500001 0.2893140015625 0.1238618328125 0.27840747499999996 0.13670995625 0.2713133359375 0.1404855984375 0.26052248125 0.1543194359375 0.262747396875 0.16572314999999999 0.2673808484375 0.1712041171875 0.296138540625 0.18201902187500002 0.303901734375 0.1801666625
0 0.16250457499999998 0.0746834390625 0.1434379109375 0.0784447609375 0.13915146875 0.0759209390625 0.133461178125 0.07654684843750001 0.128002228125 0.07914418749999999 0.1231102515625 0.0790166578125 0.12090808906249999 0.0829198296875 0.11596396718749999 0.0861261671875 0.1145601171875 0.08927589687500001 0.1065384046875 0.0964816984375 0.10460613593750001 0.10268486875 0.10708957187499998 0.1087351421875 0.1190984359375 0.1203939140625 0.1341077796875 0.12739607656250002 0.14192090468750002 0.13352573125 0.14907856875 0.13406966874999998 0.1610646828125 0.1304215546875 0.18000208281250002 0.1293369546875 0.1837101734375 0.1269322015625 0.1902373375 0.125881428125 0.20084456875 0.12937405468750002 0.205260271875 0.12922115625 0.206342075 0.12710528593749998 0.20441202343749998 0.121992578125 0.2102701328125 0.11901852187499999 0.21137911874999998 0.1095777796875 0.21512576874999997 0.1075016 0.2195414703125 0.107348703125 0.22142158906249998 0.10447939531249999 0.27483415624999996 0.1062589171875 0.276560046875 0.10207532500000001 0.27958549375 0.101409725 0.2867817125 0.1022822328125 0.3021902125 0.1089076765625 0.3111372921875 0.10958759843749999 0.31363431875000003 0.11197543750000001 0.321383921875 0.1137855140625 0.32341826875 0.11223049375000001 0.3253890921875 0.1063558921875 0.3203428890625 0.104914078125 0.2821637703125 0.0175901203125 0.27639018125 0.0115689359375 0.1493725296875 0.025540373437500003 0.147322684375 0.0284283515625 0.146098028125 0.0368833765625 0.1480666375 0.042324654687500005 0.1557640921875 0.047468593749999996 0.17193013906250001 0.0643279078125 0.1753661171875 0.0709390328125 0.16751221875 0.0757966828125 0.16250457499999998 0.0746834390625
0 0.381566128125 0 0.3024029375 0.0087076359375 0.307732628125 0.0087870171875 0.3242479 0.017287598437500003 0.33090210937500003 0.024875981250000002 0.3330635 0.0319601171875 0.3372728296875 0.033826796874999995 0.34035042187500003 0.029827334374999997 0.34980095312500004 0.023462809374999997 0.3538946125 0.024343775 0.36217263437499997 0.0231004125 0.3672324265625 0.020879790625 0.3767714453125 0.0228258515625 0.3800917546875 0.0284512609375 0.3913680390625 0.0338671703125 0.4009228046875 0.0422457671875 0.4067629515625 0.04415505 0.41595496093750006 0.0431439671875 0.44407299375 0.0333948375 0.45000821562500004 0.0310779234375 0.458828246875 0.0231186859375 0.4679045859375 0.0211218875 0.474343259375 0.0117605265625 0.47710226406249995 0 0.381566128125 0
0 0.14784426875 0.2595683515625 0.1655456375 0.259285334375 0.1760372 0.2617922453125 0.1839160625 0.2609256015625 0.1947954078125 0.2554023515625 0.2003450625 0.24979972031250003 0.21149430468750002 0.24657647031250002 0.21416136406250003 0.235300284375 0.22202885156250002 0.226780196875 0.2181030109375 0.22355108437500001 0.21783311562500002 0.22125108125 0.2187992484375 0.21814949687500002 0.2232285421875 0.2143341640625 0.23119810937500002 0.210462228125 0.24562910468750002 0.21253581718749998 0.2521426765625 0.215147478125 0.257241025 0.213255428125 0.25904403125000003 0.20972897656249997 0.2502126265625 0.2100347703125 0.24413676718750002 0.2073749625 0.24894690000000003 0.1652442734375 0.25565547187500004 0.1581829140625 0.2611529796875 0.1559141453125 0.2627632015625 0.15074483593750002 0.2669090078125 0.1482919375 0.2705535765625 0.14156760625 0.2781625453125 0.1384009609375 0.2810087984375 0.1324300671875 0.284755446875 0.1303538859375 0.287331803125 0.1220829921875 0.2825599296875 0.1003094234375 0.2810925578125 0.099139578125 0.272583196875 0.098411509375 0.26831034531250003 0.09222525312499999 0.259993765625 0.09314004218750001 0.25045474687499997 0.09119398281249999 0.2408499890625 0.09624421875 0.227165165625 0.0967510578125 0.21449640625000002 0.1021383234375 0.21349171562499997 0.1049113375 0.21646501406250002 0.10757960156249999 0.21441707812500002 0.1127970578125 0.21106958593749997 0.11449652187499999 0.2096657375 0.11764625312500002 0.2123419578125 0.125339384375 0.2216474203125 0.13662989375 0.21788718125 0.142368509375 0.22016424375 0.150438359375 0.169650375 0.2035869109375 0.154305396875 0.20128104531250002 0.1458981125 0.205201128125 0.132778046875 0.2142989765625 0.1259016578125 0.2237084828125 0.1238650953125 0.23657938125000003 0.124443446875 0.24150795781249998 0.1283171421875 0.248070934375 0.133556125 0.2511556078125 0.13866585 0.2569170015625 0.14784426875 0.2595683515625
0 0.1512669515625 0.3340747421875 0.164461915625 0.33694991406249997 0.174452240625 0.33518539375 0.176756484375 0.335930375 0.18320431718750002 0.345538334375 0.20123910625 0.351874896875 0.2025386609375 0.3553928921875 0.19953818125 0.3600494984375 0.2007991765625 0.3632389203125 0.2116377484375 0.3687029765625 0.2234560453125 0.3674030109375 0.2376806625 0.3714961765625 0.250696434375 0.36906605625 0.2572485640625 0.3720062875 0.2627324796875 0.3733999546875 0.26798505625 0.3728221921875 0.2703664125 0.37422431718750004 0.27147318125000003 0.37609945312500004 0.268626928125 0.382070346875 0.2657557109375 0.3840502328125 0.25998830625 0.384019 0.25616454375000003 0.3854380375 0.2487483609375 0.3902475390625 0.246906796875 0.3934454203125 0.24888899687500002 0.39522426093749996 0.24974862031249997 0.41010628125000004 0.254227846875 0.4142729640625 0.259274046875 0.415714778125 0.258784184375 0.4190967875 0.25208920468749996 0.42249571250000006 0.25083958125 0.42695973125000003 0.25305090625000004 0.44202588125000003 0.262163584375 0.45167353125 0.27305430468749997 0.45380372343750003 0.28112595156250003 0.45457993906249994 0.2986345390625 0.4526540625 0.306334209375 0.44648212656249997 0.317086509375 0.43231971874999997 0.31693449687499997 0.419689553125 0.31186333125 0.41425673124999995 0.30977905156249996 0.407829740625 0.3066900828125 0.40417576093749996 0.3091757359375 0.39891015625000004 0.30425879375 0.394791621875 0.30174817656249997 0.3960662171875 0.2989291046875 0.394712240625 0.3016868703125 0.38043076249999996 0.3265209359375 0.37670067500000004 0.3376202453125 0.3654954140625 0.3422808796875 0.363651509375 0.34724996875 0.36443618125 0.3586055828125 0.35919335625 0.3644115453125 0.3595531609375 0.367797590625 0.3581822703125 0.37219970468749997 0.36169181093749997 0.376808190625 0.3631817703125 0.38516332656249996 0.3625955515625 0.38632224531250003 0.361136825 0.36714434375 0.34128067500000003 0.369321540625 0.3333864984375 0.36831906718749996 0.32484363437499997 0.364173259375 0.327296534375 0.3608779171875 0.32566213125 0.35778895 0.322008153125 0.359399171875 0.3168388421875 0.355396215625 0.312952584375 0.3467190359375 0.3145726671875 0.3431537953125 0.31063826250000004 0.3453559609375 0.30673509375 0.3442106328125 0.3045313859375 0.34341231875 0.305284821875 0.252605653125 0.28332316875 0.2482806546875 0.280470771875 0.2465547609375 0.28465436718750003 0.2426153296875 0.2850876890625 0.236206053125 0.2758083 0.22628146718750003 0.2705765234375 0.2044342890625 0.273312440625 0.20112535625 0.2753404734375 0.19932235 0.278866925 0.1984582953125 0.2866166609375 0.1951108046875 0.288316121875 0.18486417500000002 0.28411820625 0.17376708125 0.2840075921875 0.1539928078125 0.28551705781250003 0.13953463125 0.290768340625 0.1279590515625 0.3016931765625 0.1257047390625 0.3089302109375 0.1263330234375 0.32184080000000004 0.1321118015625 0.32952547499999996 0.1400927453125 0.333306984375 0.1512669515625 0.3340747421875
0 0.45525706093749996 0.4460762171875 0.46339223125 0.45117201093750003 0.47007362343750003 0.45143552187499997 0.472017265625 0.45288579375 0.4802952875 0.45164243125 0.48778858437499995 0.4474900703125 0.505027275 0.44326419375 0.515212596875 0.431826653125 0.5210571140625 0.43251503125 0.5314080390625 0.43004521875 0.568699465625 0.3171135359375 0.57820214375 0.307415146875 0.5832891171875 0.29786965625 0.5830214375 0.2842537765625 0.5811685 0.2797982125 0.5633400828124999 0.271442071875 0.5585909609375 0.2649753890625 0.5572664406250001 0.2574663875 0.5548465265625 0.255735690625 0.482378675 0.26537093125 0.4783099828125 0.2684809734375 0.478180721875 0.27115769218749997 0.48254427812499995 0.274338659375 0.48446073749999996 0.2831138015625 0.4757427859375 0.2957211875 0.4745952421875 0.30483335624999996 0.47091211718750003 0.3112291171875 0.4724543859375 0.32437198437500003 0.46743315 0.3269211765625 0.460881021875 0.32398094375 0.447942365625 0.3270682109375 0.44598513124999994 0.32928037187500003 0.4405783296875 0.3285438484375 0.4378998921875 0.33216659375 0.4284493625 0.33853111875 0.426839140625 0.34370042968750003 0.4238522515625 0.3446946 0.4210717375 0.34366919375 0.41987426250000004 0.34479935 0.42153441718750007 0.3476120546875 0.420491171875 0.350056496875 0.41782632499999994 0.35001680625 0.412945725 0.35754272187499997 0.410047325 0.3668474796875 0.42137575937499994 0.36892952343749996 0.429111771875 0.3744020359375 0.4342486765625 0.3728385578125 0.43754402031249995 0.37447295937499997 0.439256321875 0.37395180156249996 0.44219106406249997 0.37629149375000004 0.452129240625 0.377860834375 0.45319745312500004 0.3794074 0.45881062968749997 0.378124346875 0.463689015625 0.3819143109375 0.46422880937500005 0.3865143140625 0.4597609578125 0.3900010734375 0.45167571874999995 0.3928872953125 0.43958309531250006 0.4145190140625 0.4335186109375 0.41951265 0.43223043437499997 0.42364809687499994 0.4336842140625 0.42848037968749997 0.43986215 0.4357883375 0.4481651390625 0.43853598125 0.45525706093749996 0.4460762171875
0 0.3682314671875 0.5092315421875 0.3779383046875 0.5088294531249999 0.3807324109375 0.5061924234374999 0.379793459375 0.5019691390625 0.3860393484375 0.49096491875000003 0.3956055515625 0.48558610937499996 0.40204422500000003 0.47622475 0.4190379828125 0.47368987812499996 0.4231837890625 0.47123697968749995 0.42763804843750003 0.4714126546875 0.4277287546875 0.4684073625 0.430561415625 0.4660989046875 0.43049789218749995 0.4617793234375 0.42811653749999995 0.4603772015625 0.43512218750000003 0.4482909734375 0.4351743359375 0.44495710937500005 0.43836759843750006 0.4419433625 0.43754431718750003 0.438705790625 0.432035434375 0.433321115625 0.4307630640625 0.42247825 0.438734846875 0.40729043750000005 0.4447607734375 0.40196823125 0.4440417859375 0.392062934375 0.4475185375 0.3876867515625 0.4421774734375 0.379953928125 0.44018168125 0.381837521875 0.435169628125 0.38194485624999996 0.41608462656249995 0.36917871406249997 0.3963624984375 0.3673543171875 0.38992604062499997 0.36539979843750003 0.3874154234375 0.3666743953125 0.3814937921875 0.365328875 0.37134924062499997 0.365779109375 0.3684916109375 0.3640965625 0.36665005 0.367294440625 0.361705928125 0.3705007765625 0.3438231484375 0.376794378125 0.33795145 0.38343086875 0.33522086562500003 0.39038747812499996 0.335567875 0.3933446234375 0.339416603125 0.39591659375 0.3381669828125 0.4003806140625 0.3308279125 0.4058472609375 0.3267342546875 0.40496629687499996 0.32422363593750003 0.40624089375 0.327480421875 0.407546721875 0.32956470000000004 0.41397371562499996 0.324375646875 0.41887105625 0.32015051250000004 0.43198269062500005 0.32387913749999997 0.4562007 0.32224395 0.45737900312499996 0.32898886250000003 0.46196209218749995 0.33456348281250003 0.4603504671875 0.3391583796875 0.465502865625 0.340673465625 0.4859706046875 0.34515047656250003 0.5014531625 0.350582246875 0.5061806953125 0.360842465625 0.5067161734375001 0.3682314671875 0.5092315421875
0 0.45468181718749995 0.6225302578125 0.46561109375000004 0.6249890203125 0.4838295078125 0.6139991234375 0.4996393828125 0.6089319718749999 0.50570165 0.6152542140625 0.5123694515625 0.6191801625 0.5140681625 0.6223214375 0.51427231875 0.6316177390625 0.5185066140625 0.637475425 0.52370704375 0.640231528125 0.5253422328124999 0.639053225 0.5242240875 0.6295246453125001 0.5269025234375 0.6259019015625 0.5273152718749999 0.621862746875 0.5361217140625001 0.617565946875 0.537693378125 0.6120680640625 0.544093496875 0.6023781328125 0.5539295937500001 0.5992993234374999 0.5584224109375 0.5998035703125 0.56663469375 0.60555650625 0.5748605687499999 0.6076470078125 0.576482165625 0.6101311421875 0.58387116875 0.6126465078125001 0.5935893812499999 0.6198978625 0.5976059265625 0.620121684375 0.6005542578124999 0.6187989421875 0.616414065625 0.621713803125 0.6238416234375 0.6245577421874999 0.63358701875 0.6244842265625 0.6696882109375 0.607200728125 0.6756891703125001 0.5978875140625 0.6772608359375 0.5923896328125 0.6757207828125 0.5679308890625 0.6723755078125 0.5583144734375 0.6609835515625 0.5519128484375 0.6442483140624999 0.549094278125 0.6354169078125 0.5494000734375 0.6290575625 0.5481027 0.6062192859375 0.5499491937500001 0.5990480328125 0.5530676921875 0.595802621875 0.559415303125 0.587472453125 0.56399253125 0.5633074421875001 0.5696459 0.56153161875 0.5658474796874999 0.5568460156249999 0.5637003765624999 0.551260021875 0.557658559375 0.5438324625 0.5548146203125001 0.5394553156249999 0.5552960875 0.5280225875 0.5598817703125001 0.5214296859374999 0.5679288453125 0.5211190140624999 0.5766161484375 0.5234731906250001 0.5853431437500001 0.5218629671875 0.590512453125 0.5095684 0.5915319953125 0.5037760296875 0.587509753125 0.5006349140624999 0.5871896375000001 0.49525529375 0.5791282421874999 0.48767350781249996 0.5749700171875001 0.4840697109375 0.570707040625 0.4769641953125 0.5668292421875 0.469677275 0.568962025 0.464309028125 0.5685540734375001 0.459199303125 0.5627926796875 0.45703569687499995 0.5670244203125 0.454486521875 0.5679704453125 0.44211484062500006 0.5683328421875 0.433476215625 0.5702814953125 0.42640704375 0.57804814375 0.42186208125 0.5808777625 0.4149085765625 0.5896301265624999 0.412976309375 0.595833296875 0.41485421406249995 0.6042798671875 0.40998720468750005 0.6081433453125 0.40353715625 0.6098512640625 0.3968307984375 0.6055967453125 0.396932878125 0.6102448953125 0.4006137890625 0.6151650140625 0.42122271875 0.6245465609374999 0.45468181718749995 0.6225302578125
0 0.1907898015625 0.6595448359375 0.19787035 0.6594316296875 0.20990861249999998 0.6524496515625 0.219860378125 0.650356559375 0.22404474218749998 0.64823223125 0.23769322656249997 0.63608094375 0.24107927187499997 0.634710053125 0.244079753125 0.630053446875 0.2792647453125 0.62385355 0.2842973546875 0.628957796875 0.2894206703125 0.63105675625 0.3073284140625 0.6287541625 0.305745375 0.6265986015625 0.30196016875 0.6283462109375 0.299308915625 0.6246440843750001 0.2956551859375 0.6123990953125 0.2901797390625 0.6123357484375 0.2906996890625 0.6079519890625 0.30039515156249996 0.5998964578125 0.29985535625000004 0.5952964546875 0.296959171875 0.5932853328125 0.29008721406250004 0.580063084375 0.2749871640625 0.5760662140624999 0.2560633546875 0.5734883796875 0.25276801249999997 0.5718539765624999 0.2581248828125 0.5646084874999999 0.27525011875 0.5480810171875 0.281339565625 0.5470783906250001 0.2881366265625 0.5483276171875 0.2906086875 0.5467244484375 0.288240921875 0.541659890625 0.28255063125 0.5422857999999999 0.27619128437499996 0.540988425 0.26965274687499996 0.5343857578125 0.267761253125 0.5296016234375001 0.2690516453125 0.5141502984375 0.26619401875 0.51246775 0.258843571875 0.5102809546875 0.257169828125 0.5111306843750001 0.262356665625 0.5175492203125 0.2611456015625 0.5223418125 0.26230230312499997 0.5321989625 0.2658153953125 0.5394672296875 0.2511644359375 0.5430756546875 0.24914368125 0.5409682390625 0.2461567921875 0.5419624109375001 0.24012865 0.5586004953125 0.24075914687500002 0.56019520625 0.24624306406250002 0.5615888734375 0.246113803125 0.5642655953125 0.23522086875 0.57345128125 0.212071921875 0.5839850796875 0.1864395390625 0.588468603125 0.1790097671875 0.5969405421875 0.16254221093750001 0.6077378515625 0.1542847234375 0.635603978125 0.156600340625 0.6440024 0.16694905 0.6528484671875 0.1748914390625 0.656301403125 0.1907898015625 0.6595448359375
0 0.2591108203125 0.9206096968749999 0.2669896828125 0.9197430531249999 0.273761778125 0.9170012734374999 0.2881178734375 0.907101840625 0.29107979687499996 0.9021166624999999 0.29031087968749997 0.8842293515625 0.30881056562500003 0.8831928984375 0.318483275 0.8598304828125001 0.3246498375 0.8594849984374999 0.3302380484375 0.8542109375000001 0.3336240953125 0.8528400484375 0.33899455624999997 0.8419321249999999 0.3402963265625 0.834134240625 0.33874046875 0.8246538093750001 0.3360892125 0.8209516828125001 0.3304896265625 0.8185723015624999 0.3284303140625 0.8161363125 0.33633636093749997 0.8079447999999999 0.33404570625 0.8035373828125 0.32598764999999996 0.799098734375 0.314260059375 0.79739340625 0.29623664375000003 0.798710284375 0.2874188265625 0.7953536437500001 0.2842527453125 0.791042521875 0.284601971875 0.7826837890625 0.280227040625 0.77184938125 0.27225968906250003 0.7644054390624999 0.26673721562499997 0.7626831984375 0.2614460828125 0.762932390625 0.25427483125 0.7660508874999999 0.25032180625 0.770146646875 0.249033628125 0.77428209375 0.25385765 0.7927217984375 0.262314865625 0.79678373125 0.2632402265625 0.8046694499999999 0.25960924687500003 0.8077313437500001 0.259788440625 0.8130366406249999 0.25582182656249997 0.82079483125 0.25686285781249996 0.8296662671874999 0.253823821875 0.833994303125 0.24724450937500003 0.8383789390624999 0.23641509843750003 0.8518842046874999 0.22346285 0.8586339046875 0.22129924375 0.862865646875 0.216071634375 0.8674344156249999 0.220557803125 0.9018862953125 0.22942555156250002 0.9132249515625 0.23855182031250002 0.9192101656249999 0.2591108203125 0.9206096968749999
0 0.3481277703125 0.8782025359375 0.3778787796875 0.8785909843749999 0.38023516874999996 0.8760021 0.39115306875 0.8708074218749999 0.40057863437499996 0.8604518890625 0.40958007500000004 0.84648206875 0.41958399062499996 0.8410551140625 0.41952046718749997 0.8367355328125001 0.41455359375 0.8246349859375 0.42059311250000003 0.81565034375 0.421005859375 0.8116111890625 0.4197834203125 0.8087503390625 0.41509781874999996 0.8066032328125001 0.41570335312499995 0.8042069375 0.42239833281249994 0.8008080140624999 0.42799791875000004 0.8031873968750001 0.43376532343749996 0.80321863125 0.43713778124999997 0.805510175 0.44147636874999996 0.8047001359375001 0.4432929671875 0.79751125 0.44624129999999995 0.79618850625 0.446009959375 0.7942170749999999 0.4388658875 0.7900107046875 0.4368201671875 0.7839122828125 0.43786341406249996 0.781467840625 0.44252405 0.7796239375 0.43782485624999995 0.78113926875 0.435881215625 0.7796889984375001 0.42927693749999996 0.780082628125 0.41567144218749996 0.7699307328125 0.410405275 0.7741709296875 0.40943692656249997 0.7885883953125 0.402510603125 0.7900158875 0.40180299374999995 0.7877640312499999 0.3965118609375 0.7880132234375 0.393280040625 0.7906983999999999 0.36799466718749996 0.7981390703125 0.35714029062499997 0.8076533265625001 0.34323549999999997 0.8138421765625001 0.33620488437499996 0.8219373984375 0.3357150203125 0.8253194078125 0.3384819453125 0.8300072484375001 0.3379784921875 0.83705169375 0.33495083124999997 0.8490331718749999 0.3287956421875 0.8570321 0.32937399375 0.8619606750000001 0.3386409 0.8729226125 0.343519284375 0.876712575 0.3481277703125 0.8782025359375
0 0.3640552359375 0.7985723921875 0.368509496875 0.798748065625 0.3849113140625 0.794947053125 0.3996915328125 0.7886619109375 0.405756015625 0.7836682749999999 0.40740479531249996 0.7788275375 0.41515661562500006 0.7693217359375 0.4147211140625 0.7580540046875 0.41935678281250005 0.752219096875 0.410337025 0.7282502765625 0.4087562 0.7147788375 0.4096202546875 0.7070291015625 0.41146181562499995 0.703831221875 0.4167529484375 0.7035820312500001 0.4201525859375 0.69854870625 0.42565009531250003 0.6962799390625001 0.42335944062499997 0.6918725218749999 0.42655270625 0.6888587734375 0.42354085 0.6858619375 0.41619040625 0.6836751421875 0.414015421875 0.6802534421875001 0.408801403125 0.6811597765624999 0.41101494218749995 0.6849100484374999 0.40851569843749996 0.6938380859375 0.396436665625 0.7118073703125 0.39033362656250004 0.716472434375 0.37427881875 0.723230590625 0.37390462812499997 0.727598315625 0.370582103125 0.733288784375 0.36295954531249996 0.740117865625 0.3541916609375 0.7447432390625 0.3499165921875 0.7498728578125 0.342228296875 0.7636982390625 0.3431015109375 0.774917821875 0.3542077640625 0.79399775625 0.3599615765625 0.797691425 0.3640552359375 0.7985723921875
0 0.19028 0.764769746875 0.21601445937500002 0.764934371875 0.22031449531249997 0.763795759375 0.2388935078125 0.7521005734374999 0.24461098125 0.7441497921875 0.25122885 0.740093725 0.2555175078125 0.7313016718750001 0.26095149218749997 0.724713325 0.2642989828125 0.7230138625 0.267233725 0.7253535546875 0.26967860312499997 0.73107525625 0.2757159046875 0.73340649375 0.2801701640625 0.73358216875 0.2870715203125 0.7281636671875 0.3008969828125 0.7326335515625 0.3183284546875 0.730050534375 0.32889712968749996 0.7332145890625 0.3361568703125 0.738406675 0.3522887890625 0.7323056609374999 0.35428458125 0.73042206875 0.3588317609375 0.7162765734375001 0.3572894921875 0.7031337062499999 0.3535314671875 0.6975564453125 0.3452670375 0.695137371875 0.339320440625 0.68980084375 0.3385742703125 0.6872204171875 0.3339136390625 0.6890643203125 0.3253271625 0.6876791078125 0.31008426093749997 0.6900213921875 0.2973270140625 0.6870980734375001 0.28928033124999997 0.6903128656249999 0.286590521875 0.6862821671875 0.28831641406249997 0.682098575 0.2877766203125 0.6774985703125 0.28462412812500004 0.6695250125000001 0.28062117343750004 0.665638753125 0.2731165015625 0.6621376734375 0.26384737812500003 0.6624916140625 0.2592638578125 0.664992659375 0.2559027765625 0.6703545562500001 0.256492503125 0.6829365734375 0.259014496875 0.6893154218750001 0.2669568828125 0.69276835625 0.27129547187499997 0.691958315625 0.27331622968749997 0.6940657296875 0.2766750953125 0.700019709375 0.27359750156249996 0.704019175 0.25788970624999996 0.7137344765625 0.24304596250000002 0.715700040625 0.2226547828125 0.7119523609375 0.210230953125 0.7156486203125 0.2069605765625 0.718005225 0.1948973484375 0.720996196875 0.192026128125 0.722976084375 0.186784928125 0.7312072875 0.1828069390625 0.7313120375 0.17092290625 0.739608303125 0.1708821328125 0.750595609375 0.172696515625 0.7547226 0.18146218281249998 0.7614131046875 0.19028 0.764769746875
0 0.518647546875 0.706684978125 0.5282908625 0.7019633125 0.5326951890625 0.694156971875 0.533996959375 0.686359090625 0.5390181953125001 0.6838098984375 0.54128388125 0.68422630625 0.54433429375 0.6875517140625 0.544937609375 0.6964712953125 0.5473053765625 0.7015358546875 0.5550549796875 0.70334593125 0.565006746875 0.7012528390625 0.5713910578125 0.7065412203125 0.5798596484375 0.7182565921874999 0.581558359375 0.7213978703125 0.583189115625 0.742851321875 0.5918391140625 0.7485561140625 0.5945924484375 0.7569063875 0.5953635828125 0.7634778234375 0.5904965734375 0.7673413015625 0.595311434375 0.7668116859375 0.5964703515625 0.765352959375 0.6002034093749999 0.7669392125 0.6028161062499999 0.77031276875 0.61068138125 0.773108559375 0.6161517062499999 0.7781646624999999 0.639749740625 0.775236159375 0.6473451171875 0.7757319500000001 0.6499578140625 0.779105503125 0.6517222640625 0.77525048125 0.655983740625 0.773783296875 0.6553146859375001 0.7718600140625 0.65110535625 0.769993334375 0.652148603125 0.767548890625 0.657246953125 0.7656568421875 0.6661033265625 0.76934205625 0.6696300078124999 0.7729478859375 0.68911858125 0.7841167328124999 0.6939084765625 0.779596109375 0.697011034375 0.779587653125 0.6982220984375 0.7747950609375 0.694695415625 0.7711892296875 0.6974509640625 0.7682236296875 0.6939492484375 0.7686088046874999 0.690615346875 0.76664583125 0.6927403984375 0.7620855171875001 0.6970404328125 0.7609469062499999 0.6994104140624999 0.7546955875 0.6968362734375 0.751650603125 0.6971333515625 0.746625734375 0.69445713125 0.7389326015625 0.689578746875 0.7351426390625 0.6850088171875 0.7339812484375 0.6829495062500001 0.7315452640625 0.6764608984375 0.732924609375 0.674079540625 0.7315224859375 0.6724443531250001 0.7327007890624999 0.66735959375 0.730930403125 0.666690540625 0.7290071203124999 0.6600091484374999 0.728743609375 0.65564559375 0.7255626421875 0.6467007328125 0.7135668421875 0.62964345 0.711782134375 0.6254341203125 0.7099154546875 0.6163192265624999 0.7115836828125001 0.609445053125 0.7096773125 0.606394640625 0.7063519046875 0.5982844375 0.70524711875 0.5792335828125 0.6940301265625 0.5765823265625001 0.6903279999999999 0.571420453125 0.687900471875 0.568846315625 0.6848554890624999 0.572890040625 0.6777544390625 0.586665571875 0.6742423093750001 0.5936825953125 0.6698095234375 0.5983704140625 0.6606407515625 0.599118796875 0.6519053015625 0.60529895 0.6478973796874999 0.6012710296875 0.6400201156249999 0.601427471875 0.630018525 0.6032304765625 0.626492075 0.601776696875 0.6216597921875 0.5841160984375 0.610955503125 0.577357596875 0.6100348484375 0.5702520828125001 0.6061570484375001 0.55755835625 0.60755330625 0.5520259109375 0.6120444468749999 0.5463569671874999 0.6141104187499999 0.53685650625 0.61249293125 0.5157419062499999 0.6214717078125 0.5146079546875 0.6269214421875 0.5163452234375 0.6303912890625 0.50888161875 0.6801357328125001 0.5034612265625 0.68306164375 0.502764990625 0.68846323125 0.49116444374999996 0.6953970625 0.491305078125 0.700373784375 0.49629913437499995 0.7051494625 0.5019372765625 0.7078574171875001 0.518647546875 0.706684978125
0 0.45870679062499997 0.97420343125 0.476498865625 0.9709151234375 0.48638711093750003 0.9645024515625 0.4978198390625 0.95991676875 0.5030088921875 0.9550194281250001 0.50326963125 0.9383501109375001 0.5050726359375 0.9348236578125 0.5136477359375 0.928555428125 0.511035040625 0.9251818734375 0.50673500625 0.9263204859374999 0.503081278125 0.9140754953125001 0.5084245578125001 0.9104924406249999 0.51132074375 0.9125035625000001 0.51764153125 0.9134723640625 0.5229077 0.9092321671875 0.524272990625 0.9057538609375 0.51939460625 0.9019638984375 0.51761878125 0.8981654796875 0.5198595046875 0.8945908812500001 0.52320699375 0.8928914203125 0.5340205984375 0.8943644671875 0.5470363703125 0.8919343468750001 0.5524953203125 0.8893370062500001 0.5580563484375001 0.89138781875 0.5578885312499999 0.8937359671875 0.5632046296875 0.8974777828124999 0.57415665625 0.9152434312500001 0.578295815625 0.946738165625 0.5836754375 0.9547995609375001 0.58824536875 0.95596095 0.590858065625 0.9593345046874999 0.5932530125000001 0.9570741937499999 0.59675473125 0.95668901875 0.598736928125 0.9584678609375 0.618549759375 0.9572869671875001 0.6246256171875 0.959946775 0.629079878125 0.9601224500000001 0.6340761484375 0.9535822484375001 0.672520140625 0.937372303125 0.67996350625 0.925237928125 0.6824513734375001 0.9086564484374999 0.67744594375 0.8962273281250001 0.6673671328124999 0.8896812625000001 0.6587035421875 0.8876389078125 0.6463318609375001 0.88800130625 0.637255521875 0.88999810625 0.6332004203125 0.8894457125 0.62212829375 0.8933261031249999 0.60370571875 0.8950197 0.5877688 0.89144769375 0.5683959 0.8812645640625 0.56772684375 0.87934128125 0.5752201421875001 0.875188921875 0.5801892296875 0.8759735921875 0.589304125 0.8743053640625 0.597042353125 0.8684619984375 0.59585846875 0.8659297203125 0.5969402734375 0.8638138484375 0.5931301015625 0.86157045 0.594134790625 0.858797434375 0.5987704593750001 0.852962525 0.6040094453125 0.8560471984375001 0.6048077640625 0.8552937609375 0.6050662828125 0.849940321875 0.6035217984375 0.8481133328125001 0.6052476921875 0.8439297375000001 0.6070756640625 0.84439429375 0.6082731390625 0.8432641390625 0.60936853125 0.8374858328125001 0.602714325 0.8298974484375 0.600373740625 0.8175080171875001 0.574294484375 0.80307036875 0.5610473734375 0.8035290609375 0.557597803125 0.800580371875 0.5535427015625001 0.800027978125 0.5487142484375 0.8042200296875001 0.5421485296874999 0.8049422328125001 0.5457772921874999 0.8131962140625 0.5433052296875001 0.8147993828125 0.5440899546875 0.8177083796875 0.5334555421875 0.8215406265625 0.5330541703125 0.833233221875 0.47390167656250004 0.888330425 0.46773511562500003 0.888675909375 0.46500453124999996 0.8956325187499999 0.45442004999999996 0.907446778125 0.43783682500000004 0.9172583718749999 0.4314638890625 0.9196234343749999 0.426789665625 0.9251297718749999 0.4214078265625 0.92838425625 0.4196819359375 0.9325678500000001 0.41641155625000004 0.9349244546875 0.4151619359375 0.9393884734375 0.4169763171875 0.9435154640625001 0.41528898124999997 0.9480276312499999 0.42082282812500005 0.9574033125 0.42616389374999997 0.9651361375 0.44064482031249996 0.9751917390625 0.45870679062499997 0.97420343125
0 0.34333595625 0.9582718671875 0.3453567140625 0.96037928125 0.3488969859375 0.9603226781249999 0.3556690828125 0.9575808984374999 0.3720573078125 0.9574423218750001 0.3785459125 0.9560629765625 0.38352859375000004 0.9531852109375001 0.39035283593750003 0.94710956875 0.396251715625 0.9331482031249999 0.39433525468749997 0.9243730625 0.384886940625 0.919421709375 0.37247891875 0.90813965625 0.3647678734375 0.9066581515625 0.34407961249999997 0.907935340625 0.33450203749999996 0.905660709375 0.33159226249999996 0.907312021875 0.3267388453125 0.9075130671875 0.3148842078125 0.8971685828125 0.30622283281249996 0.8838103500000001 0.3013308578125 0.8836828234375 0.29821470781250004 0.887353715625 0.29628244062500003 0.8935568843749999 0.2922908609375 0.8973240734375001 0.28963739374999997 0.9049378234375001 0.283495796875 0.909274315625 0.282091946875 0.9124240484374999 0.2692939265625 0.920488034375 0.2556839984375 0.9329678937500001 0.23746558593749997 0.943957790625 0.23478715 0.9475805359375 0.1946694125 0.9646402125 0.18794946562499998 0.96404813125 0.1804833484375 0.9608756187499999 0.17094433125 0.958929559375 0.16639936718749998 0.9617591750000001 0.145452584375 0.9683898031249999 0.14153811875 0.9728141328125 0.1372380859375 0.973952746875 0.1339812984375 0.9726469156249999 0.1319083953125 0.9738733640625 0.12561035781250002 0.9882114484375 0.1261115953125 0.9924828781249999 0.1305522640625 0.9963209890625 0.13087001874999998 0.9977502140625001 0.26945179218750004 0.9946706187500001 0.306141584375 0.97001779375 0.312462375 0.9709865953125 0.3253239171875 0.9672421874999999 0.3291476796875 0.9658231515625 0.3359333640625 0.9594189359374999 0.34333595625 0.9582718671875
0 0.477156978125 0.5684720999999999 0.48574345625 0.5698573125 0.4986821109375 0.566770046875 0.507384259375 0.569140971875 0.612569471875 0.532277246875 0.631663315625 0.5211910546875 0.640406234375 0.5125746765625 0.6427898062499999 0.502660921875 0.6401407671875 0.48764291875000004 0.6371810609375 0.48131221875 0.63313955 0.4770973921875 0.6222238640625 0.47097619062499996 0.6054500703125 0.4678290515625 0.5863448515624999 0.4712618 0.5837049734375 0.475213115625 0.578207465625 0.47748188437500005 0.5632072828125 0.489449040625 0.5264913953125 0.4901595140625 0.5183947828125001 0.4853922921875 0.5093320359375 0.4837266578125 0.4978086015625 0.4913176328125 0.49331356875 0.5021292625 0.4552665203125 0.52927836875 0.450154578125 0.534832853125 0.4473968140625 0.5491143328125 0.448553515625 0.5589714828125001 0.4574734109375 0.566976275 0.4645018109375 0.57019693125 0.477156978125 0.5684720999999999
0 0.42806156562500003 0.5430303078125001 0.4521494640625 0.536719796875 0.45581899843749996 0.533986471875 0.45938645312500004 0.526604996875 0.45968353124999994 0.521580128125 0.4620399234375 0.5189912453125001 0.4709234765625 0.5153515875 0.474039628125 0.5116806953124999 0.4816871515625 0.508842621875 0.4827689546875 0.5067267515625 0.5367052109375 0.46385176250000004 0.5471967734375001 0.466358671875 0.55420020625 0.46558832031249997 0.563457953125 0.45758093750000006 0.5713889671875 0.45338043125 0.58112298125 0.44565347187500004 0.585128153125 0.4382238515625 0.5831481703125 0.42512913125 0.5793130328125 0.418894725 0.5594003390625 0.4041115921875 0.5526418343749999 0.4031909359375 0.5425743984375 0.4042983140625 0.5387891921875 0.406045921875 0.530962475 0.403578703125 0.5175769453125 0.38774479375 0.517474865625 0.38309664374999997 0.511476121875 0.38109397968750003 0.5012952281249999 0.3698997640625 0.49178117656250003 0.3719447109375 0.4679110296875 0.383889090625 0.46339103125000003 0.390709715625 0.4500396234375 0.397836134375 0.4431882015625 0.41123664687500006 0.43496011093750003 0.42046202343749994 0.4321138578125 0.42643291874999995 0.43446803437500003 0.43515991249999997 0.44058244843749994 0.43814829218750007 0.44587358125 0.4378991 0.44721168906250003 0.44174566718749997 0.45656930156250003 0.44970231250000003 0.4593362234375 0.45439015312500003 0.4527569140625 0.458774790625 0.4475043375 0.459352553125 0.43438648906250005 0.457134525 0.43314824218750003 0.46925198593750006 0.43014776093749996 0.47390859374999994 0.4200667328125 0.4786784078125 0.411273884375 0.479312771875 0.40714166875 0.47810323749999994 0.3996483703125 0.48225559531249995 0.394729215625 0.48945293906250004 0.386759646875 0.493324875 0.3804751984375 0.5040005203125 0.3835891328125 0.5116455078125 0.38423100625 0.5208936625 0.39452756875 0.5330735921875001 0.4191916015625 0.54300753125 0.42806156562500003 0.5430303078125001
0 0.2193558046875 0.4647005390625 0.22805795 0.467071465625 0.236619459375 0.46446566875000006 0.252363596875 0.4663948171875 0.257010640625 0.4682133515625 0.260061053125 0.4715387578125 0.2592105890625 0.475626059375 0.247095215625 0.48195089218750004 0.246721021875 0.48631861875000004 0.2542392859375 0.486157265625 0.2608549375 0.4934170765625 0.26318414687499997 0.49815306406250004 0.264186621875 0.506695928125 0.2627827734375 0.5098456609375 0.26570392656249997 0.5158477875 0.269668321875 0.5194054734375 0.27846117187499997 0.51877110625 0.2893768578125 0.5248923078125001 0.30553374375 0.5227823 0.3234550796875 0.5168172703125 0.334631503125 0.5062691515625 0.3388702296875 0.489495084375 0.3386660703125 0.4801987828125 0.3366974625 0.4747575046875 0.3212254375 0.4638124796875 0.3044130875 0.46033676718749994 0.3000880890625 0.45748437500000005 0.308946675 0.44985370781249995 0.3177802984375 0.4382320375 0.31811815 0.4222198625 0.311425384375 0.41430290625 0.310243715625 0.40045475 0.3085835625 0.39764204531249997 0.303176759375 0.396905521875 0.2998043015625 0.394613975 0.2956199390625 0.39673830312499997 0.2898139796875 0.39637849687500004 0.2843436546875 0.39132239375 0.28265853281250003 0.38451868437500003 0.2851963328125 0.375919215625 0.28220944375 0.37691338750000003 0.2750132234375 0.3760408796875 0.26881948125 0.38371123281249997 0.257232525 0.38698262968749997 0.24858031249999998 0.39259371875000004 0.2430170671875 0.401858784375 0.244520778125 0.414673078125 0.24638730625 0.4154662078125 0.242472840625 0.4198905359375 0.22836389218750003 0.4167830875 0.22320202031249997 0.41435555625 0.21016128437499998 0.41279467031249995 0.19560102968749998 0.41339780312499996 0.1883912203125 0.41618772968749995 0.1802402421875 0.42607024843749997 0.1771105015625 0.4334035765625 0.1762850046875 0.4414818828125 0.17829216875 0.44725173281249997 0.19395697812499998 0.459839615625 0.21060151093749999 0.4656634765625 0.2193558046875 0.4647005390625