0 0.4218396796875 0.0891098171875 0.4236592578125 0.0981898453125 0.43526581249999996 0.110007425 0.4370619140625 0.11406589687499999 0.4313001140625 0.1170285234375 0.41753804531250005 0.1193034484375 0.41401471718750005 0.1259163921875 0.4091486203125 0.1304060953125 0.4047123734375 0.131809484375 0.3994211203125 0.14038981718750002 0.40254903437499995 0.14422813750000002 0.40079832499999996 0.1498780015625 0.4030367984375 0.15352832031250002 0.404876725 0.1669603640625 0.406199146875 0.1647315875 0.426184171875 0.16310312656249998 0.442633346875 0.165409446875 0.455951478125 0.16320790624999998 0.46526164999999997 0.15898866250000002 0.46791431875 0.1562049609375 0.4856687 0.1526000328125 0.4918650453125 0.14755540312499998 0.49450832031249997 0.14276308124999998 0.49579630625000004 0.13316935937500002 0.48908715156250004 0.1235574796875 0.48153081875000003 0.1227964 0.475761196875 0.12408517031249999 0.47439025 0.11593606875 0.48547147500000004 0.11041897656249999 0.49789390468750006 0.10669035468750002 0.5027850484374999 0.10755697187499999 0.5063553328125 0.11098713906249999 0.514785453125 0.1085885171875 0.5192373515625001 0.1105328328125 0.5236736 0.10912944375 0.5405714078125 0.112366690625 0.5489921390625 0.10795945 0.5529280984375 0.0945777140625 0.5573486937500001 0.08982662500000001 0.5671106265625 0.08720785 0.5804381515625 0.087014928125 0.592411946875 0.082355378125 0.6087656421875 0.06424071249999999 0.6162515390625 0.04993713125 0.6184320953125 0.04120095 0.6183867046875 0.0314926125 0.6134360812499999 0.0179047234375 0.6085339828125 0.0146947109375 0.5965273171875001 0.0123240859375 0.58717331875 0.007169759374999999 0.5689796968749999 0.011852384375 0.5570105953125 0.0175162453125 0.5494965234375 0.0257939609375 0.543292353125 0.0291647390625 0.4368850390625 0.07623685625 0.43245975000000003 0.07998363593749999 0.4258100765625 0.0830930296875 0.4218396796875 0.0891098171875
0 0.30977640625 0.0667607921875 0.31555385937499997 0.0671458734375 0.3155773375 0.072167428125 0.31337173749999997 0.075547284375 0.29875466093749997 0.08499915625 0.293858825 0.083128225 0.2872107140625 0.0865723890625 0.285428703125 0.08552684687499999 0.2730532296875 0.09929857812500001 0.26552037500000003 0.103559053125 0.25314960000000003 0.1183350921875 0.254092259375 0.12990528437499999 0.25811587343750003 0.1352706875 0.28570575468750004 0.144781184375 0.2936919390625 0.14245595 0.30302245625 0.142588721875 0.3083418828125 0.140034253125 0.3145570109375 0.1390068671875 0.32566328125 0.1388461 0.327426509375 0.1358743984375 0.324742534375 0.13196269375 0.3246987078125 0.122589128125 0.3282016859375 0.1116241703125 0.33218616875 0.10862031406249999 0.336184740625 0.1086293921875 0.3450885390625 0.11251802343749999 0.370847884375 0.1106051015625 0.3726267671875 0.1109811046875 0.37398362343749997 0.1161172734375 0.3779790625 0.1154568109375 0.3987377 0.08924335 0.40711773124999995 0.07613208125000001 0.4105831453125 0.057132635937499995 0.4069205078125 0.0339510265625 0.40911671875 0.0285625453125 0.40733940312500005 0.028521315624999998 0.40598880625 0.0247242265625 0.4050618 0.0165017390625 0.40328448124999994 0.0164605078125 0.39975333125 0.021399599999999998 0.39575945468749996 0.02239483125 0.3885969734375 0.010847715625 0.38058574218749996 0.007816628124999999 0.3748082921875 0.0074315484375 0.361487028125 0.00896355 0.33043799687500003 0.019791575 0.3246981109375 0.027440984374999998 0.32030725625 0.038552709375 0.32120608906250003 0.04074933125 0.30614351093750003 0.0499398171875 0.3044162828125 0.060611234375 0.299542359375 0.0634270890625 0.3017714421875 0.0650687859375 0.3071018234375 0.0648577125 0.30977640625 0.0667607921875
0 0.129542884375 0.0976674359375 0.13667875937500001 0.10352345624999999 0.143788025 0.10368838124999999 0.156207325 0.099290215625 0.17530134375 0.0971389828125 0.1792873921875 0.0944698984375 0.18594489375 0.093034359375 0.1961773734375 0.09603329375 0.20061831562500002 0.09563421562499999 0.20194073750000002 0.093405440625 0.2005838796875 0.08826927031250001 0.206788053125 0.0848984921875 0.208963915625 0.075158 0.21295152968750003 0.0728236875 0.217392471875 0.072424609375 0.2195996359375 0.06937952343750001 0.272908165625 0.0682730734375 0.2751090703125 0.06388890625 0.27821507031250003 0.0630404421875 0.2853259 0.0635401390625 0.300014978125 0.0694876984375 0.3089015609375 0.06969385624999999 0.3111337703125 0.0720050953125 0.3186932359375 0.0734357171875 0.3209066625 0.0717297125 0.32354367812499996 0.065598309375 0.3186509734375 0.06439691875 0.30361791718750003 0.018110393750000002 0.10340885625 0.072394971875 0.102775140625 0.073949815625 0.1045806296875 0.08001691093749999 0.11529618281250001 0.09131171875 0.129542884375 0.0976674359375
0 0.208150665625 0.09126561250000001 0.21619945937499999 0.1023311875 0.21178512500000002 0.10842136093750002 0.213156071875 0.1165704640625 0.156555871875 0.1738358578125 0.1414432046875 0.17231369531250001 0.13257854062500002 0.1767943203125 0.11840853124999999 0.18684235 0.11045834843749999 0.1968673015625 0.106966328125 0.21017565 0.1069898046875 0.2151972046875 0.1101302421875 0.2217136875 0.11503077343749998 0.22458892656249999 0.119499890625 0.23021571718749997 0.1283958640625 0.23243049531249999 0.1461612 0.23116895624999997 0.1563889859375 0.23316358125 0.164379865625 0.23184265625 0.17590189843749998 0.22558263906249998 0.1820935453125 0.2195337 0.1936265375 0.21561707343749997 0.1975703234375 0.20390919218749998 0.206413075 0.1947417828125 0.20284435781250001 0.1916463859375 0.2028334 0.1893029953125 0.2041511265625 0.1860699078125 0.20901878906250002 0.181914971875 0.21743951875 0.17750773125 0.23166274531250003 0.1788418921875 0.237893525 0.181162209375 0.243214515625 0.17894251249999998 0.245418553125 0.1752278859375 0.2365366671875 0.176026040625 0.23074982500000002 0.1736323375 0.240320796875 0.13017158906249998 0.2478379984375 0.1225634140625 0.2536013625 0.11993556093749999 0.25579757187499996 0.11454708437500001 0.26022755625 0.11180461562499999 0.2646371953125 0.1047101328125 0.27261711875 0.101045815625 0.2761420109375 0.0947676421875 0.28012962343750003 0.092433328125 0.2836435609375 0.0838117640625 0.281319 0.061749078125 0.27998092343750003 0.0606301515625 0.27153828125 0.060350609374999996 0.267955475 0.0542422828125 0.2595206578125 0.0556365921875 0.250183878125 0.0541647390625 0.2399920921875 0.0598698296875 0.226225328125 0.0611404453125 0.2129259796875 0.0673592328125 0.2116066875 0.070257546875 0.21428439843749997 0.0728301734375 0.21164425312500001 0.078292034375 0.2080990109375 0.08021819375 0.20633735 0.08352466562500001 0.208150665625 0.09126561250000001
0 0.1835380609375 0.2434170046875 0.17999438437499998 0.24567793437500002 0.1777903484375 0.249392559375 0.17605059843749998 0.257385815625 0.17250535625000002 0.25931197500000003 0.16271368125000002 0.2555701140625 0.1516089765625 0.2560656515625 0.13162864999999999 0.25869842187500003 0.116551984375 0.2648759765625 0.1037231828125 0.276712471875 0.1006484875 0.2842563421875 0.09982165781249999 0.29745915 0.10474410625 0.3050211765625 0.11231296093750001 0.3084604203125 0.12342079531250001 0.30863442343749997 0.13631533906249999 0.310858278125 0.1465227734375 0.3085008921875 0.1487471609375 0.30913827656250004 0.15412293593749998 0.318635540625 0.17147563906250002 0.32414279218750003 0.17238073125 0.3276784953125 0.1688495796875 0.33261758750000003 0.1697531078125 0.33581852031250004 0.17999498125 0.340826078125 0.1919813 0.338844690625 0.20576997812500003 0.342260859375 0.21908341562500003 0.3390550046875 0.2253157609375 0.341710090625 0.2306524078125 0.342838096875 0.23597965625 0.34195748125000003 0.23820717500000002 0.34326440625 0.23910444062499997 0.345126259375 0.2355795484375 0.35140443125 0.232479809375 0.3535919765625 0.2267054890625 0.3538764390625 0.22271474375000003 0.35554121250000004 0.2147426484375 0.36087937812500004 0.212537046875 0.3642592375 0.214322190625 0.36597431875 0.2135047515625 0.3811857515625 0.21752210624999999 0.385212071875 0.2224148109375 0.3864134625 0.22154258906250002 0.389907934375 0.2144521046875 0.393760253125 0.2126967046875 0.398405803125 0.21321264375 0.41373185156250003 0.22125361250000003 0.4231235765625 0.23192377187500002 0.4247100453125 0.23992247656250001 0.425062971875 0.25767998593749997 0.4221275828125 0.2660897578125 0.4153769484375 0.27845896875 0.4002661359375 0.279731303125 0.3873247109375 0.2752637515625 0.38203269375 0.2739006328125 0.375557440625 0.2712182234375 0.37198050625 0.27430230624999996 0.3664452609375 0.269841015625 0.36249232343750004 0.2671820859375 0.3639369421875 0.264510634375 0.3627034 0.26888426875000004 0.34790920000000003 0.29418402499999996 0.342721959375 0.306567325 0.330624078125 0.311444378125 0.3284777671875 0.316333953125 0.32900961562500003 0.328301490625 0.32301098281249996 0.3340773765625 0.32306129375000003 0.3376241828125 0.3214699046875 0.3416384078125 0.324826684375 0.3460871734375 0.326101459375 0.3545235578125 0.325041921875 0.355849109375 0.3234826859375 0.3388761671875 0.3041764671875 0.34194773125 0.29596305625 0.34190703437500003 0.28725903124999996 0.3374770484375 0.29000149999999997 0.33436009218749996 0.2885065703125 0.3316776828125 0.28492963437499996 0.33387389375 0.2795411578125 0.3303020421875 0.275776221875 0.3214264171875 0.27791345624999997 0.31829850625 0.2740751359375 0.320944915625 0.26995235625 0.32004608125 0.26775573124999996 0.31916133593749996 0.26857204375 0.23066746249999998 0.25103765624999996 0.226656371875 0.2483504171875 0.2244554640625 0.252734584375 0.220460025 0.2533950453125 0.2150858140625 0.2442325546875 0.20573338125 0.239412996875 0.1835380609375 0.2434170046875
0 0.41010969062499997 0.3359550453125 0.4198888421875 0.3370187453125 0.42078454374999996 0.338545825 0.42655260312500004 0.336922284375 0.43101232968750003 0.34054045 0.43103424375 0.34522723593750004 0.4261650171875 0.3490474 0.4177395890625 0.35245033124999997 0.4031851234375 0.37529301249999997 0.3965464078125 0.3807458 0.394789440625 0.38505658125000003 0.3957007953125 0.38993136562499997 0.40106561406249996 0.3970852359375 0.4090737125 0.3994467828125 0.41532797343750005 0.40678865468750003 0.42290308750000005 0.41156697812500004 0.4295668484375 0.41147051875 0.4313504265625 0.41285083125 0.43978367656249995 0.4111217515625 0.4477589046875 0.406453121875 0.46550545625 0.4011743421875 0.476999315625 0.388888459375 0.48277676718749996 0.38927354062499997 0.49342501250000004 0.3861732234375 0.5435220734375 0.2683374859375 0.5541358828125 0.257872225 0.5603087484375 0.2478060421875 0.5615763874999999 0.23386030624999998 0.5602226578125 0.22939367656249998 0.543304503125 0.2218044171875 0.53927619375 0.21543470468749998 0.5387962546875 0.20780837187499998 0.5365671734374999 0.20616667500000002 0.4628813359375 0.220022390625 0.458454478125 0.2234344 0.45802306562500006 0.2261859453125 0.4620357234375 0.2292079578125 0.462965859375 0.2380999859375 0.45281007500000003 0.25150479375 0.4506326484375 0.2609105140625 0.446221446875 0.2676702265625 0.44628405625 0.2810610390625 0.440966196875 0.283950275 0.4347338484375 0.2812951890625 0.42142354531250004 0.2851705828125 0.41921324687499995 0.28754612812499997 0.4138797328125 0.2870876640625 0.4107878203125 0.29094905937500004 0.4006022984375 0.2979932328125 0.3984060875 0.3033817109375 0.39530165156249997 0.30456494375 0.392631765625 0.303666171875 0.3913046484375 0.304890634375 0.39265055000000004 0.307683415625 0.39132969218749997 0.3102469609375 0.3886645 0.3103525 0.3829261796875 0.31833667656250003 0.378973003125 0.32803593750000004 0.3900870984375 0.3295490203125 0.3972198421875 0.3347355015625 0.4025424 0.3328505734375 0.40565935625 0.3343455 0.40743354062500003 0.3337171953125 0.41010969062499997 0.3359550453125
0 0.2885505765625 0.3731357453125 0.29166596718750004 0.37429590468749996 0.2930290859375 0.38077115625 0.28727824375 0.38607716875000003 0.281566534375 0.3997524421875 0.2825702375 0.424378675 0.2807991828125 0.4256765234375 0.28703935625 0.4300054609375 0.2928058515625 0.42804715 0.2968279 0.43307778125 0.296037071875 0.4539803078125 0.29877582812500003 0.46960897343749997 0.3036841875 0.4741580640625 0.3139025796875 0.4741440703125 0.3210212390625 0.4763176171875 0.330791 0.475372690625 0.33388760781250004 0.47251560625 0.33342331875000003 0.4682369796875 0.34092174062499997 0.4566115578125 0.3511119609375 0.450571696875 0.358618203125 0.44062012968750003 0.375928646875 0.4370885859375 0.38035863281250004 0.43434611562500003 0.3848011390625 0.434281809375 0.3852309890625 0.43119549062500007 0.38832916093750003 0.42867317656250004 0.388752753125 0.4242477765625 0.3865252359375 0.42294085 0.3949068359375 0.41016434999999996 0.3953351203125 0.40674326406250005 0.3988740984375 0.403478021875 0.3984145109375 0.40020370312500003 0.39350301875000004 0.3949850734375 0.39345136406250003 0.3839376546875 0.403150690625 0.3679280671875 0.40978784375000005 0.3621405125 0.410184821875 0.3520240203125 0.41416147968750006 0.3473463140625 0.40968297031249995 0.33971090312499996 0.40747110781250007 0.34175167968750003 0.40243787343750004 0.34213676406250004 0.3847582828125 0.33009486875 0.3652062375 0.329306553125 0.3589785875 0.327655775 0.35631965625 0.32910039687500003 0.3505390734375 0.328045775 0.34032537500000004 0.329064084375 0.3376523578125 0.3274957703125 0.33544675625 0.330875625 0.330132025 0.33443440468749996 0.3115069890625 0.34186857812500004 0.30487609843749996 0.3489952125 0.3013559 0.35627769531250003 0.3013699859375 0.359290628125 0.30493557656250003 0.361716484375 0.303180175 0.3663620359375 0.295211209375 0.3723697453125 0.291209509375 0.3716911265625 0.2885505765625 0.3731357453125
0 0.4008069734375 0.5318096546875 0.3883720203125 0.5328601171875 0.3794979625 0.535332121875 0.3715399515625 0.543683225 0.36666759375 0.546833846875 0.3587142828125 0.5561892578125 0.35607882812499997 0.5626554328125 0.357007403125 0.5712126890625 0.35169580312500004 0.5754410109375 0.34504143125 0.5775460921875 0.3388028234375 0.5735519250000001 0.33838080000000004 0.5783120921875 0.3415134078125 0.583154721875 0.36110145312499997 0.5916427546875 0.3948485484375 0.58773936875 0.40552027031250004 0.58966060625 0.42501126874999995 0.57739288125 0.44142131406249996 0.57132994375 0.4467814375 0.577479503125 0.453018478125 0.5811389015625 0.45436594531249996 0.58426645 0.453521896875 0.5937867859375 0.4571031375 0.59956034375 0.4620021046875 0.602100815625 0.4637731609375 0.6008029640625 0.46372776875 0.591094628125 0.4668196796875 0.58723323125 0.4676887703125 0.5830692187500001 0.47699581249999995 0.5781804359375 0.4791904578125 0.5724571875 0.4866951359375 0.56217085 0.49689631093750003 0.55847438125 0.5013403875 0.5587448421875 0.508918634375 0.5641927078125 0.5169235984375 0.5658847171875 0.5182679359375 0.568342725 0.5253865906249999 0.5705162703125 0.5343044781249999 0.577417834375 0.5383030468750001 0.5774269109375 0.5414059171875001 0.575908909375 0.55696565 0.5780272265625 0.5640858734374999 0.5805355421875 0.5738571984374999 0.5799253906249999 0.611973234375 0.5602234921875 0.6190355390625 0.5503453125 0.6212301859375 0.5446220609375 0.62244616875 0.5196289078125 0.620179521875 0.5099527234375001 0.609489015625 0.504014240625 0.59304140625 0.502042690625 0.5841595203125001 0.5028408453125001 0.5779350015625 0.5018596093750001 0.55484710625 0.505006075 0.547311121875 0.50859700625 0.5433438578125 0.5152833343750001 0.5344823203125 0.5204335015625 0.5096358953125 0.5275559796875 0.5082853 0.523758890625 0.5038333984375 0.521814575 0.498918778125 0.5159264 0.49179855781250004 0.513418084375 0.48735918125 0.5141519296875 0.4753885125 0.5194810203125 0.46787600625000003 0.5280935078125 0.46658489062499997 0.5370176890625 0.4679589671875 0.5458363328125 0.46576275625 0.5512248093750001 0.453330934375 0.5529448140625 0.44798176874999995 0.54913864375 0.444871071875 0.5489827984375 0.44039099843749996 0.5410126187500001 0.4332645171875 0.5371652203124999 0.4301350390625 0.5329921296875 0.42345406093750004 0.5294061171875 0.41591337812500007 0.5319927375 0.410581428125 0.53186904375 0.4061123140625 0.5262422546875001 0.40346746875 0.5306998078125 0.4008069734375 0.5318096546875
0 0.19503370625 0.516575553125 0.187117959375 0.533965453125 0.1875697234375 0.5355659187499999 0.19290636562500002 0.536693925 0.1924749515625 0.5394454734374999 0.1805262 0.5494613453125 0.156147190625 0.561531990625 0.12996269062500002 0.5675355421875 0.1215638734375 0.5766295671874999 0.1038486265625 0.5886037546875 0.09243303124999999 0.61762815 0.09380554062499999 0.626112021875 0.1031751921875 0.6346140515625 0.11074248281250001 0.637718525 0.12630378125 0.6401716125 0.133409915625 0.639667 0.1462575015625 0.6318477484375 0.15646337500000002 0.6291555859375 0.1608949234375 0.6267478890625 0.17593871875 0.6135401593750001 0.17948552499999998 0.6119487703125001 0.183016678125 0.6070096796875 0.2189646796875 0.598722125 0.22343066562499997 0.603679371875 0.228326503125 0.605550303125 0.246526384375 0.602206759375 0.24518361406250003 0.6000835203125 0.2411944375 0.6020830625 0.2389559625 0.59843274375 0.23667679531250002 0.586078396875 0.23119857968750002 0.5863139109375 0.23221393906249999 0.581790690625 0.242835571875 0.57299928125 0.2428136609375 0.5683124984375 0.240139078125 0.5664094125 0.234746084375 0.5532296796875 0.22006952812499997 0.5499602796875 0.20140223124999998 0.5483556562499999 0.19828527499999998 0.5468607249999999 0.2044690984375 0.5391379359374999 0.223489546875 0.5212525 0.2297031109375 0.51989034375 0.2363715703125 0.5207981953124999 0.23902893593750002 0.519018803125 0.2372281390625 0.5139560171875 0.23145695000000002 0.51491001875 0.22523242968749999 0.513928784375 0.2194268046875 0.5075178390625 0.21807151249999998 0.502716440625 0.22110707187499998 0.48680331250000003 0.21843405468750002 0.48523500156250005 0.21131696406249997 0.4833962234375 0.20954434531250002 0.4843593015625 0.2140165921875 0.4906556328125 0.2122627546875 0.49563595468750005 0.21230971250000003 0.5056790640625 0.2150093390625 0.512938471875 0.1999248484375 0.5174421734375 0.198138140625 0.5153923203125 0.19503370625 0.516575553125
0 0.1825160171875 0.7849928515625 0.1785331 0.788331475 0.17811420625000002 0.793761184375 0.173265328125 0.8019333625 0.173307590625 0.8109721593750001 0.1697748703125 0.8155764796874999 0.1626890859375 0.8204331093749999 0.15031674374999998 0.8348743828125 0.1365797171875 0.842505634375 0.1339348734375 0.846963184375 0.128182465625 0.8519344296875 0.12879075625 0.887011925 0.1363956125 0.8981508843749999 0.1448633 0.9037867500000001 0.165301653125 0.9040935265625001 0.1732925328125 0.9027726015624999 0.1803861453125 0.8995898234374999 0.19588483437499998 0.8886521015625 0.1994144234375 0.8833782390625 0.2006617125 0.865080490625 0.21931179374999998 0.8630026421875 0.231637178125 0.8385182609375 0.23785387187499998 0.8378256468749999 0.2440470859375 0.8321114765625 0.24759388906250002 0.8305200890625001 0.254204434375 0.8190414374999999 0.2563881234375 0.810974796875 0.2558987921875 0.8013398437499999 0.253660321875 0.797689525 0.2483189796875 0.795557209375 0.24653070625 0.7931725859375 0.2553750265625 0.7843399453125001 0.2535773625 0.7799467 0.24600537500000003 0.775837915625 0.23444890937500001 0.7747329859375001 0.216244328125 0.7770722203125 0.207789165625 0.774114515625 0.20510362343750002 0.7698680421875 0.20639630625 0.761278628125 0.203235521875 0.7504101328125 0.1960933875 0.74321503125 0.190755178125 0.7417522562500001 0.18542635937500002 0.742298103125 0.1778903734375 0.7458890359375 0.173468215625 0.7503053546875 0.171711246875 0.7546161390624999 0.1744640953125 0.773257734375 0.1824784515625 0.7769583640625 0.1825160171875 0.7849928515625
0 0.31790763593750004 0.7606018875 0.31436709218750003 0.7635323578125 0.288196678125 0.7725488390625 0.27624949062500004 0.782899484375 0.2616214609375 0.7900079640625 0.253665015625 0.7986938343750001 0.2527927921875 0.80218830625 0.255035959375 0.8068429390625 0.2537370171875 0.81409326875 0.24935242500000002 0.8265440749999999 0.24228385624999998 0.8350831781249999 0.2423073375 0.8401047296874999 0.2503545640625 0.8508355359375 0.254814290625 0.8544537015625 0.259263059375 0.8557284765625001 0.28902410624999997 0.854494171875 0.291676775 0.8517104734375 0.3032003734375 0.845785228125 0.3138110515625 0.8346504250000001 0.3244045125 0.8198331515625 0.33503866875 0.8137199046875001 0.33546225937499996 0.80929450625 0.331851278125 0.7971603125 0.33891515 0.7876169015625 0.33978424218750003 0.7834528890625 0.3388822796875 0.7805867234375 0.3344303796875 0.7786424109375 0.33530730000000003 0.7761522484375 0.342397778125 0.77229993125 0.3477391203125 0.7744322453125 0.3535134421875 0.774147784375 0.35663352812500004 0.776312253125 0.361071340625 0.7752436359375 0.3637020953125 0.767773153125 0.3668049640625 0.7662551484375 0.366795571875 0.7642465265625 0.360113028125 0.76032574375 0.358751475 0.7541852625 0.36007233125 0.751621715625 0.36494938593750004 0.749475403125 0.360070765625 0.751286946875 0.3582871875 0.749906634375 0.35162655625 0.750672634375 0.33914151718749996 0.7410104468750001 0.33338754375 0.7456469218749999 0.3307912234375 0.760482353125 0.3236913484375 0.7623260484375 0.32323645624999997 0.760056040625 0.31790763593750004 0.7606018875
0 0.34406649843750003 0.6540938703125 0.34055569218750004 0.6633849734374999 0.32642794531249997 0.6824718 0.31978766406250003 0.6875898140625 0.3029415078125 0.6953999859375 0.30207398125 0.69989876875 0.2981035875 0.7059155578125 0.28969694375 0.71333573125 0.28039146875 0.718559284375 0.2755300671875 0.7240533015625 0.2662684203125 0.7386504203125 0.2658777015625 0.75010599375 0.2748519390625 0.7690592875 0.280199540625 0.772530684375 0.28420124062499996 0.773209303125 0.288643746875 0.7731449968749999 0.3055039890625 0.7683477562500001 0.321019896875 0.7610925046875 0.3276586140625 0.7556397203125 0.329856390625 0.7505860140625 0.338694446875 0.740414290625 0.3395291046875 0.7288853343749999 0.3448313140625 0.7226483890625001 0.3384987890625 0.69856800625 0.338434615625 0.684842425 0.340174365625 0.6768491703125 0.342379965625 0.6734693140625 0.3477087859375 0.672923465625 0.35168231250000004 0.667576221875 0.357445675 0.66494836875 0.35564800937499996 0.660555121875 0.359186990625 0.657289884375 0.3565077109375 0.6543824890625001 0.3493906171875 0.6525437125 0.3475976515625 0.6491547765625 0.3422719640625 0.6503701640624999 0.34406649843750003 0.6540938703125
0 0.20424489218750003 0.6812273015625 0.187412825 0.6920504078125 0.17232050625 0.694880259375 0.152315134375 0.69215670625 0.13945189687499998 0.6966282546875 0.1359097875 0.6992239546875 0.12348735468750001 0.7029525796875 0.12038761718749999 0.7051401234375 0.1142084890625 0.7138672265625 0.11021148437499999 0.7141929171875 0.0973701609375 0.72335125 0.096090003125 0.7346188234375 0.0974421640625 0.7387506828125 0.1054690421875 0.7451294749999999 0.113924209375 0.748087178125 0.1396866859375 0.7468437953125 0.14412293125 0.745440409375 0.1640547390625 0.7324297578125 0.1706793703125 0.7239640406250001 0.17776671875 0.719442184375 0.1830548390625 0.7101923109375 0.18924179375 0.7031390578125001 0.1927870359375 0.7012129 0.19546318437500002 0.7034507515625 0.197267109375 0.7091830796874999 0.20305238750000001 0.7112420109375 0.20749489687499997 0.711177703125 0.2150199234375 0.7052433796875001 0.228366228125 0.7090677015625 0.2461206078125 0.705462771875 0.2563515265625 0.7081269390625 0.263038765625 0.7130520312499999 0.2798880515625 0.7059114 0.2820999140625 0.703870625 0.288250865625 0.68911765625 0.2881882578125 0.6757268437499999 0.2850525171875 0.670214671875 0.27704598593749996 0.6681878953125 0.271690559375 0.6630426468749999 0.271234096875 0.6604378718749999 0.26635704531250004 0.6625841828125 0.25791127187499996 0.6616350984375 0.2423765796875 0.66487310625 0.229925975 0.662575865625 0.22150211562500002 0.6663135671875 0.219262078125 0.6623284765624999 0.221462984375 0.657944309375 0.2214410703125 0.6532575265625 0.21918224999999997 0.6452551921875 0.2156104 0.6414902578125 0.20848704687500003 0.6383124 0.19916122187500002 0.6391839375 0.1942873 0.6419997921875 0.190315340625 0.6476818093750001 0.18948694375 0.6605498484375001 0.19129400000000002 0.6669517140625 0.198861290625 0.6700561875 0.203299103125 0.66898756875 0.205085809375 0.671037425 0.20777917656249997 0.6769577515625 0.20424489218750003 0.6812273015625
0 0.49960063593750004 0.5667380984375 0.4935516 0.571646478125 0.48763936093750004 0.5740758109375 0.47830414374999997 0.572938728125 0.456138565625 0.58330336875 0.45438785781249996 0.588953234375 0.4557368890625 0.592415553125 0.44264885 0.6438283265625 0.4368886140625 0.64712571875 0.4355818453125 0.652702196875 0.42317820156249997 0.6604480640625 0.422757740625 0.665543003125 0.4272221625 0.67016548125 0.43256506874999995 0.6726325656250001 0.44943783281250005 0.6705134875 0.4596311828125 0.665143165625 0.464924 0.656897603125 0.4671076875 0.6488309625 0.472425546875 0.645941725 0.47464837031249996 0.646244340625 0.4773292109375 0.6494865046875 0.476927534375 0.6585986890625 0.47872833124999997 0.663661475 0.48628779375000003 0.6650920953125 0.4964936671875 0.662399934375 0.502293034375 0.6674717984375 0.5094555187500001 0.6790189140625 0.5108029843749999 0.6821464625 0.51001685 0.7040533 0.5180390312500001 0.7094277796874999 0.5198554828125 0.7178382703125 0.5198867875000001 0.7245336734375 0.514575184375 0.72876199375 0.519458503125 0.7279547609375 0.520784053125 0.726395525 0.524344946875 0.7278170703125 0.5265818546875 0.73113261875 0.534146015625 0.73356755 0.5390559390624999 0.7384514156249999 0.563027009375 0.7341538703125 0.5705802125 0.7342454093749999 0.57281711875 0.7375609609375 0.575019590625 0.7335115625 0.5794542734375 0.7317734046875 0.5790009421875 0.7298381671875 0.5749945453125 0.7281552390625 0.576315403125 0.72559169375 0.58163639375 0.72337199375 0.590093125 0.72666446875 0.5932194734375 0.7301680203124999 0.6114835296875001 0.74055005625 0.616792 0.735652196875 0.6199011296875 0.7354732734375 0.621654965625 0.7304929515625 0.6185286171875 0.7269894015625 0.6216236609375 0.7237975453125001 0.618072159375 0.7243846234375 0.6149536375 0.7225549250000001 0.617596915625 0.717762603125 0.622033165625 0.7163592140625 0.6251125531249999 0.70981965625 0.6228772109375 0.706838878125 0.623741609375 0.7016705546875001 0.6219282921875 0.69392960625 0.6174685640625001 0.690311440625 0.6130213609374999 0.6893714359375 0.6112330890625 0.6869868125 0.6045771546875 0.688757125 0.6023496359375 0.6874501937499999 0.600578584375 0.6887480453125 0.5956843093749999 0.687211884375 0.5952309828125 0.6852766484374999 0.58856721875 0.685373109375 0.5845545609375 0.6823511 0.5769465765625 0.6705425984375 0.5600597234375 0.66964874375 0.556053328125 0.667965815625 0.5467337640625 0.6701764328125 0.5400621765625 0.6685990421875 0.53738133125 0.6653568796875 0.5293810624999999 0.6646691828125 0.5115609421875 0.6542137593749999 0.5093224703125 0.6505634406249999 0.50442506875 0.6483577406250001 0.5021897265625 0.645376959375 0.5070417359375 0.6378743234375001 0.521238353125 0.6335173890625 0.5287680765625 0.628587378125 0.5344985703125 0.6189293484375 0.536233625 0.60993178125 0.5428770390625 0.6054833093750001 0.5397303421874999 0.59762774375 0.5410151953125 0.5873644828125 0.5432192328125 0.58364985625 0.5423078765625 0.578775071875 0.525822703125 0.5687690359375 0.5191558109375001 0.5681959546875001 0.51247483125 0.5646099421875 0.49960063593750004 0.5667380984375
0 0.374385375 0.8671859265625 0.36244914375000004 0.879879965625 0.3447291984375 0.8908498406250001 0.3380779578125 0.8936244609375 0.332774184375 0.899526634375 0.327015515625 0.9031587953125 0.32481461093749997 0.9075429625 0.3212724984375 0.9101386625 0.3195170984375 0.9147842171875 0.3208692578125 0.9189160749999999 0.31866991875 0.9236350124999999 0.32315625468750003 0.9329442734375 0.32763476406250003 0.9405796843750001 0.3410076796875 0.9500951015625001 0.359213821875 0.9480906375 0.377409009375 0.9437427843749999 0.38803846875 0.936625225 0.40000913593750004 0.9312961359375 0.40575997812500003 0.92599011875 0.40790140468749997 0.9088846828125 0.4101054421875 0.90517005625 0.4194030875 0.8982726515625 0.4171661828125 0.8949571015625001 0.41272993593749996 0.8963604921874999 0.4104507671875 0.88400614375 0.41620786875000004 0.8800392109375 0.41888245468749996 0.8819422937500001 0.42510540937499997 0.882588759375 0.43085938125 0.8779522828124999 0.43261948125 0.8743110421875 0.428159753125 0.8706928765624999 0.42680915625000004 0.8668957890625 0.42945713124999996 0.8631077749999999 0.43300237187499996 0.8611816156250001 0.4436694015625 0.8620985453125 0.4569828359375 0.8588926921875 0.4627446359375 0.85593006875 0.46808440781250005 0.8577276140625001 0.46765142812500005 0.8601443921874999 0.47255509375000004 0.8636891734375001 0.48152306874999995 0.881303384375 0.48211726875 0.9133679453125 0.4865973453125 0.9213381265624999 0.491044546875 0.92227813125 0.493281453125 0.9255936796875 0.495935690625 0.9231447484374999 0.49948719218750004 0.922557671875 0.5012723343750001 0.92427275625 0.521254228125 0.9219747515625001 0.527041071875 0.9243684546875001 0.5314835796875 0.9243041468750001 0.5372265953124999 0.9173242828125 0.5775685796875 0.8985945421875 0.586394115625 0.8857446578125 0.5907567953124999 0.8686070671874999 0.5871442499999999 0.856138103125 0.5777855546875 0.8499794671875 0.56933665 0.8483608437499999 0.5569016999999999 0.8494113046875 0.5475837015625 0.8519566953125001 0.543583565625 0.851612846875 0.5320537078124999 0.8561990109375 0.5134067546875001 0.8589463984375 0.4978438921875 0.856158540625 0.479584528125 0.846780815625 0.4791312 0.844845578125 0.4871064265625 0.84017695 0.49199600312499997 0.8407088 0.5013155640625 0.8384981781249999 0.5097269015625 0.832082315625 0.5088265062499999 0.8295509203125 0.510148928125 0.8273221484375 0.506584903125 0.8252310625 0.5079041953125001 0.8223327453125 0.5132064015625 0.8160958046875001 0.5181069375 0.8189710453125001 0.5189916828125 0.8181547359374999 0.5198545140624999 0.8126516421875 0.5185133078125 0.8108631734375 0.5207142124999999 0.8064790078125 0.522493096875 0.806855009375 0.5238202125 0.8056305437500001 0.5255693546875 0.7996459109375 0.51975903125 0.7922306546875 0.518811678125 0.779656153125 0.4943137078125 0.766284259375 0.4809908796875 0.767481490625 0.4778676609375 0.7646474796875 0.4738675265625 0.7643036328124999 0.46855749218750004 0.768866721875 0.4618984265625 0.7699674937500001 0.46460274999999995 0.7782312109375 0.46194538281249997 0.7800106015625 0.4624034109375 0.7829501484375 0.4513174859375 0.7874629296875 0.4495965203125 0.799473428125 0.3841222640625 0.859210828125 0.3779055703125 0.8599034453125001 0.374385375 0.8671859265625
0 0.16344510625 0.982127153125 0.20684456718750002 0.952171071875 0.213067521875 0.9528175359375 0.226374696875 0.9482726015624999 0.23036544062500003 0.9466078296875 0.23788577187499998 0.9396691953125 0.24543115000000001 0.9380868843749999 0.247217859375 0.9401367374999999 0.2507709234375 0.93988443125 0.2578645375 0.936701653125 0.274298059375 0.9356602687500001 0.2809539953125 0.9338899578125 0.2862702890625 0.9306659484375001 0.29379218906250004 0.9240620843749999 0.30127652031249996 0.9094237312500001 0.30034638125 0.9005317046875 0.2914394515625 0.8959735343749999 0.280281528125 0.8850868828125 0.2727236296875 0.8839910296875001 0.2518538609375 0.8864358015624999 0.24251551718750003 0.8846291781250001 0.2394142125 0.8864819531249999 0.23452933125 0.8869544140625001 0.223820040625 0.8769986875000001 0.21664973281250002 0.8637777203124999 0.2117632859375 0.8639154124999999 0.2082274375 0.8678501921875 0.2055919859375 0.8743163656249999 0.2011682609375 0.87839791875 0.19765119375 0.8863499406249999 0.19100934687499999 0.891133184375 0.18924768281249998 0.8944396578125 0.1755169171875 0.9034099875000001 0.1604746875 0.9169524890625 0.1409836890625 0.9292202140624999 0.137891778125 0.9330816109375 0.095777171875 0.9527744296874999 0.08911184531250001 0.95253611875 0.0819900609375 0.9496930296875 0.072653278125 0.948221178125 0.067780921875 0.9513718015625001 0.04604831875 0.9593196671875001 0.0416277265625 0.9640707562499999 0.0371914796875 0.9654741453125 0.034076089062499995 0.9643139875 0.0318610953125 0.965685221875 0.0309602828125 0.9673951484375 0.035615375 0.99545413125 0.15465611875000002 0.9901634312500001 0.1638953046875 0.9833928500000001 0.16344510625 0.982127153125
0 0.5407218984375 0.42961429687499997 0.53495853125 0.43224215 0.5185813609375 0.4453352625 0.48171887656249995 0.44807849375000003 0.47414532343750004 0.44363493906249996 0.465254046875 0.4424244703125 0.452853528125 0.45083987812500004 0.4471308625 0.4621717578125 0.40595265625000004 0.4920956875 0.4002049453125 0.49807124218750004 0.39583130781250003 0.5128654421875 0.3958782640625 0.5229085515625 0.40391140468750003 0.530626425 0.4105892578125 0.53354289375 0.4234618859375 0.5310799671875001 0.4319076578125 0.53202905 0.4452179640625 0.52815365625 0.45366843437500004 0.5301070484375 0.5632020953125 0.48653848125000004 0.5835809703125 0.4741239859375 0.5933116 0.46480980625 0.596817709375 0.45451438906249997 0.59585783125 0.43926172656249995 0.5936068375 0.4329332453125 0.5900334218750001 0.4288335375 0.57978841875 0.423156440625 0.5633392453125 0.42085012187500004 0.5438122437499999 0.42541813125 0.5407218984375 0.42961429687499997
0 0.3931722953125 0.41927205624999997 0.3905650203125 0.43176409531250004 0.3870338640625 0.4367031859375 0.376396575 0.44214689218750003 0.3675162578125 0.44327981875000005 0.3635129890625 0.44226643125000004 0.355537765625 0.44693505624999996 0.3497978796875 0.4545844625 0.34137715 0.45899170624999996 0.333877165625 0.470282353125 0.33613442031249996 0.47794991875 0.335734309375 0.48739687031249995 0.344675675 0.4993199875 0.36826385781250004 0.5081518671875 0.37714730625000004 0.5076884828125 0.4019906015625 0.4998964640625 0.40597508437499996 0.496892609375 0.41038159218750003 0.48912858750000004 0.41124598749999997 0.4839602625 0.4138986578125 0.4811765640625 0.42320882812500005 0.47695732187499995 0.42674467812500005 0.47302254218749995 0.4347261640625 0.46969299375 0.43604858437500005 0.4674642203125 0.4949185625 0.42054454999999996 0.5051463484375 0.422539175 0.51224935 0.4213650203125 0.5224270484375 0.41264699374999997 0.5308462109375001 0.4079049796875 0.5414694140625 0.3994483421875 0.5463198593749999 0.39161093281250003 0.5458133109375 0.37829350625 0.542674440625 0.3721117953125 0.524393165625 0.358047284375 0.5177262734375 0.3574742046875 0.50751570625 0.3591620546875 0.5035265265625 0.361161596875 0.4959639328125 0.359061434375 0.48434015781250006 0.34356138281250004 0.48476218125 0.338801215625 0.4789784703125 0.33707705312499997 0.4700418 0.32615824843749996 0.460279865625 0.3287770234375 0.4350192421875 0.34233352031250003 0.429721728125 0.349574771875 0.41554233125 0.357614178125 0.4071669921875 0.371729759375 0.39788343125000003 0.3816400953125 0.3943585390625 0.3879182671875 0.395732615625 0.39673691093749996 0.4015210234375 0.3994653828125 0.4068498421875 0.3989195359375 0.40775649999999997 0.402790009375 0.41623357812500006 0.41043449687500005 0.41847674531249995 0.41508912656249997 0.4113909609375 0.41994575625 0.40606370625 0.42082637187499994 0.3931722953125 0.41927205624999997
0 0.207752334375 0.38615498593750003 0.20953278125 0.386865759375 0.20511218750000001 0.3916168484375 0.1913282046875 0.3892049921875 0.1864308015625 0.3869992921875 0.1735425203125 0.386114515625 0.1588878765625 0.387531903125 0.1513503265625 0.3907880640625 0.142069896875 0.401367940625 0.13810732812499998 0.40905857812499996 0.13636914218750001 0.4173866046875 0.13772913125 0.423192315625 0.152002446875 0.4352391265625 0.168020203125 0.4402969921875 0.176898959375 0.4388292984375 0.18534943125 0.44078268906250007 0.1942203578125 0.4376411453125 0.20977539687500002 0.43875515312499996 0.2142257296875 0.440364696875 0.21690657500000002 0.4436068609375 0.21559354531250002 0.44784425937499994 0.20274282968750001 0.454993971875 0.20187530312500002 0.459492753125 0.209425375 0.458914753125 0.21523413125 0.46599523749999994 0.2170333609375 0.47072325312499996 0.21707405781250003 0.47942728125 0.21531239531250002 0.48273375312500005 0.217561821875 0.4887274640625 0.2211321078125 0.4921576296875 0.2300124296875 0.4910247046875 0.24025743125000001 0.496701803125 0.2566815609375 0.49365179687499994 0.275308165625 0.4865523953125 0.2876945921875 0.47512405625 0.2938330265625 0.45769292500000003 0.2946770734375 0.44817259062500003 0.2933186484375 0.44270164687499997 0.2790531625 0.4323286890625 0.262602421875 0.4296876 0.2585913296875 0.427000359375 0.2683266546875 0.41869049062499997 0.278487134375 0.4062899921875 0.28063168906249997 0.3898540953125 0.2748198046875 0.38210406875 0.2751980015625 0.367970334375 0.2738521 0.3651775546875 0.268518584375 0.364719090625 0.2653985 0.3625546234375 0.2609669484375 0.36496231875 0.2551910625 0.36491201093750003 0.2502811375 0.3600281484375 0.249360390625 0.35314474218749997 0.2528727625 0.34418840781250004 0.2497683296875 0.3453716390625 0.24265750000000003 0.34487194374999997 0.2355873640625 0.3530762765625 0.2236104375 0.357066284375 0.21430965781250003 0.36329415 0.207691290625 0.373098946875 0.207752334375 0.38615498593750003