1 0.7530902890625 0.0389803859375 0.7543216390625 0.0445926796875 0.6645074359375001 0.23059923124999998 0.6559725203125 0.23933206562499998 0.6520610546875 0.2505223984375 0.6527670624999999 0.25439728125 0.6515416859375 0.258557934375 0.6601111734375 0.2838189515625 0.6690407296875 0.28871108749999996 0.6739101953125 0.2873622796875 0.6787963140625 0.2906884828125 0.6989494078125 0.3291057609375 0.6975433671875 0.331128940625 0.70255548125 0.3374384625 0.7057835671875 0.33682120625 0.7184938875 0.3424105703125 0.722121321875 0.3405474046875 0.7260007453124999 0.344650875 0.7247646875 0.35390946562500003 0.721662596875 0.35751004062499997 0.7214165796875001 0.36131635 0.7293667734375 0.3665628328125 0.7332901875 0.3749183921875 0.7388383265625 0.37786739062499997 0.7434237593749999 0.38584574531250004 0.751083946875 0.390646446875 0.7715031531250001 0.390417721875 0.7928363671875001 0.39577843125 0.7958017828124999 0.3942924671875 0.8133375796875001 0.3942809375 0.8240665500000001 0.3861310390625 0.829144015625 0.38649677968749996 0.84393905 0.3943607734375 0.851500578125 0.39575523125 0.8675863421875001 0.39351478906250004 0.8737798437500001 0.39141157187500003 0.8818607437500001 0.38477049218750004 0.88308611875 0.3806098390625 0.8889182890624999 0.3742316734375 0.8931197640624999 0.363487121875 0.9004566359374999 0.3584920171875 0.9046094124999999 0.358366259375 0.9095882203125001 0.35532575781250003 0.91171095 0.352079528125 0.9134723499999999 0.34455835 0.9208258796875001 0.3442382578125 0.9310141203125 0.354319765625 0.9313207796875 0.3594405578125 0.9381656203125001 0.3620580671875 0.9404583359375 0.3660472453125 0.9471225109375 0.36652728125 0.9519539609375001 0.37069933125 0.9505538906250001 0.3824954578125 0.9510685531249999 0.389330803125 0.9588000671874999 0.39796066875 0.9653109093750001 0.39588030625 0.9761278609374999 0.3962345859375 0.9894282703125 0.3938329046875 0.9994916859374999 0.054192649999999995 0.8019025875000001 0.0399598453125 0.7782969546875 0.038671621875 0.775655684375 0.03806921875 0.7637593921875 0.0372123015625 0.7544416625 0.0378030546875 0.7530902890625 0.0389803859375
1 0.40453414531250004 0.0351304203125 0.40399812500000004 0.03849094375 0.41260562968750003 0.058231103125 0.41244161874999996 0.0607686421875 0.410373559375 0.0631690265625 0.41059821406249997 0.0695585890625 0.40921950625000003 0.0711588453125 0.411014215625 0.072987690625 0.41068619218749997 0.0780627671875 0.40899014375 0.07964016562500001 0.40746407968750004 0.088452971875 0.4101288078125 0.09161916249999999 0.40893076562499997 0.0953568921875 0.4114694984375 0.0955397625 0.4151575765625 0.10260369531249999 0.4141948703125 0.107633053125 0.41542622187499995 0.11324534687500001 0.417565609375 0.114674128125 0.41742893125 0.11678874218749999 0.4141188390625 0.1186747703125 0.413500809375 0.12330406249999999 0.421161 0.128104765625 0.42189434062500003 0.1315567234375 0.4209043015625 0.1370090046875 0.4254350640625 0.14583320625 0.4293144875 0.1499366796875 0.430310503125 0.1542573453125 0.44340948750000003 0.163698734375 0.44545618749999993 0.1714942203125 0.4494722890625 0.173483078125 0.4539757171875 0.1827302015625 0.45457238125000005 0.1882967765625 0.45341833125 0.19628659531249998 0.45756042656249996 0.20125877343749998 0.45353364375 0.20436785156249998 0.4522262625 0.2097972734375 0.449178840625 0.21255200312500003 0.45068354375 0.2139350671875 0.4499288390625 0.2206789765625 0.454886284375 0.22783434531250002 0.456768971875 0.23816736718749998 0.4605390546875 0.2439625328125 0.46392047343750004 0.24590567187499998 0.4733860515625 0.2474372828125 0.47546008593750005 0.2548098453125 0.48338294375 0.26047925156249996 0.48727305000000004 0.25948478750000004 0.5112329765625 0.27353254531250004 0.5225859515625 0.2705263 0.5313241609375 0.278378896875 0.5353402609375 0.280367753125 0.5382510046875 0.2797276375 0.547125890625 0.2854656203125 0.5538720703125 0.2846768859375 0.5559948015625 0.28143065625 0.5636490171874999 0.2764584109375 0.5680371281250001 0.2776242828125 0.571193890625 0.27317785781250004 0.58453291875 0.2690399953125 0.5931284796875 0.26923426250000004 0.60459079375 0.2645363234375 0.610040271875 0.2640790796875 0.6144937359375 0.259301165625 0.6194178703125 0.2571065125 0.6220219546875 0.251345603125 0.628724146875 0.24630477968750003 0.6317822468750001 0.238452115625 0.6350650046874999 0.23698901249999998 0.6426265328125 0.23838347031249998 0.6473153328125 0.23489718750000002 0.6537168359375001 0.23450851718750002 0.6650258203125 0.22725018125 0.6699606375 0.21995759375 0.670064003125 0.20849295625000003 0.6780628953125001 0.2031206453125 0.683594378125 0.2013946296875 0.6958934046875 0.1886840140625 0.697824790625 0.1883982453125 0.7075410921875 0.1712526671875 0.7106812 0.16213123437500002 0.7105932203124999 0.15362705625 0.7128906421875 0.142745353125 0.711615303125 0.13288097031249999 0.7151670171875 0.11245859062500001 0.7163741625 0.10858002656250001 0.7238203750000001 0.10189323125000001 0.729663228125 0.090417128125 0.727599875 0.07794663125 0.7331527203125 0.066024746875 0.733716078125 0.0622413 0.7317287546875 0.038729087499999995 0.7303060593749999 0.03607725625 0.72677036875 0.034547896875 0.5087275109375 0.018841759375 0.3857339078125 0.014286440624999999 0.3850550203125 0.015881828125 0.3857883625 0.019333790625 0.39043914687500003 0.021368362499999998 0.392042509375 0.02615766875 0.401688753125 0.029826754687500002 0.40453414531250004 0.0351304203125
1 0.1239411984375 0.14833474375 0.127847959375 0.15201529375 0.13305739218749998 0.1651373015625 0.139366209375 0.1711153359375 0.141385571875 0.17933374375 0.145046315625 0.1868205984375 0.153521853125 0.1938044921875 0.1657341671875 0.19723352656249998 0.183184515625 0.23800547187499999 0.1947788 0.2460638 0.2069637765625 0.24991575625 0.21836073906250003 0.2511615984375 0.22230551406250001 0.2493212890625 0.225806953125 0.2444748015625 0.236579915625 0.2405769921875 0.2543296859375 0.25205295781250003 0.2572404296875 0.25141284218750004 0.2593358265625 0.24858953281249999 0.2712034609375 0.25241863124999997 0.27523024218750003 0.24930955312499997 0.2838531359375 0.249080896875 0.2907086578125 0.24660047187499998 0.2957254796875 0.2380391125 0.3042057234375 0.2301521234375 0.30641046250000004 0.22563712656249998 0.307991196875 0.21597847187500002 0.311202628125 0.210686203125 0.312340025 0.19802137343749998 0.311579346875 0.19499233437500002 0.3074372515625 0.190020159375 0.3151841515625 0.178681209375 0.3286218421875 0.1779495890625 0.33676338437500003 0.1802356125 0.343673575 0.176909340625 0.34622298906250004 0.171994278125 0.35149180156250004 0.1693995578125 0.35807867656250003 0.1562774828125 0.3624228 0.15319126249999998 0.3626521625 0.14470994375 0.3738898203125 0.1336224421875 0.3715971046875 0.129633265625 0.3718704578125 0.1254040359375 0.3764059265625 0.11935735624999999 0.3771059609375 0.11345929218749999 0.3727832 0.10634964218750001 0.3709005125 0.09601661875 0.36701040625000003 0.09701108281250001 0.36548905 0.0909530078125 0.366155775 0.075704921875 0.3650064296875 0.06882385937499999 0.368277240625 0.0478148625 0.36623053906249997 0.040019378125 0.3670945859375 0.0315837765625 0.36512989375 0.0225195234375 0.366781953125 0.0166900359375 0.3739441328125 0.01933040625 0.37638420625 0.016107032812499998 0.3750428171875 0.013890475 0.05858713125 0.00216989375 0.0568664421875 0.021984078125 0.057370421875 0.0339173578125 0.06027048593749999 0.0383751765625 0.060976495312500004 0.042250059374999996 0.0736107828125 0.058881140624999995 0.1239411984375 0.14833474375
1 0.2440619703125 0.2925278734375 0.237097109375 0.2966999890625 0.2237960953125 0.2953169953125 0.2211693828125 0.286629946875 0.217787965625 0.2846868078125 0.212311153125 0.2855669765625 0.20967376093749998 0.2819778625 0.20499564062500003 0.28036621093749997 0.1878045234375 0.2799776796875 0.18046765 0.284972784375 0.1744108234375 0.2849613875 0.1726874390625 0.2869617078125 0.158543740625 0.2838184453125 0.15177022812500002 0.2850301 0.14815347343750002 0.2817953328125 0.143420684375 0.2810295265625 0.1391419109375 0.278171965625 0.1358425 0.27496005625 0.1356891703125 0.272399659375 0.1318537359375 0.272548275 0.12791964218750002 0.2692906515625 0.1160793421875 0.26503862968749997 0.11533531718750001 0.266684603125 0.0950314265625 0.274994584375 0.0876505625 0.27573759999999997 0.0827977515625 0.2817614203125 0.07546087812499999 0.2867565234375 0.0725561078125 0.2971695859375 0.06391185 0.3075941125 0.0618877796875 0.3142465859375 0.0622217765625 0.31894445781249997 0.0588023421875 0.32252217656250004 0.0601596875 0.3311177875 0.05906628125 0.3480347078125 0.053824803125 0.350206503125 0.0499240171875 0.3562989015625 0.0442285234375 0.360562453125 0.0402397578125 0.3581506734375 0.037049684375 0.3532470734375 0.03543564375 0.353555703125 0.0284874359375 0.36240282968750004 0.0272300171875 0.3818572859375 0.036012215624999996 0.3939619734375 0.0363462109375 0.39865984375 0.034223478125 0.40190607500000003 0.0368062015625 0.406341034375 0.038535559375 0.41411366093749996 0.041118282812500004 0.41854862031250006 0.0442643640625 0.41920013125000005 0.0490958125 0.42337218125 0.0507811796875 0.4268927171875 0.051033171875000005 0.4328593578125 0.047521053125000004 0.44280377968750007 0.045519609375 0.46390421093749995 0.046931625 0.47165397656249997 0.050838384375000004 0.475334528125 0.052441746874999993 0.48012383437499995 0.05260105 0.492457175 0.056327143749999996 0.49400025156250005 0.057837821874999994 0.5051562609375 0.06049186875 0.5134203859375 0.060361167187499995 0.5253079484375001 0.0623638765625 0.5288513421875 0.0747948703125 0.5288969921875 0.075002871875 0.53061154375 0.0820557109375 0.5349436046875 0.0850271 0.543230590625 0.0844530609375 0.5521119718749999 0.0857497640625 0.5517804843749999 0.086821809375 0.5450594343749999 0.090033240625 0.539767165625 0.0940493421875 0.5417560203125 0.105112309375 0.53830399375 0.123463453125 0.540475653125 0.13069098750000002 0.537172240625 0.143220640625 0.540624134375 0.1472200859375 0.537937978125 0.150738178125 0.5377665031250001 0.155361628125 0.5402240015625 0.16679190156249998 0.5508198656250001 0.1645051578125 0.5566036343749999 0.1625191015625 0.5577352515625 0.16820391562499998 0.5585696328124999 0.1692652828125 0.55694651875 0.17426074375 0.5585810296875 0.1781781828125 0.5571636437499999 0.1829763234375 0.5519856671875 0.1827243328125 0.5460190296875 0.187976490625 0.5387492984375 0.1964460546875 0.5359602453125001 0.20083416718749997 0.5371261140625 0.20410624375 0.540760946875 0.20857636249999997 0.5406580484375 0.21654791874999998 0.5357086609375 0.22848090625 0.533593978125 0.248795478125 0.5201860625 0.25123555 0.516962690625 0.25415697656249997 0.5112246421875 0.25532170781249997 0.4981368875 0.2546430359375 0.49383908125 0.2558410765625 0.4901013515625 0.2598678578125 0.48699227343749996 0.25968719375 0.4848547984375 0.2755043109375 0.47197270625 0.277013721875 0.45848488749999994 0.2823060703125 0.3815357640625 0.282125403125 0.379398290625 0.2724731859375 0.3659562578125 0.27945940937499997 0.35158827187499997 0.2826054890625 0.352239784375 0.2853355703125 0.34946219375 0.285844259375 0.3465245921875 0.28342554531249997 0.33955209375 0.2850229359375 0.334568453125 0.282478228125 0.324612634375 0.2741560203125 0.3201891390625 0.27149129375 0.3170229484375 0.2704679421875 0.31312520625 0.26265442499999997 0.3057641078125 0.2539268953125 0.2928135765625 0.2440619703125 0.2925278734375
1 0.491541140625 0.267440284375 0.48106886875 0.26668594218749997 0.47560273437499995 0.262468175 0.46824323437500004 0.25301532187500003 0.4564849390625 0.24749453125 0.45129813125 0.24882048281250002 0.44930139531249996 0.2550500328125 0.44630864375 0.25695891875 0.44281788593750004 0.25670747031249996 0.43864845625 0.2521582171875 0.4192466265625 0.24651173750000002 0.4098143578125 0.25433015000000003 0.40736360468750005 0.26265145625 0.4038895 0.26707501875 0.39999939375000004 0.2680694828125 0.389882478125 0.2618171421875 0.3830043296875 0.2498496078125 0.3703926703125 0.247666484375 0.36294048437500004 0.244580334375 0.359033721875 0.24089978437499998 0.3509361703125 0.2428658515625 0.3497654640625 0.246180659375 0.3324816609375 0.25215883125 0.330079603125 0.24986134531249998 0.3248654609375 0.25161021875 0.3235854125 0.256616715625 0.3187326015625 0.2626405375 0.30049803750000004 0.29319395937500004 0.2978559390625 0.304475728125 0.2956238671875 0.30941365 0.293293134375 0.3109453296875 0.2920297421875 0.320626840625 0.29205834375 0.3448477453125 0.29386970625000003 0.351351603125 0.29812114218749997 0.3546320875 0.295298378125 0.36377638125 0.295413690625 0.3718576359375 0.2976790734375 0.3762697359375 0.2984290703125 0.384396709375 0.30242381093750004 0.3965814359375 0.3089679625 0.403851096875 0.31072465625 0.41120080156250005 0.3153754390625 0.4132353765625 0.317613484375 0.41807039843749993 0.3175618015625 0.42380271875000003 0.3153160609375 0.428952103125 0.3104739296875 0.4298779890625 0.3060751359375 0.4338100546875 0.300543653125 0.43553606875 0.29518215468750003 0.444497490625 0.2952427984375 0.4534245921875 0.29727583125 0.4614315390625 0.2951560859375 0.46956424218750004 0.2987074875 0.47874279062499997 0.302904253125 0.48286912187500003 0.30514827499999997 0.497477090625 0.3131151234375 0.5073985859375 0.326876128125 0.516462771875 0.3325062703125 0.518143 0.3339182875 0.5258927671875 0.33884839843750003 0.5334710578124999 0.3398444109375 0.5377917234375 0.34728591875000003 0.545975809375 0.350169328125 0.5457586156249999 0.355290784375 0.550376446875 0.3570688390625 0.5475302796875 0.35761554218749997 0.5390718203125 0.36034562187499997 0.5362942296875 0.36542906249999996 0.54643291875 0.37894405 0.559303409375 0.37729199062499996 0.5651328953125 0.379639375 0.568276228125 0.3796560296875 0.5729512390625 0.3819214125 0.577363340625 0.395365075 0.5864046671875001 0.4144329078125 0.5873532765625 0.42253046093749996 0.585387209375 0.42599388281249995 0.586061578125 0.427372590625 0.5844613234375 0.4269019171875 0.58187806875 0.43055668750000003 0.5795919765625 0.435289475 0.5803577828125001 0.4386162234375 0.5831467703125 0.4421616515625 0.5825523703125 0.446035103125 0.57688289375 0.449689871875 0.5745968046875001 0.45117791875 0.57130485625 0.46385492968750003 0.5675441984375 0.47336920625 0.55845701875 0.523321278125 0.5255144703125 0.528304790625 0.5076030874999999 0.5334476078125 0.5020250484375001 0.542125171875 0.500950546875 0.55220280625 0.4880799171875 0.557169665625 0.465493525 0.5580717265625 0.4515370640625 0.5604678109375001 0.4440616046875 0.5598438078125 0.4389179515625 0.5683108390625 0.38684124375 0.5617607125 0.369798634375 0.54821115 0.322934290625 0.548062525 0.3055030109375 0.5428970828125 0.2966330953125 0.5447844765625 0.29209523437499996 0.539591696875 0.28364823906250003 0.534459559375 0.2841283421875 0.5234452875 0.2769615796875 0.51733379375 0.2777960296875 0.5066261828124999 0.2757500609375 0.5015380359375 0.280482253125 0.4982219703125 0.27259533281250004 0.49552990625 0.2698520640625 0.491541140625 0.267440284375
1 0.7479824515625 0.3939764109375 0.7486642531250001 0.3883604359375 0.7440681390624999 0.3854800171875 0.671634415625 0.317378428125 0.6662122734375 0.3174127515625 0.6628308546875 0.3154696125 0.660735459375 0.31829291875 0.657507375 0.3189101765625 0.6567360140625 0.3209790734375 0.6576060328125 0.3223164203125 0.6514838562499999 0.3282488046875 0.6461437171875 0.3270143578125 0.6281039421875 0.31509261093749996 0.627233921875 0.313755265625 0.6284046296875 0.3104404578125 0.62531321875 0.30894309999999997 0.624027196875 0.304176653125 0.62765463125 0.30231348593749996 0.6190864078125 0.301696296875 0.6209357890625 0.30267929531250004 0.6206351015625 0.3073314484375 0.610879515625 0.30535405625 0.59838914375 0.321025134375 0.5921136359375 0.324397121875 0.58409338125 0.3399652984375 0.58453671875 0.342971478125 0.579519896875 0.35153283750000003 0.5738517375 0.355373465625 0.5722056515625 0.3709758984375 0.5761944156250001 0.37338768125 0.5801904203125 0.410216234375 0.5772796765625 0.41085635 0.57070348125 0.418880490625 0.5702827734375 0.430322271875 0.5669180109374999 0.4330541421875 0.5654299625 0.43634609218750003 0.564505271875 0.4358545921875 0.5670059875 0.441558321875 0.566152625 0.4448959875 0.5610371421875 0.450051103125 0.5602384484375 0.4525429234375 0.5592437015625 0.4728660859375 0.5639824625000001 0.4834048375 0.5617777265624999 0.48791983906249997 0.5560548953125 0.4926063125 0.553828796875 0.5073171828125 0.5561761828125 0.5104605140625 0.55883023125 0.5187246390625 0.5587375437500001 0.5250913421875001 0.5601875765625 0.5273202515625 0.5679024359375 0.5312751078125 0.5693964578124999 0.53775610625 0.5714538375 0.54045365625 0.574200571875 0.5423510765625 0.5883716046874999 0.5450714171875 0.5957144515625 0.549849259375 0.5968471421875 0.5520553109375 0.5966177796875 0.5605366296875001 0.59570974375 0.5647201421875 0.593269671875 0.5679435140625 0.5930236546875001 0.5717498203125 0.5943370109375 0.5760933453125 0.6118680999999999 0.59095269375 0.6158461828124999 0.598462409375 0.6241410562499999 0.6033088296875 0.660515321875 0.6127272234375 0.6645421015624999 0.6096181453125 0.680835865625 0.6090922546875001 0.684654646875 0.604268628125 0.6875927265625 0.6032055875 0.7015557593749999 0.6042113796875 0.704023165625 0.6005650828125 0.703317159375 0.5966902000000001 0.7069826078125 0.589306175 0.7143468171875 0.5838881484375 0.7199756953125 0.560924546875 0.7250091703125 0.5570382015625001 0.732762046875 0.5554722 0.7398089125 0.5500313125 0.7422489875 0.546807940625 0.74385705625 0.5367263671875 0.7488631984375 0.5332629421874999 0.7550293640625 0.5315826453125 0.7594661734375 0.5221297234375 0.7641276390625 0.5190663625 0.76617904375 0.511990965625 0.7657903765625 0.508138940625 0.7643130109375 0.50633295625 0.76429635625 0.50165794375 0.7701285265625 0.4952797765625 0.76349639375 0.47950593750000003 0.7650604750000001 0.4651722734375 0.7646551546875 0.45664523749999997 0.7679972890625 0.43946540624999997 0.7670392890625 0.4296238828125 0.76268919375 0.4229371546875 0.7630718859375001 0.41701623281250005 0.7600078109374999 0.415095953125 0.75771509375 0.41110677500000004 0.7530916453125001 0.40864927656249994 0.7504815890625001 0.40463724062499995 0.7479824515625 0.3939764109375
1 0.9626345171875 0.4024985390625 0.95471165625 0.3968291328125 0.951214925 0.3868047390625 0.943937428125 0.3760831171875 0.9322944484375 0.3786435828125 0.9203114984375 0.36673322812500003 0.9077984984375 0.3679563484375 0.9020923234374999 0.377317834375 0.890175990625 0.3841075296875 0.8875719078125 0.38986844062500003 0.8852138390625001 0.39182304375 0.8817777515625 0.39072575 0.8719841515625 0.39426921406250004 0.8581744499999999 0.3958238203125 0.845190778125 0.3944636828125 0.83381644375 0.4076658 0.830468334375 0.415072684375 0.8085837093749999 0.433041315625 0.8073856671874999 0.4367790453125 0.7996387656249999 0.44811799375000005 0.7983313828124999 0.45354741875000004 0.8010674359375001 0.46054277343749994 0.8010567546875 0.465640709375 0.8047008437500001 0.468452553125 0.8063862125 0.471973090625 0.8035194562499999 0.4768652953125 0.8005267046875 0.4787741796875 0.798502634375 0.4854266546875 0.7913844421875 0.4870383734375 0.7865589671875 0.492639271875 0.781962853125 0.48975885156250004 0.780928821875 0.4909590421875 0.7781880625 0.49883456718749997 0.7741066125 0.5027894921875 0.7758086328125 0.5109850390624999 0.7751161515625 0.5216989484375001 0.769337071875 0.532188371875 0.7730144703125 0.5443502390625 0.780537984375 0.55126555625 0.78530408125 0.561381384375 0.7900261875 0.567245125 0.7963896765625 0.5723773140625 0.8228276921875001 0.5776808421874999 0.8284364734375 0.589556940625 0.8471549218750001 0.60577649375 0.854263375 0.6062885312499999 0.8596299046875 0.61007423125 0.97829533125 0.64836168125 0.9849265921875 0.545764571875 0.9878837718750001 0.4459597125 0.983531634375 0.4392698453125 0.9804128875 0.438195409375 0.9765334640625 0.4340919375 0.9690266046874999 0.4318516328125 0.962131803125 0.41520908749999996 0.9626345171875 0.4024985390625
1 0.572763753125 0.5843118890625 0.5646222109375 0.5820258671875 0.5570773375 0.5853064203125 0.5526512078125 0.5896614078125 0.54924245625 0.588141190625 0.548536446875 0.58426630625 0.5439296546875 0.586483821875 0.54092025 0.5837176937499999 0.5374021578125 0.5838891703125 0.5210323609375 0.5954567749999999 0.5268431703124999 0.599274478125 0.5259077984375 0.6038809125 0.5227783734375 0.6079044140625001 0.517454890625 0.611344978125 0.51617484375 0.6163514765625 0.51819420625 0.6245698859375 0.5168927984375 0.6397722531250001 0.5208602015625 0.652379903125 0.5234975953125 0.6559690171875 0.5225634921875 0.6852192796875001 0.512397878125 0.68958573125 0.5075177328125 0.696032475 0.5050229875000001 0.70010169375 0.50524764375 0.7064912546875 0.5029882375 0.7118521015625 0.5030595609375 0.715681265625 0.5140631515625 0.727945965625 0.51405246875 0.7330438984375001 0.5179758828125001 0.7413994625 0.5216473078125 0.7437883828125 0.5233826374999999 0.7613339546875 0.521238546875 0.7747760546875 0.5230225734375 0.781702834375 0.531733446875 0.7899783546875 0.5333534656250001 0.7994426734375 0.5445484 0.8087469109375001 0.5529799484375 0.811478715625 0.5592614296875 0.8178796734375 0.5695150234375 0.822017396875 0.5783292640625 0.8188282812500001 0.587302809375 0.8279725062500001 0.5977097312499999 0.8346706296875 0.6048065609375 0.8432547796875 0.6209743296875 0.8397455687500001 0.636606075 0.8395968859374999 0.6407695328125 0.8343731921875 0.6460930140625 0.8309326265625 0.6574186531249999 0.8283493015625 0.6620801171874999 0.82528594375 0.6649195390625 0.820816659375 0.66984838125 0.803751125 0.6702857437499999 0.7969843562500001 0.6685017156249999 0.790057578125 0.66856706875 0.784113796875 0.678277396875 0.7571952734375 0.6783700828125 0.750828571875 0.6736479734375 0.7449648296875 0.6741293265625 0.74245015 0.6765420640625 0.7396497015625 0.6901877546875 0.74063263125 0.6900724421875 0.7325513781249999 0.6950512468750001 0.7295108765625 0.7013694796875 0.70574715 0.7013635046875 0.695974203125 0.7033055703125 0.690590496875 0.7028729140625 0.6824863859375 0.7046996640625001 0.6690214265625001 0.7020349375 0.6658552359375001 0.6972795203125 0.650641471875 0.6957748171875 0.6492584078125 0.6957628703125 0.629712515625 0.6918287750000001 0.6264548890625 0.6881133625 0.619813878125 0.68351725 0.6169334578125001 0.6769350796875 0.615184653125 0.6730283203125 0.6115041031249999 0.6627093765625001 0.6133101578125 0.5751384749999999 0.587032296875 0.572763753125 0.5843118890625
1 0.3930343421875 0.5879363468750001 0.381965403125 0.5816154296875 0.3709558375 0.5595777843749999 0.35951488593750003 0.554079853125 0.35467275625 0.555005740625 0.34714924375 0.5480904234375 0.3429964671875 0.54821618125 0.33695629375 0.5528797984375 0.3276773546875 0.56325860625 0.3247285921875 0.56941958125 0.32136383125 0.572151453125 0.31862307031250003 0.5800269765625 0.32083378125 0.5852849250000001 0.318279659375 0.60507086875 0.3202550359375 0.6090371875 0.319516984375 0.6204561078124999 0.31352080312499997 0.6293718140625 0.302304503125 0.6302634453125 0.2882820953125 0.6449743828125001 0.2901101140625 0.65615325 0.2893993984375 0.66714925 0.28580527187500004 0.6783624421875001 0.28333786562499996 0.6820087359375 0.2814397875 0.691644528125 0.2835411578125 0.6985941671875 0.285703171875 0.71447090625 0.2849318125 0.716539803125 0.2904312546875 0.73010759375 0.29352266562499996 0.7316049515625 0.298452775 0.7391832421875 0.312235140625 0.738051559375 0.32934552031250003 0.7643526890625 0.330412859375 0.77250251875 0.33518963749999997 0.7775204125 0.3362129875 0.7814181546875 0.3416517859375 0.78605884375 0.3528300671875 0.7906880703125 0.364818990625 0.8123713703125001 0.3801500484375 0.8168748375 0.3825521046875 0.8191723218750001 0.38900827968749996 0.8179378078124999 0.39985727187500003 0.8029982828125 0.402768015625 0.8023581656250001 0.40701945312500004 0.8056386515625 0.41305491875 0.815845915625 0.42166713125 0.8207151937500001 0.4280686328125 0.8203265234374999 0.43961295468749995 0.814359815625 0.44469042031250006 0.814725559375 0.44804450312500005 0.8170916203124999 0.4559887234375 0.8125651578124999 0.4639496 0.8127137078125 0.4667890203125 0.808244425 0.4739892171875 0.8053639359375 0.4805107421875 0.7981856406250001 0.4884216546875 0.7843091531249999 0.490500396875 0.7768108328125 0.4905871109375 0.760671184375 0.507647165625 0.6595010859375 0.5057347890624999 0.657026428125 0.504675778125 0.6512141015624999 0.51005393125 0.646927690625 0.515092115625 0.6281704609375 0.5150207890625 0.6243412968750001 0.50694930625 0.6012406109375 0.4776432703125 0.5761854609375 0.472795165625 0.5673384031250001 0.47240649843750004 0.5634863765625 0.470464434375 0.5688700812499999 0.46463226406249997 0.5752482484375 0.4553473515625 0.5758541109374999 0.4107234671875 0.5904852109375 0.3930343421875 0.5879363468750001
1 0.27214685156249996 0.5392886890625 0.269738821875 0.5272182578125 0.260447934375 0.518051171875 0.2582538765625 0.5174682374999999 0.25644848750000004 0.5207373265624999 0.25218637187500004 0.5225547781250001 0.246381534375 0.5285100218750001 0.2395533484375 0.5305675234375 0.237031271875 0.535059665625 0.2242556 0.535414078125 0.22078149531250002 0.53983764375 0.1502983453125 0.525412953125 0.147950959375 0.522269621875 0.1428628109375 0.5270018140625 0.060651235937500006 0.5559210671875 0.052942348437499995 0.5617391578125 0.0508196171875 0.5649853890625 0.037606584375 0.5721065703125 0.0274469453125 0.58624596875 0.0219154609375 0.587971984375 0.021051414062500003 0.5964075828125 0.02334413125 0.6003967609374999 0.0214840703125 0.6045116968750001 0.02318609375 0.6127072453125 0.021830015624999997 0.6287554609375 0.0234773671875 0.63779685625 0.0205892484375 0.6528849296875 0.0231916125 0.6668813734375 0.020229184375 0.673253809375 0.0168097515625 0.6768315281249999 0.0116182375 0.693028359375 0.013719607812500001 0.6999779984375001 0.017281690625000002 0.7040586109375 0.0256931421875 0.7416301140625 0.025709798437499997 0.746305125 0.028637196875 0.750340021875 0.0336552859375 0.7664224890625 0.0457915671875 0.7808932375000001 0.050551690625 0.7812361203125 0.0581785703125 0.7766868 0.06634744687500001 0.778549896875 0.07017219999999999 0.783499215625 0.0699261828125 0.7873055234375 0.0730889203125 0.792632046875 0.07822105625 0.7921519421875 0.0805684421875 0.7952952734375 0.087413284375 0.797912784375 0.0953088078125 0.8040051125 0.096594828125 0.8087715609374999 0.1002389171875 0.8115834046874999 0.09499273124999999 0.8286260828125 0.09580808125 0.8308092734375 0.1037142875 0.8318036671875 0.1129005390625 0.8277915640625 0.11628195625 0.8297347015625001 0.11935671249999999 0.8265570484375001 0.1209541015625 0.8215734078124999 0.1317270640625 0.8176755984374999 0.1374392109375 0.8180870578125001 0.14015861093749998 0.8204074015625 0.1405746125 0.823836503125 0.1443827125 0.8241108078125 0.1518562609375 0.8170010890625001 0.1692113921875 0.8148520843749999 0.1728768421875 0.8074680593749999 0.178807671875 0.804496134375 0.191238665625 0.8045417859375 0.1925460484375 0.7991123625000001 0.2002929484375 0.7877734140625 0.210359903125 0.7800007203125 0.2196221875 0.7649468984375 0.2348105953125 0.7617920359375 0.2372233359375 0.7589915859375 0.2431268296875 0.7564425859374999 0.2474269625 0.749104278125 0.251415728125 0.7515160578125 0.25607719218749997 0.7484526984375 0.2603773265625 0.7411143906250001 0.2662808203125 0.7385653890625 0.2691095609375 0.7391940421875 0.275587096875 0.7277636578125 0.277561203125 0.7070861484375001 0.27984794687500003 0.7013023796875 0.2802306390625 0.695381459375 0.27817325937500004 0.6926839078125 0.27185376250000004 0.691803809375 0.270939753125 0.686214375 0.26639830937500003 0.68248810625 0.26632698593750004 0.678658940625 0.2637169265625 0.6746469046875 0.2613802234375 0.6664056390625 0.259606875 0.654380925 0.2617022703125 0.6515576171874999 0.2642956734375 0.6508946421874999 0.2755393078125 0.6495800859374999 0.277996034375 0.651031725 0.2805181140625 0.6465395859374999 0.286421609375 0.643990584375 0.2904150828125 0.6315314843750001 0.2944965328125 0.6275765578125 0.2951965671875 0.621678496875 0.29875267656250004 0.6159861640625001 0.2967333125 0.60776775625 0.2978691328125 0.6000600265625 0.303440209375 0.5878560515625 0.29953345 0.5841755046875 0.29946212499999997 0.5803463375 0.29690673749999996 0.5754884546875 0.2953473640625 0.5749512375 0.2941493234375 0.5786889687500001 0.287638478125 0.5807693281249999 0.2836330609375 0.5736825359375 0.27764158437500003 0.5677273625 0.27606555781250003 0.56251513125 0.27734560625000004 0.5575086312499999 0.2755615765625 0.550581853125 0.276868959375 0.5451524296875 0.27214685156249996 0.5392886890625
1 0 0.9849420640625001 0.09433360468749999 0.991737134375 0.09461763749999999 0.9824099687500001 0.0934029421875 0.9814726874999999 0.09444765468750001 0.9751745625 0.0966250546875 0.971082484375 0.0939163375 0.9636642046875 0.09712776875 0.9583719359374999 0.10366594843750002 0.9558686515625 0.10491866093749999 0.951285075 0.09603309531250001 0.9506450265625 0.09241634062500001 0.947410259375 0.08844423125 0.9496734921875 0.0853254859375 0.9485990578125 0.081101384375 0.9448956484375 0.076570621875 0.9360714484375 0.07179384375 0.931053553125 0.06930380781249999 0.9202518906250001 0.0692811796875 0.90580393125 0.0628570484375 0.8917446437500001 0.0634037515625 0.8832861828125 0.06616116718750001 0.8800856687499999 0.0679499015625 0.8721415671875 0.0684799515625 0.859008096875 0.05991643437500001 0.8435200265624999 0.061459153125 0.8393822312499999 0.062060528125 0.8300779265625 0.0597678109375 0.8260887484375001 0.0516809390625 0.8229568796875 0.0481461921875 0.8184533437500001 0.0429153953125 0.81552720625 0.035320559375 0.8047827234374999 0.036687318749999996 0.7836365734374999 0.0234836984375 0.76101599375 0.0196969609375 0.75054581875 0.011757446874999999 0.7402014 0.0044585890625 0.739675646875 0 0.7426596859375 0 0.9849420640625001
1 0.2617396640625 1 0.26362405 0.9967083562499999 0.2661841453125 0.9866953578125001 0.2651714765625 0.9776996812500001 0.2576039734375 0.9665322765625 0.25608261875 0.9604742 0.2565746515625 0.9528615874999999 0.25996077500000003 0.9399338453125001 0.2636702140625 0.9368019078125001 0.2703830859375 0.9266631515625001 0.274446615625 0.8933893890625001 0.2733293140625 0.8712145234375 0.2703412703125 0.8582525265625 0.2688912375 0.8560236171875 0.26482046718749996 0.8548806062500001 0.26289976406250004 0.8500684421875 0.2682612625 0.8411070203125 0.26292583281250004 0.825001690625 0.258882396875 0.82343575625 0.2546202796875 0.82525320625 0.25019415 0.8296081953125001 0.24604137499999998 0.829733953125 0.2406512734375 0.8144744703125 0.2398192703125 0.807616265625 0.23610385625000002 0.8009752578124999 0.2176600265625 0.8051703 0.213687915625 0.8074335328125001 0.20995711562500002 0.8207613390624999 0.20971707031250003 0.8343405921875 0.2057722953125 0.8361808999999999 0.20354022343749997 0.8411188234375 0.1999947953125 0.8417132234375 0.196903384375 0.8402158640625 0.1886964921875 0.843873621875 0.1845983875 0.843153534375 0.18080694218749999 0.847554240625 0.1751934515625 0.8505490234374999 0.165011184375 0.8502404625000001 0.1594250296875 0.8528123234375 0.1554695734375 0.8597505671875 0.1378850828125 0.870380890625 0.1343016375 0.8764961453125 0.12041590312499999 0.8890924703125 0.110392940625 0.901117253125 0.1098795453125 0.9189257359375 0.11403829531250001 0.9285729234375 0.1136342421875 0.9446897156249999 0.11705964843750001 0.9508849421875001 0.11649628906250001 0.9546683921874999 0.11382088125 0.9566001343750001 0.112666828125 0.9645899531250001 0.11598289375 0.9724768734374999 0.11489419375000001 0.9745229140625 0.11010673281250001 0.974602953125 0.10649595468749999 0.9811411328125 0.100439128125 0.9811297375000001 0.09749036718750001 0.987290709375 0.0995168515625 0.9921104953125001 0.20904411875 1 0.2617396640625 1
1 0.4365377890625 1 0.43729066093749996 0.9832995562500001 0.43910673281249996 0.97493253125 0.4362446828125 0.9649538546875001 0.43757940156249997 0.9591015109375001 0.4357680390625 0.952597653125 0.443651615625 0.9391440890625 0.4452490046875 0.93416045 0.44933516406249996 0.91533464375 0.45008389375 0.8988177890625 0.44858987343749995 0.892336790625 0.44931724375000004 0.8860158046875 0.448315253125 0.87192219375 0.44319379843749995 0.8673043625 0.43648965312500004 0.8556042984375001 0.43476695625 0.8497016765625001 0.424934075 0.8341221703125001 0.416267190625 0.8300987390625 0.409613696875 0.82452076875 0.4048809078125 0.8237549640624999 0.3963293375 0.8278127843749999 0.39120788281249996 0.8231949546875 0.38454370937500004 0.82271491875 0.3772008609375 0.8179370765625 0.3678172875 0.8151366953125001 0.3635931859375 0.8114332875000001 0.3580390765625 0.79871134375 0.345936103125 0.7935906187499999 0.343895378125 0.79556808125 0.33481846718749997 0.7978884921875 0.325840215625 0.8036151484375 0.3125011828125 0.8077530109375 0.29106587031250003 0.8385007671875 0.27423608125 0.8423871843749999 0.2722560015625 0.8532917453125 0.27420404062500003 0.8576809875 0.27658509375 0.9836205343750001 0.27473555 1 0.4365377890625 1
1 0.6125182031249999 1 0.6126439078125 0.9980551203125 0.6146846312500001 0.9960776593749999 0.6147499828125 0.9901338765625001 0.61164191875 0.9839615078125 0.61171795 0.97291979375 0.6137420234375 0.9662673187499999 0.6158100828124999 0.9638669343749999 0.6116679875 0.95889475625 0.6113066546875 0.9546198109375 0.6135660625 0.9492589640625001 0.616241471875 0.9473272203124999 0.6161701484375001 0.9434980546875 0.6186648921875 0.9394288375000001 0.6179042109374999 0.9363997968750001 0.619703628125 0.9233577640625 0.617383578125 0.9197915078125 0.6161629078125 0.9090812796875 0.6234391390625 0.8951590749999999 0.6242045234375 0.8833172328125001 0.6272792796875 0.8801395781249999 0.6298833640625 0.87437866875 0.633800803125 0.8729612828125 0.6373842484375001 0.8668460265625001 0.6422810484375 0.8650742953125 0.644803128125 0.8605821546874999 0.6443871265625 0.8571530515625 0.6412517249999999 0.8514036062500001 0.636184940625 0.8459399281250001 0.627118709375 0.8431624078125 0.6231465968750001 0.8454256390625 0.6106882687499999 0.8458029125 0.6073781765625 0.8476889390625001 0.6031814109375 0.8435626078125 0.57725805625 0.8450944249999999 0.5712665828125 0.8391392468750001 0.5694659 0.82753745625 0.565033796875 0.8221194984375 0.56067301875 0.8205307046874999 0.5524874875 0.8139925921875 0.5426225625 0.8137068921875 0.5344976765625 0.8160958812500001 0.5233360499999999 0.8161416671874999 0.5124810828124999 0.821308246875 0.50802761875 0.82608615625 0.5087229453125001 0.8350589765624999 0.5047128187500001 0.8428430640625001 0.5014087 0.8545020375 0.49179576562499994 0.8601829750000001 0.4885403421875 0.86122315625 0.4843709109375 0.856673903125 0.471677246875 0.8557595484375 0.4663810984375 0.8587771906249999 0.45548214375 0.85969168125 0.447012578125 0.862480734375 0.44740124375 0.8663327609374999 0.449250625 0.86731575625 0.450591315625 0.8712363578125 0.4520913125 0.887490303125 0.45089326874999996 0.8912280328125 0.45271060625 0.9075048375 0.45387063281250006 0.909287965625 0.45037516875000005 0.923907396875 0.4546539390625 0.9267649609375 0.4599419375 0.9781329078125 0.4573545078125 0.9885688296874999 0.450542978125 0.9953013437499999 0.447604896875 0.9963643828125001 0.44670350000000003 1 0.6125182031249999 1
1 0.764805171875 1 0.7665046328125 0.9951166312499999 0.7672866734375 0.9879498 0.7783317203125 0.9551789312500001 0.780799128125 0.9515326359375 0.782932540625 0.943188471875 0.7853726140624999 0.9399651 0.783971278125 0.927117396875 0.78176056875 0.92185945 0.7700783062500001 0.9052969453124999 0.7662155359375 0.9058684859374999 0.7623907812499999 0.9009191671875 0.7579206625 0.9010220656250001 0.753351884375 0.897718721875 0.7497731484375 0.888963096875 0.751397871875 0.883556534375 0.749767175 0.8791901515625 0.742407671875 0.8697372968750001 0.7343754734375 0.865759584375 0.727316659375 0.8516545750000001 0.7175990890625 0.8441563234375 0.7132216578125 0.83789251875 0.692878484375 0.8270795296875001 0.6845895859375 0.83200605625 0.6694831828125001 0.8338921499999999 0.6601875875000001 0.839595946875 0.656406825 0.8388987171875 0.65407609375 0.8404303984375 0.6513626671875 0.847883 0.6522766765625 0.853472434375 0.6475605421874999 0.857381640625 0.6407930000000001 0.8683662421875 0.6305453812499999 0.8740014625000001 0.6231431578125 0.8849403484374999 0.6229031140625 0.8985196015625 0.6170602625 0.909995703125 0.6140367359375001 0.9518422203125001 0.6150933937499999 0.9650899859375001 0.6120519468750001 0.9776176640625 0.61522065625 0.9927171328125001 0.6143126203125 0.9969006468750001 0.61516440625 1 0.764805171875 1
1 0.8290211265625 0.6839250796874999 0.8232269703125 0.6847823890625 0.8212468890625001 0.6956869515624999 0.8191241578125 0.6989331812499999 0.8159340875 0.6940295812499999 0.81439136875 0.6981673749999999 0.812377978125 0.6997219140625 0.8082465624999999 0.6896518015625 0.8091545984374999 0.6854682921874999 0.8058551875 0.6822563828125 0.805197875 0.6677627078125 0.8073206078125 0.6645164765625 0.8076212937499999 0.659864325 0.8102527140625 0.653680490625 0.8087313578125 0.647622415625 0.8161062453125 0.637106453125 0.81341418125 0.6343631859375 0.8153562484375 0.62897948125 0.823716471875 0.62788211875 0.8248598421875 0.6249902359374999 0.8203730703125001 0.6204181234374999 0.813713603125 0.6050672046875001 0.81075886875 0.601455234375 0.8095275171875 0.595842940625 0.8024473421874999 0.5919338015625 0.7898523375 0.594425690625 0.7867502453124999 0.59802626875 0.7750965859375001 0.6056846671875 0.77016176875 0.6129772578125 0.76771228125 0.6459423906249999 0.7615461140625001 0.6476226875 0.7540939265625 0.6445365375 0.745996375 0.646502603125 0.7356727249999999 0.6631795390625 0.7136646359375 0.72745250625 0.70779445 0.73935153125 0.7043476796875 0.7433521734374999 0.699828865625 0.7540738625000001 0.7025708921875 0.770842165625 0.7067129875 0.77581434375 0.7070529578125 0.7902851609375 0.7096083453124999 0.79514304375 0.7096250000000001 0.7998180546875 0.7112556984375 0.8041844390625 0.7184345328124999 0.81149981875 0.7237199999999999 0.8135801109375 0.72670206875 0.8167691593749999 0.7408457671875001 0.8199124234375 0.74432584375 0.82526180625 0.7447311640625001 0.8337888437500001 0.7458638546875 0.83599489375 0.7487472640624999 0.8357777000000001 0.7594988640625 0.842075759375 0.763640959375 0.8470479359375 0.7697691109375 0.8508884968749999 0.777330640625 0.8522829562500001 0.780613396875 0.8508198531250001 0.7884815859375001 0.8573351046875001 0.8006392296874999 0.8616099828125 0.8099788125 0.8601582765625 0.8179337140625 0.850533878125 0.8262666015625 0.8498594390624999 0.8304027234375001 0.8450586703124999 0.8306487406249999 0.8412523625 0.8336795078125 0.8338226203125 0.8394023390625 0.8291361453125001 0.8430131187500001 0.8225979656250001 0.8470339250000001 0.8097159421875 0.8473892812500001 0.8042179421875 0.8456812875 0.786249446875 0.8460199890625001 0.7760764359375 0.843901965625 0.7644517859375 0.8513041906250001 0.7535129015625001 0.8610977921874999 0.7499694375 0.8689433515625 0.74203673125 0.868872028125 0.738207565625 0.8728821546875001 0.730423478125 0.870490778125 0.72302805625 0.8705441828125 0.6975383828124999 0.85900456875 0.688634209375 0.8435095 0.6866682796875 0.83304790625 0.6808160015625 0.8290211265625 0.6839250796874999
1 0.9204509984374999 0.63569991875 0.9094807171875001 0.63278524375 0.9015851937500001 0.6266929140624999 0.8885301953125 0.6215036109375001 0.88433343125 0.61737728125 0.8787306203125 0.6152741296875 0.8618568453125001 0.6149084546875 0.854076634375 0.6168973796875 0.8489884859375 0.6216295734374999 0.8421056328125 0.624532921875 0.837914840625 0.6301795375 0.8334733234374999 0.6545033421875 0.838086090625 0.662058775 0.8398487578125 0.6791814234375 0.8448882078125 0.685068021875 0.8538011093750001 0.685285146875 0.8612532953125 0.6883712984375 0.8648153796875 0.6924519109375 0.8689408203125 0.6927490765625001 0.8722128953125001 0.6963839078125 0.8737889234375 0.7015961374999999 0.8734882359375 0.7062482906249999 0.8707034859375 0.709871725 0.8725695218749999 0.7155297359375 0.8707534499999999 0.7238967609375 0.870934115625 0.7260342343749999 0.8747862046874999 0.7305606296875 0.8742228453124999 0.734344078125 0.870486071875 0.7378989375 0.8704480562500001 0.74341979375 0.867761965625 0.750449475 0.85609165 0.7534328609375 0.8501774734374999 0.7610797984375 0.8495047734375 0.7665549375 0.8468020296875001 0.7689096046875 0.8482580343749999 0.7809114609375001 0.84836864375 0.8038635953125001 0.847739934375 0.813590825 0.8453985203125001 0.8202204390625001 0.8457051812499999 0.8253412328125 0.847625884375 0.830153396875 0.8490759171875 0.8323823078125001 0.8592748390624999 0.8373658796875001 0.8602875093750001 0.84636155625 0.8627335531250001 0.8529111328125 0.8665416531250001 0.8531854375 0.8695783953125 0.855528640625 0.8744265 0.8643757015625001 0.890299553125 0.8752915921875 0.893697625 0.881909740625 0.92083096875 0.8961860875 0.92879184375 0.8963346375000001 0.9317679406250001 0.889750740625 0.935114165625 0.8882922078125001 0.9417148718749999 0.8887676734375001 0.9441169281249999 0.891065159375 0.9491670593749999 0.8918538249999999 0.9530191484375001 0.8963802187500001 0.9578066078124999 0.8963001796875 0.960137340625 0.8947684984375 0.9603013499999999 0.8922309609375001 0.9619427296874999 0.8914994093749999 0.9627414249999999 0.8890075890625001 0.9780152421875 0.6526951390625 0.9732176875 0.6479986656250001 0.97190433125 0.6436551421875001 0.9655681796875 0.6381000296875 0.9583786640625 0.635882584375 0.9444156328125001 0.63487679375 0.937877453125 0.6373800765625 0.9257198109375 0.6331051984375 0.9204509984374999 0.63569991875
1 0.9555675406249999 1 0.962317821875 0.8955614359374999 0.9178928875000001 0.8972491281250001 0.9060799218750001 0.892574184375 0.8972323718749999 0.8864132796874999 0.8876847890624999 0.886150434375 0.88367936875 0.8790636421875 0.8745418125000001 0.87245695625 0.8721777718749999 0.8646386125 0.8630022 0.8635527828124999 0.8565567062499999 0.8596893624999999 0.8499198671875 0.8587864046875 0.8446783906249999 0.8609582 0.84485905625 0.8630956734374999 0.8289932406249999 0.8865965578124999 0.8165075765625 0.88739675625 0.8098053859375 0.8924375765624999 0.8087773296874999 0.903410715625 0.8063265765625 0.911732021875 0.8039958437499999 0.913263703125 0.7974683453125 0.9106690499999999 0.7936769 0.91506975625 0.7954169390625 0.917744446875 0.7953515890625 0.9236882281250001 0.798016315625 0.92685441875 0.7945862015625 0.9355300703125 0.79446618125 0.9423196968750001 0.7962502078125 0.949246478125 0.795758175 0.956859090625 0.79493214375 0.9597738359375001 0.791250040625 0.9624828484375 0.789980675 0.9623914125 0.786872609375 0.9562190421875 0.7829004984375 0.9584822765625001 0.7828898171875001 0.963580209375 0.786134559375 0.9676379640624999 0.7848771390625 0.9870924234375 0.780751696875 0.9867952578124999 0.775346209375 0.9915045906250001 0.776369559375 0.995402334375 0.775755753125 1 0.9555675406249999 1