0 0.05413598125 0.332416015625 0.05177899375 0.3206297078125 0.0524851453125 0.310498565625 0.059167204687499995 0.3026902359375 0.0612790640625 0.2944061890625 0.059124775 0.27656678437500004 0.055009004687499995 0.2679989515625 0.050295028124999995 0.24442633281249998 0.04125928125 0.22939366562500002 0.0342797703125 0.2241722625 0.0313703046875 0.21244992968749998 0.030013623437499998 0.21461690312499998 0.022481634375 0.209459475 0.0227856859375 0.2003798328125 0.0125959578125 0.181461046875 0.0066299484375 0.1459741671875 0.007185725 0.1348555 0.0158749921875 0.13284436093750002 0.0051360859375 0.10293486249999999 0.00242548125 0.081859978125 0.009177665625000001 0.3097462234375 0.0115527671875 0.311218721875 0.0162667421875 0.334791340625 0.0273620234375 0.34858058125 0.0320825984375 0.35004381875 0.03640436875 0.34150386875 0.05413598125 0.332416015625
0 0.3130316265625 0.140050540625 0.3196123359375 0.13526875625 0.3012433875 0.0921736859375 0.298732725 0.0904545421875 0.28426365468750003 0.10619915625000001 0.2757704875 0.12426658125000001 0.282498271875 0.13152701093750002 0.2770682484375 0.1512496015625 0.27630977031250004 0.1684213640625 0.2715826 0.189067503125 0.2546551890625 0.19605235468749999 0.25224257968749997 0.2023613546875 0.25258905625 0.2194051609375 0.2582609109375 0.2308076140625 0.2578064859375 0.23889973125 0.260967678125 0.24858304062499997 0.2586531171875 0.26292018281249996 0.2473485359375 0.2772934171875 0.2344388484375 0.2848179609375 0.2347363 0.2978476984375 0.23935552499999999 0.302337484375 0.2506568046875 0.29901893749999997 0.2627589921875 0.304652084375 0.26542332968750004 0.2963040625 0.27325936875 0.29238185 0.323531546875 0.29761471875 0.3323678921875 0.3076457890625 0.33482623125 0.31640555312499996 0.3501909578125 0.3286954578125 0.35792235 0.33885448125 0.36098219062500003 0.351564340625 0.36695809687500003 0.35388715 0.37866147968749997 0.34951710625 0.3823294234375 0.344067678125 0.3722377453125 0.33317703593750003 0.360341559375 0.31043610625 0.35713134062499996 0.296738725 0.3496516765625 0.284540678125 0.3423256875 0.2622754640625 0.3409723046875 0.25338775 0.3430351390625 0.2410896328125 0.35258093437500004 0.229934875 0.3500245453125 0.21314696875 0.3466606546875 0.20951675625 0.3436008109375 0.19680689843750002 0.3304950203125 0.18827515781249998 0.31598682031249997 0.1668416328125 0.31061901718749996 0.1463595375 0.3130316265625 0.140050540625
0 0.5649061343749999 0.08836121875 0.563546153125 0.10158288281250001 0.5551053109375 0.11260968906249999 0.554748934375 0.12872995 0.5509273203125 0.1442465421875 0.531590596875 0.1464857046875 0.521289621875 0.163757534375 0.5243984890625 0.1804814609375 0.5400149453124999 0.19073234375 0.5349346953125 0.21644405625 0.5209134546875 0.24620593125 0.5080560890625 0.24668985625 0.4987162921875 0.24073683125 0.49027545000000006 0.25176363749999997 0.4900727515625 0.25781673125000004 0.4811284578125 0.2729215859375 0.4873004640625 0.2913006796875 0.485790109375 0.30353482187499997 0.4955287078125 0.3194910359375 0.5006971124999999 0.3349715375 0.5131033484375 0.331525040625 0.521187815625 0.33661849374999997 0.5266668671875 0.32090997187500003 0.524613928125 0.300044021875 0.5279811203125 0.2926195453125 0.53898165 0.2873259546875 0.5499788796875 0.29308705156250003 0.5520318171875 0.313953003125 0.5601653093750001 0.3230605265625 0.5661379171875 0.336438028125 0.57668731875 0.3281818640625 0.5894923578125 0.33473855625 0.5969786187499999 0.324827225 0.5916075171874999 0.3153998203125 0.5898063046875001 0.292494846875 0.5856905328125 0.2839270140625 0.5834348953124999 0.26911415625 0.5835885703125 0.25904699062500003 0.5781161171875 0.2526461328125 0.5667922 0.16351309218750001 0.5683515828125 0.155293021875 0.5648439125 0.1285659046875 0.565952165625 0.1173832625 0.5731376765625 0.105496884375 0.5881559265625 0.1007429828125 0.58454360625 0.08809710468750001 0.5792215296875 0.08268376875 0.56927693125 0.0838353375 0.5649061343749999 0.08836121875
0 0.7781913281249999 0.3038430765625 0.7845170109375 0.31215500625 0.7868249734375 0.31992724375 0.794909440625 0.325020696875 0.7944550125000001 0.333112815625 0.7859161218749999 0.3361114796875 0.7832517828125 0.3444595015625 0.7858539 0.376316165625 0.7936343156250001 0.3904892625 0.8051316984374999 0.40322699999999995 0.8138699953125 0.40522993124999995 0.8235105421875 0.41315800312500006 0.8283324671875001 0.41159469687500005 0.8278356125 0.3935633640625 0.833563090625 0.3868705109375 0.8315068546875001 0.3770592484375 0.8924594750000001 0.2715172 0.89883748125 0.27278851249999997 0.9048624125 0.2791253921875 0.925555815625 0.27471925625 0.9324405734375001 0.26085783125 0.9327969484375 0.24473756875000002 0.924621028125 0.20950659531250002 0.9212571359374999 0.2058763796875 0.9145783765625 0.20263002343749997 0.8969481140625 0.20869132656249997 0.8895174765625 0.20050735 0.88077918125 0.19850441875 0.86797084375 0.2030024171875 0.836943934375 0.165392865625 0.8266919843749999 0.18667876562500002 0.8142235265625001 0.23032994843750002 0.8072407171875 0.23616323437500003 0.782980721875 0.24299225156249998 0.7748389828125 0.26152145 0.7680572234375 0.2668289828125 0.772065046875 0.30053274375 0.7781913281249999 0.3038430765625
0 0.5469033390625 0.560875028125 0.5530753453125 0.5792541234375 0.5597541046875001 0.5825004796875 0.5695940546875 0.5954301484375 0.5787834765625 0.6003956515625 0.586367790625 0.5985124625 0.5916441406249999 0.5888570343749999 0.5863286609375 0.561334321875 0.5877376671875 0.552126728125 0.5858318062500001 0.543302990625 0.5945733984375 0.5342512312500001 0.6058190578125 0.5490279953125 0.612197065625 0.5502993046875 0.62450855 0.5277699765625 0.6240640187500001 0.5026980265625001 0.6307984015625 0.487849078125 0.629896146875 0.481923934375 0.6066496515625001 0.4584874796875 0.5826545765625 0.41905871718750004 0.576577321875 0.419762453125 0.5665280734375 0.43499525937500005 0.5601401703125 0.4668880171875 0.5562205015624999 0.47437646562499997 0.5432094609375 0.484927559375 0.532862759375 0.4871306265625 0.5225617828125 0.50440245625 0.5313458046874999 0.5214741484375 0.5392798953125 0.5255800765624999 0.5468085859375 0.5417921984375 0.5469033390625 0.560875028125
0 0.39504406875 0.505099690625 0.4004674953125 0.5074864781249999 0.4117687765625 0.5041679328125 0.41171975156249996 0.5001538609375 0.400876196875 0.4843255984375 0.3804510125 0.43141926562500005 0.37181736718749997 0.4153350984375 0.364082678125 0.41623076406250004 0.357550996875 0.42502661875000003 0.3368377984375 0.49576089218749997 0.34944013906250004 0.5083706796875 0.36253933437499997 0.5390118 0.3735365640625 0.5447728953125 0.3818204328125 0.5548679453124999 0.3875969359375 0.552189159375 0.3873485109375 0.54317349375 0.381627628125 0.5277569703125 0.388061259375 0.5109329734375 0.39504406875 0.505099690625
0 0.08154852343749999 0.42382435 0.07727907656250001 0.4253236828125 0.0733594078125 0.43281213281250003 0.07240153125 0.44498229843750003 0.076164225 0.458615703125 0.07901806875 0.48843334374999997 0.0886095921875 0.4923473453125 0.094330471875 0.50776386875 0.10171538437500001 0.5008790859375 0.11000255 0.4999194453125 0.1170310859375 0.509154921875 0.1342559484375 0.51519980625 0.1379238921875 0.509750378125 0.13837831875 0.5016582609375 0.14204625937499998 0.49620883281249994 0.1470185625 0.49563305 0.1618308109375 0.5079869328125 0.167453640625 0.5153753125 0.1714680625 0.52696969375 0.1894448046875 0.537952196875 0.19200449375 0.5436854109375 0.196676040625 0.5411345796875 0.1941686765625 0.528360746875 0.1862869109375 0.5172141984375 0.1785588203125 0.496000484375 0.177908290625 0.48803631718749996 0.16877119375 0.47603019843750005 0.161343853125 0.45679153125000005 0.14810088125 0.403053509375 0.1496602625 0.3948334390625 0.146296371875 0.39120322500000004 0.1396176125 0.3879568671875 0.12364478281249999 0.39382624375 0.117665578125 0.4025581234375 0.11319013281250001 0.4211652375 0.10218630468750001 0.437513521875 0.0877238296875 0.43114875625 0.08154852343749999 0.42382435
0 0.0348915078125 0.5900170859375 0.0346921046875 0.585015490625 0.0266632625 0.561826728125 0.019082248437499998 0.552655228125 0.033039009375 0.6443097765625 0.03613034375 0.6461501046875 0.055156418750000005 0.6750999625 0.074849515625 0.656740540625 0.07379688437500001 0.6498278734375 0.06601646875 0.6356547796875 0.0326259734375 0.6083682984375 0.0308214625 0.5965180140624999 0.0348915078125 0.5900170859375
0 0.15976092343749998 0.7122288390625 0.157302584375 0.703469078125 0.1609705296875 0.69801965 0.16539035 0.6975078421875 0.174377071875 0.7085264390625 0.18382151875 0.7003982265625 0.19858804218749998 0.6976833499999999 0.2152604265625 0.7037922109375 0.2197782984375 0.71130854375 0.2271108875 0.711464378125 0.23147838437499998 0.7179931890625 0.2368527875 0.7163659046874999 0.2273659125 0.6983706656249999 0.21547302343750002 0.664575046875 0.19977501250000002 0.591022575 0.1910890421875 0.5819790265625 0.183756453125 0.581823190625 0.174462384375 0.5909389265625 0.158930784375 0.6329349421875 0.147175078125 0.6443456046875 0.13738085312499998 0.6464846984375 0.1341150125 0.6508826265625001 0.1367237265625 0.6606299109375 0.145713746875 0.66059381875 0.151277653125 0.6971321953125 0.149567896875 0.7043647421875 0.154638246875 0.7118170984375001 0.15976092343749998 0.7122288390625
0 0.1572436625 0.7326190734375 0.16537385625 0.7527812890625001 0.17038858437499999 0.7783289546875001 0.168374775 0.7946411437500001 0.17424603125 0.811045190625 0.1818270453125 0.8202166921874999 0.1934290796875 0.81887319375 0.194485009375 0.8147311703125 0.2004609140625 0.81705398125 0.20096436718750002 0.8129759328124999 0.20865002968750002 0.8080661984375 0.20348162812499998 0.7925856984374999 0.2105690859375 0.772671178125 0.219157003125 0.7736865859375001 0.219261653125 0.759605346875 0.21409324999999998 0.7441248484375 0.2116382109375 0.7243103984375 0.2138514203125 0.712999803125 0.21761741406250001 0.7155785171875 0.21992867500000002 0.7122960671875 0.20461627343750002 0.6929655421875001 0.1773944859375 0.6951128453125001 0.1728733125 0.6986512015625 0.15921504375 0.6901834375 0.1544487421875 0.6736514375 0.151686353125 0.6739713171874999 0.1491723921875 0.6833068625000001 0.150120375 0.7043007671875 0.1631738421875 0.7198731265625 0.1572436625 0.7326190734375
0 0.1892477875 0.8615647359375 0.1917127234375 0.84821511875 0.1795615109375 0.838567903125 0.1386748578125 0.8543568203125 0.139776515625 0.865283559375 0.13761233125 0.8806082234374999 0.1335422875 0.88710915 0.132986509375 0.8982278156250001 0.1362490515625 0.9048845765625 0.2014381296875 0.908390090625 0.20530877187500002 0.8968875687500001 0.20465824375000002 0.888923403125 0.199388490625 0.8764694515624999 0.1892477875 0.8615647359375
0 0.2516320484375 0.83926668125 0.24902003593750002 0.8405740843749999 0.251877178125 0.8593370359374999 0.26251803281249997 0.8812183921875001 0.2704030984375 0.8813102531249999 0.2787425890625 0.8733099921875 0.28125325156250003 0.8750291359375 0.281452653125 0.88003073125 0.28727488437500004 0.89242070625 0.3024892375 0.9037230890625001 0.320874678125 0.8915447140625 0.3213781296875 0.8874666671875 0.313744790625 0.8853357859375001 0.3055622734375 0.8722141890625 0.303806790625 0.8643779765625 0.305768271875 0.8551064046875 0.3134506375 0.8612513578125001 0.313051834375 0.85124816875 0.3094885390625 0.8426163593749999 0.29618334687500003 0.8290830265625001 0.2996518875 0.8186320015625 0.2994034609375 0.8096163359374999 0.2751434640625 0.8164453546875 0.2734827328125 0.827691971875 0.27548664375 0.8445438515625 0.25946478906250003 0.8463991578125001 0.2516320484375 0.83926668125
0 0.30352582968749997 0.7960747921875 0.3010118671875 0.8054103390625 0.280416515625 0.81784461875 0.2804132171875 0.8288993078125 0.28437861249999996 0.8364796171875 0.2987953578125 0.827775621875 0.29995264062500004 0.8206070499999999 0.3088413109375 0.8235975046874999 0.3093904890625 0.8345882187500001 0.315716171875 0.842900146875 0.3227970328125 0.8450950046875001 0.32882526093750003 0.8403771984375 0.33992384375 0.8431117484374999 0.3364619 0.831453390625 0.34711925 0.7980613015625 0.352993803125 0.803410659375 0.35917241093749996 0.799680375 0.3572698484375 0.77980195 0.3585775046875 0.7736209015625 0.36144124375 0.7702744734375 0.366864671875 0.772661259375 0.3714315703125 0.784191665625 0.3855932921875 0.7885813828125 0.3901144640625 0.7850430265624999 0.3918242203125 0.7778104796875 0.3900687375 0.7699742656249999 0.3738998046875 0.7597873578125001 0.3643115796875 0.7448186671875 0.35733536718750003 0.7285425734375 0.35282079375 0.7099715484375 0.346446084375 0.6976455484375 0.34604728281249997 0.6876423609375 0.3496138734375 0.6852194796875 0.3444911984375 0.6848077406249999 0.3385119953125 0.6935396203125 0.325402903125 0.69606256875 0.3215256640625 0.7296744687500001 0.30258774375 0.7419168218750001 0.30815495 0.767400509375 0.30403257968749997 0.7809420546875 0.30352582968749997 0.7960747921875
0 0.352680315625 0.6758199578124999 0.374226946875 0.673324890625 0.3887841734375 0.6987724875 0.3913405640625 0.7155603890625 0.4012328375 0.721449440625 0.413639075 0.71800294375 0.4164047625 0.7066283734375001 0.40922585 0.6964053734375 0.4071205875 0.6825800390625 0.41164505937499996 0.6679869953125 0.4080850640625 0.648300496875 0.4019097578125 0.6409760921875 0.3906608 0.6372540171875001 0.3886568890625 0.6204021375 0.38469149375 0.6128218265625 0.3787221859375 0.5883896390625 0.3721447765625 0.5821167328125 0.36305340625000004 0.5851793734374999 0.3528014578125 0.6064652734375 0.350235171875 0.6228414375 0.3414412546875 0.6389338140625 0.354994875 0.6614828171875 0.352680315625 0.6758199578124999
0 0.4897372296875 0.68607734375 0.5191100046875 0.7128241328125 0.5263412421875 0.716006515625 0.5307610640625 0.7154947078125 0.5330232984375 0.7081981859375001 0.538747478125 0.71256001875 0.551202740625 0.7131275921875 0.5557272125 0.6985345484375001 0.555076684375 0.6905703812499999 0.5478977703125001 0.68034738125 0.5413759859375 0.65597916875 0.539120346875 0.6411663125 0.5421900843749999 0.6207121015625 0.538273715625 0.6171458609375 0.5340598921875 0.6005498859375 0.534063190625 0.5894951953125 0.5370773062499999 0.5871362921875 0.52723405625 0.5852613156250001 0.5223107828125 0.5898511703125 0.5136157421875 0.61120801875 0.49914584531250006 0.6297163046875001 0.4932580953125 0.6685857046875 0.48898535 0.681139725 0.4897372296875 0.68607734375
0 0.4447640375 0.763640634375 0.437931603125 0.77046144375 0.43270427656250005 0.784130940625 0.4319458015625 0.8013027015624999 0.44233822968750003 0.8141683921875 0.44163207812499994 0.8242995328125 0.4454961234375 0.834906390625 0.45187412968749996 0.8361777015625 0.45669275625 0.8456690828125 0.47191040781250004 0.8459167765625001 0.4846697203125 0.8374047093750001 0.49341461249999996 0.817298259375 0.4991977140625 0.7925100984375 0.50783465625 0.797539575 0.513457484375 0.80492795625 0.5157654484374999 0.8127001953124999 0.5207867734375 0.81613848125 0.5260108 0.8135236718750001 0.5190836140624999 0.8012616484375 0.5071907265625 0.76746603125 0.5033299796875 0.7458044828125 0.5087321921875 0.7351295453125 0.51629199375 0.7312393234375001 0.5174492734375 0.72407075 0.50233956875 0.69868713125 0.4862719875 0.685473675 0.4750197296875 0.6928062921875 0.46667694062500004 0.7118612421875 0.4673274703125 0.71982540625 0.47059001250000004 0.7264821687499999 0.47098551562499996 0.747540046875 0.46877230625 0.758850640625 0.466611421875 0.7631206171875 0.4447640375 0.763640634375
0 0.3478089078125 0.84320360625 0.366341425 0.8430674421875001 0.3761813765625 0.8559971125000001 0.38074497812499997 0.8785822062499999 0.375972078125 0.884159584375 0.3755666796875 0.8962657734375 0.3729546640625 0.8975731781249999 0.38545235624999996 0.9242642015625 0.397253790625 0.9279223 0.42628338593750004 0.9265705921875 0.43351792187499993 0.918698284375 0.4294511765625 0.9141445234375001 0.4304613796875 0.8949337390625001 0.4254433515625 0.8804407624999999 0.4231910140625 0.8545732171875 0.41872216562500003 0.8510709546875 0.414256615625 0.8365140015625 0.41541389687499997 0.8293454312499999 0.4292814640625 0.8096507234375 0.42973918906249997 0.7905039171875 0.42486824062500006 0.788053153125 0.3645991375 0.791012471875 0.355053340625 0.8021672296875 0.3445072375 0.79936870625 0.3357623453125 0.8194751546875001 0.338521434375 0.8302099625 0.3478089078125 0.84320360625
0 0.5221203640625001 0.89135433125 0.53045655625 0.8944087609375 0.53286586875 0.8991544515625 0.5372856921875 0.89864264375 0.5395479265625001 0.891346121875 0.536537109375 0.8826503359375 0.5319178875 0.8781605484374999 0.5312673578125 0.8701963828125001 0.5368444593749999 0.8625160046874999 0.5356414546875 0.8546158140625 0.529717871875 0.845252384375 0.5275112609375 0.8344536 0.5213849796875001 0.831143265625 0.521185578125 0.8261416687500001 0.5057652265625 0.831947071875 0.4815476578125 0.8648995390625001 0.48435577500000004 0.8796484187500001 0.51498058125 0.9183094687500001 0.5190996515624999 0.915822615625 0.5180503187500001 0.8978552578125001 0.5221203640625001 0.89135433125
0 0.5292667453125001 0.8422898140624999 0.5349385984375 0.8536922656250001 0.5680316421875 0.867949009375 0.5713432093749999 0.8786198437499999 0.582137740625 0.890434034375 0.5912814359375 0.880330775 0.5955541796875 0.8677767546874999 0.6034392453125 0.8678686125 0.6104154562499999 0.884144709375 0.6208111828125 0.8859557109375 0.6249858781250001 0.865373546875 0.6302099046875 0.8627587390624999 0.63071335625 0.8586806921875001 0.6251428515625 0.8442516921875001 0.6108340531249999 0.8278197609375001 0.60681633125 0.8272800703125001 0.5930501140625 0.8439482328125001 0.584514521875 0.8358922078125 0.5771362078125 0.8206676109375 0.571467653125 0.79821046875 0.5698135171875001 0.7873477078125 0.57508986875 0.7776922828124999 0.5683097593750001 0.7774724703125 0.5625365546875 0.7690965656250001 0.55826710625 0.7705958984375 0.544448565625 0.7943046796875 0.539224540625 0.7969194875000001 0.5292667453125001 0.8422898140624999
0 0.589163434375 0.7408897890625 0.5767538984375 0.7553909765625 0.5758450453124999 0.7715752109375 0.5713729 0.7791276375 0.57624055 0.792633090625 0.5831220109374999 0.7898263546875001 0.5935667625 0.7956514265625 0.5986404140625 0.7920490953125 0.6005005453125001 0.785804071875 0.606427425 0.7841128125 0.612753109375 0.7924247421875 0.6165648296875 0.8100722171875001 0.620932328125 0.8166010265624999 0.6287683656249999 0.8126788140625001 0.64398271875 0.823981196875 0.6527243125 0.8149294390625 0.6474512609375 0.8135301765625 0.6422305328125 0.8050902953125 0.6435381890625 0.7989092484375 0.6320931296875 0.7791308906250001 0.6246690890625 0.7488375359375 0.63079866875 0.7410931796875 0.642296053125 0.7538309187500001 0.649030434375 0.7389819703125 0.64848125625 0.7279912562499999 0.644117059375 0.71040775625 0.6355324390625 0.698337659375 0.6239337046875 0.6886264671875 0.6146429312499999 0.686687515625 0.6057999890625 0.6987658203125 0.59097454375 0.730630696875 0.589163434375 0.7408897890625
0 0.7025354671875 0.8503638046875001 0.70429425 0.847145328125 0.7009303578125 0.8435151140625001 0.7012377062499999 0.8233807828125 0.715500778125 0.8247439515625 0.716556709375 0.8206019296875 0.715304675 0.80868766875 0.6974358828125 0.7725692390625001 0.686791728125 0.7617425718749999 0.6767457765625 0.7659206875 0.661671903125 0.788769896875 0.646503278125 0.7925362734375 0.6377093609375 0.80862865 0.6361499796875 0.8168487203125 0.6391607953125 0.82554450625 0.6450353515625 0.8308938625 0.6534761921875 0.81986705625 0.6614626046875001 0.8169323687500001 0.6724598375 0.822693465625 0.6740649453125 0.8295421562499999 0.6830516671875 0.8405607515625 0.7025354671875 0.8503638046875001
0 0.6347348312500001 0.67833128125 0.6410081921875 0.6936838296875 0.649494759375 0.6977257828125001 0.650596415625 0.7086525203125 0.648033428125 0.713973996875 0.6497398875 0.7177961374999999 0.6666116734374999 0.72890659375 0.670429990625 0.7244446890625 0.6706850171875 0.711350978125 0.6729962781250001 0.7080685265625 0.6963964453125 0.7214378140625 0.71010044375 0.7449743390625 0.7170799531250001 0.7501957453125 0.7259195968750001 0.7491721265625 0.7306924968749999 0.7435947484375001 0.7330070562500001 0.7292576078125 0.7330626812500001 0.7111623 0.721967396875 0.6973730625 0.7222747484375 0.6772387296875 0.706308515625 0.6609987281249999 0.7027452203125 0.6523669187500001 0.6988844750000001 0.630705371875 0.7071014015625 0.6126699359375001 0.712451290625 0.6090356156250001 0.7019084859375 0.5951824 0.69347094375 0.5951545171875 0.6830719171874999 0.6043982046874999 0.6634735734375 0.641840459375 0.6479028437500001 0.646658334375 0.6470430171875 0.6668566421875 0.6369480421875 0.6670206875 0.6347348312500001 0.67833128125
0 0.8203242124999999 0.8411578343749999 0.8178168484375 0.828384 0.802906546875 0.808001975 0.8015531640625 0.7991142625000001 0.8034623218749999 0.796883309375 0.7898563765625 0.781374928125 0.7854365546875 0.7818867375 0.7675512671875 0.801041753125 0.770915159375 0.8046719687499999 0.7697578796875 0.8118405390625 0.7600617062499999 0.8220077734375 0.7673386718749999 0.8402589171875 0.7869728453125 0.8510494906250001 0.7963649671875 0.8499618984374999 0.8031974015625 0.8431410921875001 0.8168066453125 0.8475947843749999 0.8203242124999999 0.8411578343749999
0 0.7717429109375 0.5553517328125 0.7732009421875 0.5501582093749999 0.7750643765625 0.5328584968750001 0.7729100875 0.51501909375 0.786973759375 0.5113806671875001 0.79636918125 0.4992383859375 0.8010897546875 0.5007016234375 0.8071113859375 0.5180931953125001 0.8245389484375 0.5180849859375 0.8324207140625 0.529231534375 0.835333478125 0.5298991765625 0.84116230625 0.520179775 0.8507571296875 0.5130390874999999 0.8380567375 0.49240115781249993 0.8314760296875001 0.49718294218750003 0.8292170921875 0.4934247734375 0.8231398390625 0.49412851093750004 0.8033552890625 0.48235041250000005 0.78051419375 0.44680776875 0.7225219421875 0.47764166875 0.704667765625 0.4766943421875 0.69753458125 0.48154010312500006 0.6957234718749999 0.491799196875 0.6970278296875 0.49667284062499995 0.7366426578125 0.535297796875 0.743919621875 0.553548940625 0.7515284484375 0.5536727859374999 0.7635047703125 0.5603254453125001 0.7717429109375 0.5553517328125