0 0.97267208125 0.7101119359375 0.9731989328124999 0.70169865 0.9633176828125001 0.6977872078125 0.9494975140624999 0.6787507374999999 0.920684259375 0.68880931875 0.9185699187499999 0.6943030890624999 0.9265295515625 0.7130696453125001 0.9221968890625 0.7313717203125 0.9281239781249999 0.74414854375 0.931996340625 0.7467666625 0.9396966984375 0.7436649671875 0.9479835203125001 0.716497509375 0.947768615625 0.702967196875 0.9507508734375 0.6994448875 0.9676794640624999 0.7118134828125 0.97267208125 0.7101119359375
0 0.87392750625 0.6031952625 0.8699511609374999 0.6078916765625 0.8644760625 0.6263444515625001 0.8655145171875 0.6335082843750001 0.874001 0.6438615546875 0.8747427515625 0.6489785796875001 0.866285396875 0.6709536609375 0.8722720984375 0.6680780125 0.8883175234375 0.7024655578125001 0.8853796328125 0.7143258078125 0.8888513124999999 0.72221165 0.8891923828125 0.7325964 0.9044891156249999 0.733707540625 0.9103274671875001 0.729808484375 0.9222578671875 0.6354100734375 0.921279028125 0.6125937671874999 0.9074144921875 0.58521935625 0.8879112671874999 0.599264728125 0.87392750625 0.6031952625
0 0.9749139515625 0.621163428125 0.9671026734374999 0.603420278125 0.959929165625 0.5981086859375 0.9407004562499999 0.6100319 0.9398769046875 0.6163983765625 0.9465457484375 0.634292225 0.9455960296875 0.6438042671875001 0.934364378125 0.6546725921875 0.9343865640625 0.6588415609375 0.958043609375 0.6734515328125 0.9679733796875001 0.6596260171874999 0.9736966578124999 0.660957009375 0.976382215625 0.6553878906249999 0.9742235078125001 0.6525437234375 0.9778587828124999 0.6374625593750001 0.9749139515625 0.621163428125
0 0.1652671953125 0.7383931296874999 0.17296755156250002 0.7352914328125 0.1916098 0.7474339828125001 0.2089986875 0.73888238125 0.1964914921875 0.7248875875 0.19424405 0.7053675421875 0.18901434374999998 0.68936980625 0.18099510000000002 0.6862557218750001 0.173947759375 0.6777985671875 0.17147016718750002 0.6687386203125001 0.173287803125 0.6611980375 0.1718264828125 0.6551329578125 0.16520200937500001 0.6455770484375 0.1543044875 0.6386707406250001 0.14804326875 0.64366855 0.146143834375 0.662692634375 0.13920741406249998 0.6750803249999999 0.1253941890625 0.6842032359375 0.121528765625 0.709744496875 0.1227155703125 0.7179317375000001 0.131751084375 0.7240406875 0.1389842046875 0.713699803125 0.149377059375 0.7331883703125001 0.14840515781250002 0.73853144375 0.152151353125 0.744295128125 0.1615875515625 0.745136353125 0.1652671953125 0.7383931296874999
0 0 0.628827871875 0.0031165421875000003 0.6719619609375 0.008843157812499999 0.7114673093749999 0.012211128125 0.7106058515625 0.0208015890625 0.7136445859375 0.0297927328125 0.7114155953125 0.036142690625 0.7230936640625 0.0435463453125 0.7179451578125 0.0551564984375 0.6976401390625 0.041143610937500005 0.6692423265625 0 0.6122005500000001 0 0.628827871875
0 0.11220485468750001 0.6494389453125 0.1189333109375 0.651680321875 0.1224646046875 0.643913690625 0.1280284359375 0.642136796875 0.12912650781249999 0.6336481609375 0.135239375 0.6276269453125 0.1347721375 0.6203877624999999 0.1412856890625 0.6090988234375 0.150365571875 0.6235457109375 0.1572423765625 0.6268104937500001 0.1596977859375 0.6317014703125 0.16712362812499998 0.630721934375 0.1504251859375 0.6078932406249999 0.14777705937500002 0.5936409171875 0.1501659125 0.5860249859375 0.1568943703125 0.5882663625 0.16144193281250002 0.5834946015625 0.161605528125 0.5605275953125 0.1667243125 0.5556804843750001 0.1656858578125 0.5485166484375 0.152332925 0.5367193625 0.1387498484375 0.535382175 0.111213503125 0.489994703125 0.09674031875 0.48251708437499996 0.0817846546875 0.4917906921875 0.0774298109375 0.5059237999999999 0.07918783593749999 0.514035690625 0.0769473296875 0.5226750265625 0.06544116250000001 0.5356655109374999 0.062926140625 0.54642700625 0.04863043125 0.5723011437500001 0.050432825 0.5887509734374999 0.058244103125 0.6064941234375001 0.072168253125 0.6182160609375 0.07751718125 0.60290885 0.0889193671875 0.5972329000000001 0.0944457703125 0.615277446875 0.10663407968750001 0.623056459375 0.11220485468750001 0.6494389453125
0 0.1223037390625 0.506262353125 0.1274225234375 0.501415240625 0.13800115625 0.5021057703125 0.1378084375 0.492744425 0.14762313124999998 0.48414895625 0.15449993906249998 0.4874137375 0.1570371484375 0.4808212140625 0.155805971875 0.4642960359375 0.1688178328125 0.46570857187500003 0.18307610937500002 0.4596558734375 0.1886551890625 0.43388856875000004 0.1785590359375 0.4164468140625 0.1618009796875 0.4092705921875 0.15890051875 0.40130939843749996 0.1582405640625 0.3847088703125 0.1547688828125 0.376823025 0.1375879609375 0.37074555781249996 0.136482953125 0.351074815625 0.123931390625 0.3287420828125 0.11199541406249999 0.314671940625 0.09796728593750001 0.3102645359375 0.0893393953125 0.3270472453125 0.07620136875 0.3287802734375 0.076564625 0.3433339921875 0.07303332812499999 0.3511006171875 0.05160154375 0.351841725 0.050629643749999995 0.3571847984375 0.0506740125 0.365522734375 0.054568557812499995 0.372309828125 0.055755365625 0.38049706875 0.06282489062499999 0.393123190625 0.0786706578125 0.3899900140625 0.0942571515625 0.3649885828125 0.10145284375000001 0.37446914375 0.1018382828125 0.39319183125 0.098796409375 0.41236661406249997 0.092431209375 0.4246789578125 0.09078410625 0.4374119109375 0.0788328875 0.4473321796875 0.079871340625 0.4544960140625 0.08791276875000001 0.46177906875 0.10060574375 0.45697582499999995 0.106087778125 0.4666824328125 0.11277880625 0.48874525 0.1194032796875 0.4983011609375 0.119722165625 0.5045169421875 0.1223037390625 0.506262353125
0 0.74313235 0.6767689578125 0.741352140625 0.664488096875 0.7377542953125 0.6597478156250001 0.71443831875 0.6555225953125 0.712598496875 0.6588942078125 0.7146310375 0.6648839390625 0.712219996875 0.6683308968749999 0.7158843953125 0.6855780874999999 0.71036493125 0.695692921875 0.710683815625 0.7019087015625 0.7185547078125001 0.703999378125 0.725491128125 0.6916116890625 0.73048374375 0.689910140625 0.736581365625 0.7078793375 0.749845559375 0.703000746875 0.7478948171875001 0.6855275093750001 0.74313235 0.6767689578125
0 0.7192243359375 0.588140940625 0.7181484515625 0.60079855 0.72429044375 0.627105684375 0.732331871875 0.6343887375 0.7611451312499999 0.6243301578125 0.760232840625 0.61402075625 0.7541574 0.6002205296875001 0.75190995625 0.58070048125 0.7463239390624999 0.5783084078125 0.7192243359375 0.588140940625
0 0.709230796875 0.643693828125 0.7137118109375 0.626415159375 0.714320459375 0.606518365625 0.71144218125 0.602726140625 0.699149890625 0.6022616625 0.6910640953125 0.586640671875 0.6820285796875 0.5805317234375 0.674514003125 0.5648353828125 0.66751103125 0.5647161671875 0.650863896875 0.578384790625 0.6555223812500001 0.594457878125 0.653622946875 0.6134819625000001 0.6479773140625 0.626742359375 0.6384371343749999 0.63321566875 0.639646121875 0.6455718781249999 0.645825546875 0.652057571875 0.6523834640625 0.6491065734375 0.6872347359375001 0.6726696640625 0.697895165625 0.6618766875000001 0.7080509312500001 0.66366596875 0.71371875 0.6545745390625 0.709230796875 0.643693828125
0 0.448584628125 0.6728606203124999 0.4503578984375 0.6569821 0.43573636562500007 0.648481078125 0.43089210156249996 0.6512060281250001 0.4241414609375 0.6447956828125 0.42138935 0.637857896875 0.42117444531250003 0.62432758125 0.4087934203125 0.607187225 0.4075844296875 0.5948310125 0.40142719375 0.5925142890624999 0.39730249687499997 0.5961872968749999 0.3837263609375 0.6230094890625 0.388741159375 0.6254769140625001 0.3909886046875 0.644996959375 0.38322863281249997 0.6637511296875 0.36859185625 0.6792405171875 0.36933360937500004 0.684357540625 0.3762104171875 0.6876223234375 0.3811212328125 0.6974042781249999 0.3803198671875 0.7079397265625 0.375668321875 0.7200260234375 0.3679901484375 0.7272966890625 0.370319390625 0.73533323125 0.38802716249999997 0.7329974109374999 0.39795278125 0.745246790625 0.4043845359375 0.74544135625 0.4145777328125 0.7274091968749999 0.416224834375 0.714676240625 0.4443559515625 0.6838481625 0.448584628125 0.6728606203124999
0 0.4754623890625 0.6213383921875 0.47946091874999996 0.6208109484375 0.48269551093749996 0.6109975078125001 0.4740384953125 0.59545186875 0.471242015625 0.580176140625 0.4544395921875 0.564661978125 0.4486982828125 0.533087121875 0.43892101562499997 0.5218611453124999 0.4310723078125 0.5239394374999999 0.419143271875 0.5380286765625 0.4065834046875 0.5678457375 0.3952034015625 0.5776906562499999 0.38591555624999996 0.577872834375 0.39332615312499997 0.6008837109375 0.3980220671875 0.597135353125 0.41340753750000003 0.6149223703125 0.4169831984375 0.6154936828124999 0.4259743453125 0.6132646921875 0.4388600359375 0.617822790625 0.47258411406249995 0.61754616875 0.4754623890625 0.6213383921875
0 0.3186504515625 0.7202463953125 0.31498605625 0.7029992046875 0.3183468125 0.6900402031249999 0.3166109734375 0.6860972796875 0.3224063203125 0.593551115625 0.3282446734375 0.589652059375 0.33526983125 0.5939402453125 0.33594503124999997 0.5865503624999999 0.324031240625 0.5766491890625 0.3160716109375 0.5578826343750001 0.305574775 0.5457086015625 0.30421743125 0.5323289890625 0.2967028546875 0.51663265 0.2932242359375 0.480587421875 0.2800862109375 0.48232045156250003 0.2813991828125 0.487362128125 0.2787136265625 0.492931246875 0.2700413671875 0.501376015625 0.2651749171875 0.499932 0.2622148421875 0.507623278125 0.27630952343750004 0.5245375875 0.276524428125 0.5380679015625 0.2723179328125 0.5532244125 0.2622287234375 0.5639420390625001 0.2586378125 0.587361140625 0.2498837578125 0.6072894109375 0.25149343125 0.6143779 0.261077978125 0.6162425296875 0.2638300890625 0.6231803203124999 0.25632245 0.6356433578125 0.2658473875 0.6531604640625 0.26422246562499996 0.6700623875 0.259971603125 0.676880959375 0.26118059531250004 0.68923716875 0.25836886875 0.697951853125 0.26220380468750004 0.7203914171875 0.2786277296875 0.7453422703125 0.2984054734375 0.7291747390625 0.3061502 0.73441098125 0.31436216093749997 0.746886409375 0.3172182546875 0.7465096625000001 0.326291196875 0.7327971703125 0.3186504515625 0.7202463953125
0 0.9063551296875 0.48152895781250005 0.9230910015625 0.484536209375 0.9391738546875 0.4991023125 0.95398116875 0.48880529843750004 0.96803148125 0.4973816703125 0.9690033843749999 0.49203859687499996 0.9799383328125 0.47912346093749997 0.9810579484374999 0.478815315625 0.9717236874999999 0.41442243593750006 0.9669943921874999 0.4099086625 0.9553329359375 0.393716359375 0.948938609375 0.37370035156250003 0.94333040625 0.367139309375 0.9441539562499999 0.36077283125 0.9344210593750001 0.35788479687499997 0.9011489750000001 0.3893910171875 0.9052584265625001 0.40970841875 0.8825497328124999 0.46589557812500004 0.89272768125 0.471853828125 0.8966887828125 0.491147828125 0.9063551296875 0.48152895781250005
0 0.8048128 0.45169415468749996 0.81444171875 0.46189672187499997 0.828766546875 0.46835093437499997 0.8321494906250001 0.45956090156249996 0.8347463109375 0.437315903125 0.8408813640625 0.435463659375 0.843099684375 0.42265535625000006 0.8505033421875 0.4175068484375 0.8583742328125 0.4195975265625 0.8650361343749999 0.40933199218749994 0.865689153125 0.397773140625 0.8590868609375001 0.39238620156250004 0.852232240625 0.393290390625 0.840400246875 0.3719057125 0.8280635890625 0.36310329375 0.8234272875 0.3511991765625 0.8292212718749999 0.33896218437500003 0.8421069625 0.343520284375 0.8430788671875 0.3381772125 0.8510537421875 0.33295335625 0.84648399375 0.3335561484375 0.8317141078124999 0.324031721875 0.8273523265625 0.31000544531249996 0.8215957734374999 0.30242099843750003 0.81516401875 0.30222643125 0.80619505625 0.3086243921875 0.7809200328125 0.3390757265625 0.7632566265625 0.34974948281249996 0.7637016812499999 0.3528196984375 0.7553039359375 0.359142309375 0.7556450078125 0.369527059375 0.7591166859375 0.37741290312500003 0.756134428125 0.3809352125 0.7579811890625 0.4057229828125 0.7551694671875 0.41443766875000004 0.756801321875 0.425695125 0.7619866578125001 0.4333549203125 0.7763114890625 0.4398091328125 0.777090671875 0.425104715625 0.7796500625 0.42268116093749997 0.7875431374999999 0.4289408078125 0.7985293953125 0.45252299375 0.8048128 0.45169415468749996
0 0.8209012281250001 0.574728809375 0.8303596078125001 0.57973900625 0.8518953765624999 0.5716833671875 0.854009715625 0.5661895968749999 0.8421181093750001 0.5604573937499999 0.799322459375 0.49413733593750003 0.7991297375 0.4847759921875 0.795086840625 0.476965496875 0.7815855625 0.46414480625000004 0.7666077125 0.469249446875 0.748565809375 0.4893599 0.7408432687500001 0.48829262656249994 0.732334603125 0.47377039062500004 0.7287589421875 0.4731990796875 0.726540621875 0.486007384375 0.72843175 0.5191330921875 0.741295259375 0.519522225 0.7503307734375 0.5256311703125001 0.7494254234375 0.543481153125 0.75514455 0.57088704375 0.763779378125 0.5822637171875 0.7755226328125 0.5869725140625001 0.7835793078125 0.5702651546874999 0.7841879546875 0.5503683640625 0.7907236906249999 0.5432483968749999 0.8116508093749999 0.55508955 0.8209012281250001 0.574728809375
0 0.6032891671875 0.6076057671874999 0.5997578734375 0.6153723984374999 0.587910634375 0.61797813125 0.582940203125 0.6238486484375 0.5733112859375 0.6136460765625 0.5704108265625 0.605684884375 0.5713605453125 0.59617284375 0.58701359375 0.5836783203125 0.5881116609375 0.575189684375 0.574647809375 0.5425475515625 0.5680455203125 0.5371606124999999 0.5634757734375 0.5377634046875001 0.552815340625 0.5485563796874999 0.53483305 0.553014359375 0.5301815046875 0.5651006546875 0.52136089375 0.57252201875 0.511353478125 0.5717561421874999 0.5108266265625 0.58016943125 0.5268942375 0.6187259453125 0.536330434375 0.619567171875 0.5565754140625 0.610638825 0.566352684375 0.6218648015625 0.5718790874999999 0.6399093484375 0.5836001578125 0.640449178125 0.6124286609375 0.606400184375 0.6032891671875 0.6076057671874999
0 0.520494340625 0.4902413859375 0.5301717781249999 0.4827069953125 0.5420744765625 0.490523684375 0.54368415 0.497612171875 0.5495446859374999 0.4978820875 0.55401045 0.504593828125 0.55944811875 0.5059624953124999 0.5681203781249999 0.49751772812499995 0.5762657890625 0.497486246875 0.5759247171874999 0.487101496875 0.5841519265625 0.4755865109375 0.5842559078125 0.46827197812500004 0.57522039375 0.4621630296875 0.5713923999999999 0.467882846875 0.5635436921875 0.4699611375 0.5590779265625 0.46324939687500005 0.5578911203125 0.455062159375 0.5360517109375 0.432911603125 0.5264824078125 0.40705656250000005 0.5193089 0.4017449734375 0.5074616625 0.40435070624999997 0.48390029375 0.4345759921875 0.48451587968750004 0.4428385828125 0.4921122546875 0.44705141875 0.49600680312499995 0.45383851093749994 0.491080740625 0.468046965625 0.47644396406249995 0.483536353125 0.47733406718750004 0.48967678125 0.48294227031250003 0.49623782656250004 0.486072878125 0.4937389234375 0.492422834375 0.505416990625 0.493483475 0.5167497953125 0.4869477390625 0.5238697671875 0.48684375625 0.5311842984374999 0.49361657968749995 0.5417636140625001 0.5083864625000001 0.551288040625 0.5220957078125 0.5494796640625 0.5268734203125 0.5342478046875 0.5216659015625 0.5224190375 0.5240325718750001 0.5106341375000001 0.520494340625 0.4902413859375
0 0.18373879843750002 0.3156380578125 0.190044384375 0.3189781875 0.1969655625 0.33058090625 0.20161710625 0.3184946140625 0.212893125 0.315964225 0.21458459687500003 0.311569209375 0.21489654218749998 0.2896256078125 0.22056435937500002 0.28053417812500003 0.21590587343749998 0.2644610921875 0.21641053906250002 0.2518788359375 0.2216554875 0.243886159375 0.218391775 0.22137124687499998 0.22848098593750002 0.21065361875000002 0.2410699765625 0.2131649109375 0.2540596515625 0.21040847812500002 0.2607215546875 0.20014294531250001 0.26052883437499996 0.1907816 0.253503678125 0.186493415625 0.25018035 0.179630975 0.23632275468750003 0.1804159484375 0.226293153125 0.17548110156250002 0.22110781875000002 0.16782130312500002 0.22681306562499998 0.138908434375 0.22312648125 0.117492275 0.209521221875 0.11198611875 0.19136145625 0.0830923421875 0.1910425703125 0.0768765625 0.18583505 0.0650477953125 0.18109476875 0.0604582140625 0.1679345578125 0.058022276562499996 0.157823159375 0.06457093281250001 0.1613170234375 0.07662574531250001 0.15599721875 0.1242613046875 0.1588602484375 0.15204394062499998 0.157873103125 0.181377425 0.138644390625 0.1933006359375 0.140387171875 0.2254029390625 0.13454882031249998 0.22930199375 0.1325828328125 0.23581916875000003 0.135357125 0.24692592812499997 0.14756761875 0.258873909375 0.1510392984375 0.26675975625000004 0.14810140624999998 0.278620003125 0.1449707984375 0.2811189078125 0.144889 0.2926024109375 0.1533754796875 0.302955678125 0.156906775 0.29518905 0.1606307859375 0.296783765625 0.168738765625 0.3165737265625 0.17449531875 0.3241581734375 0.178174965625 0.317414953125 0.18373879843750002 0.3156380578125
0 0.37914409843749997 0.48698434687500003 0.38172567343749997 0.48872976250000005 0.3851308 0.4841087 0.3858878015625 0.46523531093750004 0.380910428125 0.442946446875 0.372846815625 0.431494428125 0.35795076875 0.4251155625 0.3528694140625 0.41014123125 0.3571202765625 0.403322659375 0.3522094578125 0.3935407 0.3536042296875 0.387098875 0.34407929375 0.3695817734375 0.3337529921875 0.3626001171875 0.31962088125 0.36550725 0.301304459375 0.3877398609375 0.30604474375 0.3923294421875 0.3076766 0.4035868984375 0.31212018124999996 0.40612967031249997 0.313010284375 0.41227010000000003 0.306837803125 0.43394378749999996 0.2964297046875 0.438445634375 0.280502140625 0.453062315625 0.28142136875 0.491531096875 0.29174767031250004 0.498512753125 0.30371413281250004 0.464602071875 0.31223804374999997 0.4551339 0.3347304671875 0.4657256 0.3387359359375 0.493357534375 0.345256428125 0.510227978125 0.36696273125 0.5073647140624999 0.37914409843749997 0.48698434687500003
0 0.6232332375 0.4078528859375 0.6290119734374999 0.41960630312499997 0.656682796875 0.40969842031250003 0.6684482375 0.4185761875 0.6786858 0.40888196718750003 0.6941086984375 0.4068475421875 0.6938937953125001 0.39331723125 0.6875438390624999 0.3816391609375 0.6879445234375 0.3763714375 0.6901850281249999 0.367732103125 0.6974403328125 0.3615601890625 0.7032343156249999 0.349323196875 0.698449665625 0.33639567656249997 0.6970923250000001 0.323016059375 0.6858981015625 0.31406294218749997 0.680267715625 0.30333293125 0.68388080625 0.2840827984375 0.6773159484375 0.25887441718750004 0.6675386796875 0.24764844218749998 0.6571083953125 0.2479813203125 0.6126268453125 0.294524834375 0.616076340625 0.2982417109375 0.6152527890624999 0.3046081875 0.6037757453125 0.349927021875 0.5976628765625 0.3559482359375 0.5852222375 0.3544603515625 0.5819876453124999 0.36427378906249996 0.580511078125 0.38219911875 0.5829886703125 0.391259065625 0.5866087 0.4001683171875 0.6018458203125 0.416931928125 0.6064155671875 0.4163291375 0.6091607375 0.39510754531250003 0.61286256875 0.392533290625 0.621030159375 0.39667077812499996 0.6232332375 0.4078528859375
0 0.408626984375 0.3610673296875 0.411675796875 0.3700519296875 0.4181297328125 0.3744154625 0.420689125 0.37199190937500004 0.42074873906250004 0.3563394359375 0.4273440875 0.3335669953125 0.43413215781250003 0.320155896875 0.44566051093750003 0.31133438281250003 0.46565315781249994 0.3086971671875 0.468998671875 0.31972857499999996 0.46862017187499994 0.32916526875 0.47964385624999994 0.33292601093749996 0.4866911984375 0.34138316562500004 0.4966542453125 0.333811103125 0.52233689375 0.3262514265625 0.527433490625 0.317235346875 0.5256311015625 0.3007855171875 0.518583759375 0.2923283609375 0.5155127625 0.27917479375 0.524140653125 0.262392084375 0.5233989 0.257275059375 0.5063593859375 0.2240616171875 0.49920806406249996 0.22291899375000002 0.47250220625 0.199324425 0.46411970937499997 0.181656621875 0.462784553125 0.172445975 0.45690183281249996 0.16800709375 0.44661989999999996 0.1693633765625 0.43665685 0.1769354390625 0.428837265625 0.21134208124999998 0.423273434375 0.213118975 0.42158890312499997 0.2456733734375 0.4142296140625 0.25915981875 0.40483778593749997 0.2666565328125 0.39726359375000003 0.2666126640625 0.3925233125 0.262023084375 0.3845484359375 0.26724693906249997 0.38061645781250003 0.28028129062499996 0.3854454796875 0.30154674843749996 0.39077916562500004 0.310229953125 0.40048987968749994 0.3089490203125 0.41468854374999997 0.3185487984375 0.41520015 0.33412591875 0.4093839828125 0.3421939421875 0.410592971875 0.354550153125 0.408626984375 0.3610673296875
0 0.49734870000000003 0.0494548671875 0.504648371875 0.051620895312500005 0.5080160703125001 0.0668212734375 0.5134981062499999 0.07652788125 0.5213024468749999 0.0661116484375 0.530293590625 0.063882659375 0.54214776875 0.089436303125 0.5448624484375 0.116195534375 0.5522064921875 0.12669950000000002 0.5584898968750001 0.1258706609375 0.562993090625 0.112760959375 0.5774662734375 0.12023857812500001 0.58097538125 0.10830298125 0.614447121875 0.114317484375 0.6254929953125 0.12224719531249999 0.6423106625 0.11377094531250001 0.6442322828125 0.09891583125 0.6497295640625 0.08463202656249999 0.6644107125 0.0774805765625 0.6692480359374999 0.0465962453125 0.6813323609374999 0.061689790625 0.699507371875 0.0665931578125 0.7207464375 0.05649070625 0.7257987453125 0.0483865828125 0.51363693125 0.0342424625 0.513001746875 0.0369603453125 0.5042784171875 0.0336185609375 0.49834301718749996 0.0332228671875 0.49573902500000006 0.0423663796875 0.49734870000000003 0.0494548671875
0 0.7468367671875 0.0597752890625 0.7420146843750001 0.0666692109375 0.7402414140625 0.08254773125 0.744773734375 0.10176637968749999 0.778854125 0.0878840921875 0.7808201125 0.0813669171875 0.7869551671874999 0.0795146734375 0.7962430125 0.0793324921875 0.8005826125000001 0.0891897984375 0.800018334375 0.117424528125 0.7964870390625001 0.1251911546875 0.79617509375 0.147134759375 0.790084409375 0.15732494218749998 0.7789789234375 0.16504770156249998 0.7732293109375 0.18562263437499998 0.7629695609375 0.1911478859375 0.7649203046874999 0.2086211234375 0.7709139484375 0.233904853125 0.7799494609375001 0.24001380156250002 0.789051528125 0.2586296609375 0.811306865625 0.251522078125 0.8185399875 0.241181196875 0.8258396609374999 0.24334722343749998 0.830238871875 0.23755205468749999 0.8359884875000001 0.21697712343750003 0.8495050125000001 0.2058074015625 0.8511299296875 0.188905478125 0.855084090625 0.18004009375000002 0.86380071875 0.1799332625 0.8758850453125 0.1950268125 0.888704184375 0.1870780046875 0.8977396984375 0.193186953125 0.9198841140624999 0.165234525 0.9193503234374999 0.1454884296875 0.9261980078125 0.1164248609375 0.9284289375 0.11575131875 0.9259460828125 0.0986232375 0.9198258671874999 0.10057782343749999 0.9093733984375 0.09674173281250001 0.905775553125 0.0920014515625 0.9064729390625 0.0887805359375 0.8987282109375 0.0835442953125 0.8903678984375001 0.07004546406249999 0.8767223671875 0.0584481578125 0.7842693078125 0.052284620312499995 0.7585800234375 0.0644840875 0.7468367671875 0.0597752890625
0 0.7468367671875 0.0597752890625 0.7420146843750001 0.0666692109375 0.7402414140625 0.08254773125 0.744773734375 0.10176637968749999 0.778854125 0.0878840921875 0.7808201125 0.0813669171875 0.7869551671874999 0.0795146734375 0.7962430125 0.0793324921875 0.8005826125000001 0.0891897984375 0.800018334375 0.117424528125 0.7964870390625001 0.1251911546875 0.79617509375 0.147134759375 0.790084409375 0.15732494218749998 0.7789789234375 0.16504770156249998 0.7732293109375 0.18562263437499998 0.7629695609375 0.1911478859375 0.7649203046874999 0.2086211234375 0.7709139484375 0.233904853125 0.7799494609375001 0.24001380156250002 0.789051528125 0.2586296609375 0.811306865625 0.251522078125 0.8185399875 0.241181196875 0.8258396609374999 0.24334722343749998 0.830238871875 0.23755205468749999 0.8359884875000001 0.21697712343750003 0.8495050125000001 0.2058074015625 0.8511299296875 0.188905478125 0.855084090625 0.18004009375000002 0.86380071875 0.1799332625 0.8758850453125 0.1950268125 0.888704184375 0.1870780046875 0.8977396984375 0.193186953125 0.9198841140624999 0.165234525 0.9193503234374999 0.1454884296875 0.9261980078125 0.1164248609375 0.9284289375 0.11575131875 0.9259460828125 0.0986232375 0.9198258671874999 0.10057782343749999 0.9093733984375 0.09674173281250001 0.905775553125 0.0920014515625 0.9064729390625 0.0887805359375 0.8987282109375 0.0835442953125 0.8903678984375001 0.07004546406249999 0.8767223671875 0.0584481578125 0.7842693078125 0.052284620312499995 0.7585800234375 0.0644840875 0.7468367671875 0.0597752890625
0 0.49734870000000003 0.0494548671875 0.504648371875 0.051620895312500005 0.5080160703125001 0.0668212734375 0.5134981062499999 0.07652788125 0.5213024468749999 0.0661116484375 0.530293590625 0.063882659375 0.54214776875 0.089436303125 0.5448624484375 0.116195534375 0.5522064921875 0.12669950000000002 0.5584898968750001 0.1258706609375 0.562993090625 0.112760959375 0.5774662734375 0.12023857812500001 0.58097538125 0.10830298125 0.614447121875 0.114317484375 0.6254929953125 0.12224719531249999 0.6423106625 0.11377094531250001 0.6442322828125 0.09891583125 0.6497295640625 0.08463202656249999 0.6644107125 0.0774805765625 0.6692480359374999 0.0465962453125 0.6813323609374999 0.061689790625 0.699507371875 0.0665931578125 0.7207464375 0.05649070625 0.7257987453125 0.0483865828125 0.51363693125 0.0342424625 0.513001746875 0.0369603453125 0.5042784171875 0.0336185609375 0.49834301718749996 0.0332228671875 0.49573902500000006 0.0423663796875 0.49734870000000003 0.0494548671875
0 0.408626984375 0.3610673296875 0.411675796875 0.3700519296875 0.4181297328125 0.3744154625 0.420689125 0.37199190937500004 0.42074873906250004 0.3563394359375 0.4273440875 0.3335669953125 0.43413215781250003 0.320155896875 0.44566051093750003 0.31133438281250003 0.46565315781249994 0.3086971671875 0.468998671875 0.31972857499999996 0.46862017187499994 0.32916526875 0.47964385624999994 0.33292601093749996 0.4866911984375 0.34138316562500004 0.4966542453125 0.333811103125 0.52233689375 0.3262514265625 0.527433490625 0.317235346875 0.5256311015625 0.3007855171875 0.518583759375 0.2923283609375 0.5155127625 0.27917479375 0.524140653125 0.262392084375 0.5233989 0.257275059375 0.5063593859375 0.2240616171875 0.49920806406249996 0.22291899375000002 0.47250220625 0.199324425 0.46411970937499997 0.181656621875 0.462784553125 0.172445975 0.45690183281249996 0.16800709375 0.44661989999999996 0.1693633765625 0.43665685 0.1769354390625 0.428837265625 0.21134208124999998 0.423273434375 0.213118975 0.42158890312499997 0.2456733734375 0.4142296140625 0.25915981875 0.40483778593749997 0.2666565328125 0.39726359375000003 0.2666126640625 0.3925233125 0.262023084375 0.3845484359375 0.26724693906249997 0.38061645781250003 0.28028129062499996 0.3854454796875 0.30154674843749996 0.39077916562500004 0.310229953125 0.40048987968749994 0.3089490203125 0.41468854374999997 0.3185487984375 0.41520015 0.33412591875 0.4093839828125 0.3421939421875 0.410592971875 0.354550153125 0.408626984375 0.3610673296875
0 0.6232332375 0.4078528859375 0.6290119734374999 0.41960630312499997 0.656682796875 0.40969842031250003 0.6684482375 0.4185761875 0.6786858 0.40888196718750003 0.6941086984375 0.4068475421875 0.6938937953125001 0.39331723125 0.6875438390624999 0.3816391609375 0.6879445234375 0.3763714375 0.6901850281249999 0.367732103125 0.6974403328125 0.3615601890625 0.7032343156249999 0.349323196875 0.698449665625 0.33639567656249997 0.6970923250000001 0.323016059375 0.6858981015625 0.31406294218749997 0.680267715625 0.30333293125 0.68388080625 0.2840827984375 0.6773159484375 0.25887441718750004 0.6675386796875 0.24764844218749998 0.6571083953125 0.2479813203125 0.6126268453125 0.294524834375 0.616076340625 0.2982417109375 0.6152527890624999 0.3046081875 0.6037757453125 0.349927021875 0.5976628765625 0.3559482359375 0.5852222375 0.3544603515625 0.5819876453124999 0.36427378906249996 0.580511078125 0.38219911875 0.5829886703125 0.391259065625 0.5866087 0.4001683171875 0.6018458203125 0.416931928125 0.6064155671875 0.4163291375 0.6091607375 0.39510754531250003 0.61286256875 0.392533290625 0.621030159375 0.39667077812499996 0.6232332375 0.4078528859375
0 0.37914409843749997 0.48698434687500003 0.38172567343749997 0.48872976250000005 0.3851308 0.4841087 0.3858878015625 0.46523531093750004 0.380910428125 0.442946446875 0.372846815625 0.431494428125 0.35795076875 0.4251155625 0.3528694140625 0.41014123125 0.3571202765625 0.403322659375 0.3522094578125 0.3935407 0.3536042296875 0.387098875 0.34407929375 0.3695817734375 0.3337529921875 0.3626001171875 0.31962088125 0.36550725 0.301304459375 0.3877398609375 0.30604474375 0.3923294421875 0.3076766 0.4035868984375 0.31212018124999996 0.40612967031249997 0.313010284375 0.41227010000000003 0.306837803125 0.43394378749999996 0.2964297046875 0.438445634375 0.280502140625 0.453062315625 0.28142136875 0.491531096875 0.29174767031250004 0.498512753125 0.30371413281250004 0.464602071875 0.31223804374999997 0.4551339 0.3347304671875 0.4657256 0.3387359359375 0.493357534375 0.345256428125 0.510227978125 0.36696273125 0.5073647140624999 0.37914409843749997 0.48698434687500003
0 0.18373879843750002 0.3156380578125 0.190044384375 0.3189781875 0.1969655625 0.33058090625 0.20161710625 0.3184946140625 0.212893125 0.315964225 0.21458459687500003 0.311569209375 0.21489654218749998 0.2896256078125 0.22056435937500002 0.28053417812500003 0.21590587343749998 0.2644610921875 0.21641053906250002 0.2518788359375 0.2216554875 0.243886159375 0.218391775 0.22137124687499998 0.22848098593750002 0.21065361875000002 0.2410699765625 0.2131649109375 0.2540596515625 0.21040847812500002 0.2607215546875 0.20014294531250001 0.26052883437499996 0.1907816 0.253503678125 0.186493415625 0.25018035 0.179630975 0.23632275468750003 0.1804159484375 0.226293153125 0.17548110156250002 0.22110781875000002 0.16782130312500002 0.22681306562499998 0.138908434375 0.22312648125 0.117492275 0.209521221875 0.11198611875 0.19136145625 0.0830923421875 0.1910425703125 0.0768765625 0.18583505 0.0650477953125 0.18109476875 0.0604582140625 0.1679345578125 0.058022276562499996 0.157823159375 0.06457093281250001 0.1613170234375 0.07662574531250001 0.15599721875 0.1242613046875 0.1588602484375 0.15204394062499998 0.157873103125 0.181377425 0.138644390625 0.1933006359375 0.140387171875 0.2254029390625 0.13454882031249998 0.22930199375 0.1325828328125 0.23581916875000003 0.135357125 0.24692592812499997 0.14756761875 0.258873909375 0.1510392984375 0.26675975625000004 0.14810140624999998 0.278620003125 0.1449707984375 0.2811189078125 0.144889 0.2926024109375 0.1533754796875 0.302955678125 0.156906775 0.29518905 0.1606307859375 0.296783765625 0.168738765625 0.3165737265625 0.17449531875 0.3241581734375 0.178174965625 0.317414953125 0.18373879843750002 0.3156380578125
0 0.520494340625 0.4902413859375 0.5301717781249999 0.4827069953125 0.5420744765625 0.490523684375 0.54368415 0.497612171875 0.5495446859374999 0.4978820875 0.55401045 0.504593828125 0.55944811875 0.5059624953124999 0.5681203781249999 0.49751772812499995 0.5762657890625 0.497486246875 0.5759247171874999 0.487101496875 0.5841519265625 0.4755865109375 0.5842559078125 0.46827197812500004 0.57522039375 0.4621630296875 0.5713923999999999 0.467882846875 0.5635436921875 0.4699611375 0.5590779265625 0.46324939687500005 0.5578911203125 0.455062159375 0.5360517109375 0.432911603125 0.5264824078125 0.40705656250000005 0.5193089 0.4017449734375 0.5074616625 0.40435070624999997 0.48390029375 0.4345759921875 0.48451587968750004 0.4428385828125 0.4921122546875 0.44705141875 0.49600680312499995 0.45383851093749994 0.491080740625 0.468046965625 0.47644396406249995 0.483536353125 0.47733406718750004 0.48967678125 0.48294227031250003 0.49623782656250004 0.486072878125 0.4937389234375 0.492422834375 0.505416990625 0.493483475 0.5167497953125 0.4869477390625 0.5238697671875 0.48684375625 0.5311842984374999 0.49361657968749995 0.5417636140625001 0.5083864625000001 0.551288040625 0.5220957078125 0.5494796640625 0.5268734203125 0.5342478046875 0.5216659015625 0.5224190375 0.5240325718750001 0.5106341375000001 0.520494340625 0.4902413859375
0 0.6032891671875 0.6076057671874999 0.5997578734375 0.6153723984374999 0.587910634375 0.61797813125 0.582940203125 0.6238486484375 0.5733112859375 0.6136460765625 0.5704108265625 0.605684884375 0.5713605453125 0.59617284375 0.58701359375 0.5836783203125 0.5881116609375 0.575189684375 0.574647809375 0.5425475515625 0.5680455203125 0.5371606124999999 0.5634757734375 0.5377634046875001 0.552815340625 0.5485563796874999 0.53483305 0.553014359375 0.5301815046875 0.5651006546875 0.52136089375 0.57252201875 0.511353478125 0.5717561421874999 0.5108266265625 0.58016943125 0.5268942375 0.6187259453125 0.536330434375 0.619567171875 0.5565754140625 0.610638825 0.566352684375 0.6218648015625 0.5718790874999999 0.6399093484375 0.5836001578125 0.640449178125 0.6124286609375 0.606400184375 0.6032891671875 0.6076057671874999
0 0.8209012281250001 0.574728809375 0.8303596078125001 0.57973900625 0.8518953765624999 0.5716833671875 0.854009715625 0.5661895968749999 0.8421181093750001 0.5604573937499999 0.799322459375 0.49413733593750003 0.7991297375 0.4847759921875 0.795086840625 0.476965496875 0.7815855625 0.46414480625000004 0.7666077125 0.469249446875 0.748565809375 0.4893599 0.7408432687500001 0.48829262656249994 0.732334603125 0.47377039062500004 0.7287589421875 0.4731990796875 0.726540621875 0.486007384375 0.72843175 0.5191330921875 0.741295259375 0.519522225 0.7503307734375 0.5256311703125001 0.7494254234375 0.543481153125 0.75514455 0.57088704375 0.763779378125 0.5822637171875 0.7755226328125 0.5869725140625001 0.7835793078125 0.5702651546874999 0.7841879546875 0.5503683640625 0.7907236906249999 0.5432483968749999 0.8116508093749999 0.55508955 0.8209012281250001 0.574728809375
0 0.8048128 0.45169415468749996 0.81444171875 0.46189672187499997 0.828766546875 0.46835093437499997 0.8321494906250001 0.45956090156249996 0.8347463109375 0.437315903125 0.8408813640625 0.435463659375 0.843099684375 0.42265535625000006 0.8505033421875 0.4175068484375 0.8583742328125 0.4195975265625 0.8650361343749999 0.40933199218749994 0.865689153125 0.397773140625 0.8590868609375001 0.39238620156250004 0.852232240625 0.393290390625 0.840400246875 0.3719057125 0.8280635890625 0.36310329375 0.8234272875 0.3511991765625 0.8292212718749999 0.33896218437500003 0.8421069625 0.343520284375 0.8430788671875 0.3381772125 0.8510537421875 0.33295335625 0.84648399375 0.3335561484375 0.8317141078124999 0.324031721875 0.8273523265625 0.31000544531249996 0.8215957734374999 0.30242099843750003 0.81516401875 0.30222643125 0.80619505625 0.3086243921875 0.7809200328125 0.3390757265625 0.7632566265625 0.34974948281249996 0.7637016812499999 0.3528196984375 0.7553039359375 0.359142309375 0.7556450078125 0.369527059375 0.7591166859375 0.37741290312500003 0.756134428125 0.3809352125 0.7579811890625 0.4057229828125 0.7551694671875 0.41443766875000004 0.756801321875 0.425695125 0.7619866578125001 0.4333549203125 0.7763114890625 0.4398091328125 0.777090671875 0.425104715625 0.7796500625 0.42268116093749997 0.7875431374999999 0.4289408078125 0.7985293953125 0.45252299375 0.8048128 0.45169415468749996
0 0.9063551296875 0.48152895781250005 0.9230910015625 0.484536209375 0.9391738546875 0.4991023125 0.95398116875 0.48880529843750004 0.96803148125 0.4973816703125 0.9690033843749999 0.49203859687499996 0.9799383328125 0.47912346093749997 0.9810579484374999 0.478815315625 0.9717236874999999 0.41442243593750006 0.9669943921874999 0.4099086625 0.9553329359375 0.393716359375 0.948938609375 0.37370035156250003 0.94333040625 0.367139309375 0.9441539562499999 0.36077283125 0.9344210593750001 0.35788479687499997 0.9011489750000001 0.3893910171875 0.9052584265625001 0.40970841875 0.8825497328124999 0.46589557812500004 0.89272768125 0.471853828125 0.8966887828125 0.491147828125 0.9063551296875 0.48152895781250005
0 0.3186504515625 0.7202463953125 0.31498605625 0.7029992046875 0.3183468125 0.6900402031249999 0.3166109734375 0.6860972796875 0.3224063203125 0.593551115625 0.3282446734375 0.589652059375 0.33526983125 0.5939402453125 0.33594503124999997 0.5865503624999999 0.324031240625 0.5766491890625 0.3160716109375 0.5578826343750001 0.305574775 0.5457086015625 0.30421743125 0.5323289890625 0.2967028546875 0.51663265 0.2932242359375 0.480587421875 0.2800862109375 0.48232045156250003 0.2813991828125 0.487362128125 0.2787136265625 0.492931246875 0.2700413671875 0.501376015625 0.2651749171875 0.499932 0.2622148421875 0.507623278125 0.27630952343750004 0.5245375875 0.276524428125 0.5380679015625 0.2723179328125 0.5532244125 0.2622287234375 0.5639420390625001 0.2586378125 0.587361140625 0.2498837578125 0.6072894109375 0.25149343125 0.6143779 0.261077978125 0.6162425296875 0.2638300890625 0.6231803203124999 0.25632245 0.6356433578125 0.2658473875 0.6531604640625 0.26422246562499996 0.6700623875 0.259971603125 0.676880959375 0.26118059531250004 0.68923716875 0.25836886875 0.697951853125 0.26220380468750004 0.7203914171875 0.2786277296875 0.7453422703125 0.2984054734375 0.7291747390625 0.3061502 0.73441098125 0.31436216093749997 0.746886409375 0.3172182546875 0.7465096625000001 0.326291196875 0.7327971703125 0.3186504515625 0.7202463953125
0 0.4754623890625 0.6213383921875 0.47946091874999996 0.6208109484375 0.48269551093749996 0.6109975078125001 0.4740384953125 0.59545186875 0.471242015625 0.580176140625 0.4544395921875 0.564661978125 0.4486982828125 0.533087121875 0.43892101562499997 0.5218611453124999 0.4310723078125 0.5239394374999999 0.419143271875 0.5380286765625 0.4065834046875 0.5678457375 0.3952034015625 0.5776906562499999 0.38591555624999996 0.577872834375 0.39332615312499997 0.6008837109375 0.3980220671875 0.597135353125 0.41340753750000003 0.6149223703125 0.4169831984375 0.6154936828124999 0.4259743453125 0.6132646921875 0.4388600359375 0.617822790625 0.47258411406249995 0.61754616875 0.4754623890625 0.6213383921875
0 0.448584628125 0.6728606203124999 0.4503578984375 0.6569821 0.43573636562500007 0.648481078125 0.43089210156249996 0.6512060281250001 0.4241414609375 0.6447956828125 0.42138935 0.637857896875 0.42117444531250003 0.62432758125 0.4087934203125 0.607187225 0.4075844296875 0.5948310125 0.40142719375 0.5925142890624999 0.39730249687499997 0.5961872968749999 0.3837263609375 0.6230094890625 0.388741159375 0.6254769140625001 0.3909886046875 0.644996959375 0.38322863281249997 0.6637511296875 0.36859185625 0.6792405171875 0.36933360937500004 0.684357540625 0.3762104171875 0.6876223234375 0.3811212328125 0.6974042781249999 0.3803198671875 0.7079397265625 0.375668321875 0.7200260234375 0.3679901484375 0.7272966890625 0.370319390625 0.73533323125 0.38802716249999997 0.7329974109374999 0.39795278125 0.745246790625 0.4043845359375 0.74544135625 0.4145777328125 0.7274091968749999 0.416224834375 0.714676240625 0.4443559515625 0.6838481625 0.448584628125 0.6728606203124999
0 0.709230796875 0.643693828125 0.7137118109375 0.626415159375 0.714320459375 0.606518365625 0.71144218125 0.602726140625 0.699149890625 0.6022616625 0.6910640953125 0.586640671875 0.6820285796875 0.5805317234375 0.674514003125 0.5648353828125 0.66751103125 0.5647161671875 0.650863896875 0.578384790625 0.6555223812500001 0.594457878125 0.653622946875 0.6134819625000001 0.6479773140625 0.626742359375 0.6384371343749999 0.63321566875 0.639646121875 0.6455718781249999 0.645825546875 0.652057571875 0.6523834640625 0.6491065734375 0.6872347359375001 0.6726696640625 0.697895165625 0.6618766875000001 0.7080509312500001 0.66366596875 0.71371875 0.6545745390625 0.709230796875 0.643693828125
0 0.7192243359375 0.588140940625 0.7181484515625 0.60079855 0.72429044375 0.627105684375 0.732331871875 0.6343887375 0.7611451312499999 0.6243301578125 0.760232840625 0.61402075625 0.7541574 0.6002205296875001 0.75190995625 0.58070048125 0.7463239390624999 0.5783084078125 0.7192243359375 0.588140940625
0 0.74313235 0.6767689578125 0.741352140625 0.664488096875 0.7377542953125 0.6597478156250001 0.71443831875 0.6555225953125 0.712598496875 0.6588942078125 0.7146310375 0.6648839390625 0.712219996875 0.6683308968749999 0.7158843953125 0.6855780874999999 0.71036493125 0.695692921875 0.710683815625 0.7019087015625 0.7185547078125001 0.703999378125 0.725491128125 0.6916116890625 0.73048374375 0.689910140625 0.736581365625 0.7078793375 0.749845559375 0.703000746875 0.7478948171875001 0.6855275093750001 0.74313235 0.6767689578125
0 0.1223037390625 0.506262353125 0.1274225234375 0.501415240625 0.13800115625 0.5021057703125 0.1378084375 0.492744425 0.14762313124999998 0.48414895625 0.15449993906249998 0.4874137375 0.1570371484375 0.4808212140625 0.155805971875 0.4642960359375 0.1688178328125 0.46570857187500003 0.18307610937500002 0.4596558734375 0.1886551890625 0.43388856875000004 0.1785590359375 0.4164468140625 0.1618009796875 0.4092705921875 0.15890051875 0.40130939843749996 0.1582405640625 0.3847088703125 0.1547688828125 0.376823025 0.1375879609375 0.37074555781249996 0.136482953125 0.351074815625 0.123931390625 0.3287420828125 0.11199541406249999 0.314671940625 0.09796728593750001 0.3102645359375 0.0893393953125 0.3270472453125 0.07620136875 0.3287802734375 0.076564625 0.3433339921875 0.07303332812499999 0.3511006171875 0.05160154375 0.351841725 0.050629643749999995 0.3571847984375 0.0506740125 0.365522734375 0.054568557812499995 0.372309828125 0.055755365625 0.38049706875 0.06282489062499999 0.393123190625 0.0786706578125 0.3899900140625 0.0942571515625 0.3649885828125 0.10145284375000001 0.37446914375 0.1018382828125 0.39319183125 0.098796409375 0.41236661406249997 0.092431209375 0.4246789578125 0.09078410625 0.4374119109375 0.0788328875 0.4473321796875 0.079871340625 0.4544960140625 0.08791276875000001 0.46177906875 0.10060574375 0.45697582499999995 0.106087778125 0.4666824328125 0.11277880625 0.48874525 0.1194032796875 0.4983011609375 0.119722165625 0.5045169421875 0.1223037390625 0.506262353125
0 0.11220485468750001 0.6494389453125 0.1189333109375 0.651680321875 0.1224646046875 0.643913690625 0.1280284359375 0.642136796875 0.12912650781249999 0.6336481609375 0.135239375 0.6276269453125 0.1347721375 0.6203877624999999 0.1412856890625 0.6090988234375 0.150365571875 0.6235457109375 0.1572423765625 0.6268104937500001 0.1596977859375 0.6317014703125 0.16712362812499998 0.630721934375 0.1504251859375 0.6078932406249999 0.14777705937500002 0.5936409171875 0.1501659125 0.5860249859375 0.1568943703125 0.5882663625 0.16144193281250002 0.5834946015625 0.161605528125 0.5605275953125 0.1667243125 0.5556804843750001 0.1656858578125 0.5485166484375 0.152332925 0.5367193625 0.1387498484375 0.535382175 0.111213503125 0.489994703125 0.09674031875 0.48251708437499996 0.0817846546875 0.4917906921875 0.0774298109375 0.5059237999999999 0.07918783593749999 0.514035690625 0.0769473296875 0.5226750265625 0.06544116250000001 0.5356655109374999 0.062926140625 0.54642700625 0.04863043125 0.5723011437500001 0.050432825 0.5887509734374999 0.058244103125 0.6064941234375001 0.072168253125 0.6182160609375 0.07751718125 0.60290885 0.0889193671875 0.5972329000000001 0.0944457703125 0.615277446875 0.10663407968750001 0.623056459375 0.11220485468750001 0.6494389453125
0 0 0.628827871875 0.0031165421875000003 0.6719619609375 0.008843157812499999 0.7114673093749999 0.012211128125 0.7106058515625 0.0208015890625 0.7136445859375 0.0297927328125 0.7114155953125 0.036142690625 0.7230936640625 0.0435463453125 0.7179451578125 0.0551564984375 0.6976401390625 0.041143610937500005 0.6692423265625 0 0.6122005500000001 0 0.628827871875
0 0.1652671953125 0.7383931296874999 0.17296755156250002 0.7352914328125 0.1916098 0.7474339828125001 0.2089986875 0.73888238125 0.1964914921875 0.7248875875 0.19424405 0.7053675421875 0.18901434374999998 0.68936980625 0.18099510000000002 0.6862557218750001 0.173947759375 0.6777985671875 0.17147016718750002 0.6687386203125001 0.173287803125 0.6611980375 0.1718264828125 0.6551329578125 0.16520200937500001 0.6455770484375 0.1543044875 0.6386707406250001 0.14804326875 0.64366855 0.146143834375 0.662692634375 0.13920741406249998 0.6750803249999999 0.1253941890625 0.6842032359375 0.121528765625 0.709744496875 0.1227155703125 0.7179317375000001 0.131751084375 0.7240406875 0.1389842046875 0.713699803125 0.149377059375 0.7331883703125001 0.14840515781250002 0.73853144375 0.152151353125 0.744295128125 0.1615875515625 0.745136353125 0.1652671953125 0.7383931296874999
0 0.9749139515625 0.621163428125 0.9671026734374999 0.603420278125 0.959929165625 0.5981086859375 0.9407004562499999 0.6100319 0.9398769046875 0.6163983765625 0.9465457484375 0.634292225 0.9455960296875 0.6438042671875001 0.934364378125 0.6546725921875 0.9343865640625 0.6588415609375 0.958043609375 0.6734515328125 0.9679733796875001 0.6596260171874999 0.9736966578124999 0.660957009375 0.976382215625 0.6553878906249999 0.9742235078125001 0.6525437234375 0.9778587828124999 0.6374625593750001 0.9749139515625 0.621163428125
0 0.87392750625 0.6031952625 0.8699511609374999 0.6078916765625 0.8644760625 0.6263444515625001 0.8655145171875 0.6335082843750001 0.874001 0.6438615546875 0.8747427515625 0.6489785796875001 0.866285396875 0.6709536609375 0.8722720984375 0.6680780125 0.8883175234375 0.7024655578125001 0.8853796328125 0.7143258078125 0.8888513124999999 0.72221165 0.8891923828125 0.7325964 0.9044891156249999 0.733707540625 0.9103274671875001 0.729808484375 0.9222578671875 0.6354100734375 0.921279028125 0.6125937671874999 0.9074144921875 0.58521935625 0.8879112671874999 0.599264728125 0.87392750625 0.6031952625
0 0.97267208125 0.7101119359375 0.9731989328124999 0.70169865 0.9633176828125001 0.6977872078125 0.9494975140624999 0.6787507374999999 0.920684259375 0.68880931875 0.9185699187499999 0.6943030890624999 0.9265295515625 0.7130696453125001 0.9221968890625 0.7313717203125 0.9281239781249999 0.74414854375 0.931996340625 0.7467666625 0.9396966984375 0.7436649671875 0.9479835203125001 0.716497509375 0.947768615625 0.702967196875 0.9507508734375 0.6994448875 0.9676794640624999 0.7118134828125 0.97267208125 0.7101119359375