0 0.9268079390624999 0.06277562812500001 0.9263925484375 0.0622974046875 0.9107157796875001 0.061093528125 0.9096618640624999 0.06335816875 0.9072445390625001 0.10875455625 0.8991529859374999 0.137571565625 0.9075810265625 0.1391684125 0.9089086875 0.14971624687500001 0.9057674859375 0.183661540625 0.897410840625 0.2020123125 0.8983522125000001 0.2106312328125 0.89154181875 0.215805990625 0.8900929640624999 0.213795475 0.8881604234375 0.22504257499999997 0.8818813171875 0.23025813125 0.8743459453125 0.24487346875 0.8715434328124999 0.267449265625 0.8682345343750001 0.2757417921875 0.8674608562499999 0.2927756375 0.8700685765625 0.3005728984375 0.8769990671875 0.30775249531250004 0.8783992234375001 0.3173562734375 0.876997965625 0.3286441703125 0.8945541296874999 0.336639753125 0.8992869859375 0.34460021093750004 0.9036822499999999 0.3430384875 0.9132702578125 0.3295304046875 0.9160727734374999 0.3069546109375 0.9222793812500001 0.3026831109375 0.9360202609374999 0.30468795000000004 0.9394254578125001 0.30210057031250004 0.942130575 0.2947113046875 0.940175334375 0.2784175203125 0.943242940625 0.2663079625 0.9501258312499999 0.2601891453125 0.9543761 0.26051553906249997 0.9572262125 0.2512381578125 0.9644228937499999 0.2479923140625 0.97299703125 0.22680937031249998 0.9816425671875001 0.22557404218750002 0.9881391671875001 0.2175263109375 0.9906099671874999 0.21771605468750002 0.9930169531249999 0.177098175 0.9674245984375001 0.1114767578125 0.9688258546874999 0.10018886093749999 0.9669907109375 0.0962494296875 0.946946925 0.092810940625 0.93202338125 0.07837015 0.9268079390624999 0.06277562812500001
0 0.5878515656250001 0.3457654234375 0.5944931625 0.335829575 0.6082589421875 0.3235919453125 0.6099739890625 0.3151770203125 0.617678153125 0.305322771875 0.6652286015625 0.29852846875 0.6729803640625 0.3019726328125 0.6761193671875 0.3098106921875 0.6872525265625 0.304018271875 0.698264490625 0.306763171875 0.702345965625 0.3023284765625 0.7016945859375 0.2899333234375 0.688847478125 0.28324899062500003 0.6770391390625 0.269997053125 0.6738038375000001 0.256453846875 0.676122665625 0.24713566406249998 0.675108796875 0.2394608015625 0.6796977578125001 0.2284176984375 0.6788050828125 0.21220551250000003 0.6760523671875001 0.20629636875 0.6594137765625 0.2002705015625 0.6534257593749999 0.1808181484375 0.65147051875 0.164524365625 0.6448787203124999 0.1459752734375 0.6507715390625 0.1388308015625 0.641378325 0.12196582656249999 0.62645478125 0.10752503437500001 0.6241846515625 0.10924995468750001 0.6097652921875001 0.150875784375 0.616381990625 0.155182409375 0.61913470625 0.161091553125 0.6154871187500001 0.1807535765625 0.6031939937499999 0.201650928125 0.5913120562499999 0.21023472187499997 0.58930701875 0.2224258796875 0.586360609375 0.225998115625 0.585128146875 0.242047103125 0.5950288453125 0.2523036703125 0.5978778578124999 0.2639179625 0.597225378125 0.2724144859375 0.5918389421875 0.2938422265625 0.585583634375 0.3057069890625 0.5835060984375 0.318842203125 0.57379689375 0.3408876109375 0.5649576656249999 0.35160431718749996 0.5688454468749999 0.3566510046875 0.5803161953125 0.3603807609375 0.5858465265625 0.35795658124999996 0.5878515656250001 0.3457654234375
0 0.38918020625 0.3510092171875 0.3939141625 0.338078 0.40101454375 0.3291270109375 0.40147443125000004 0.309220190625 0.411545021875 0.3033461703125 0.422411990625 0.30797918750000003 0.4261547765625 0.3149139890625 0.425694890625 0.3348208078125 0.43204539531249997 0.34955286874999997 0.439387071875 0.3444189109375 0.451461603125 0.3472454125 0.45527798593749996 0.332344478125 0.4634171375 0.3168258796875 0.4610994078125 0.3052523875 0.46566456875 0.287560078125 0.45605386093750006 0.2735272796875 0.45542628125 0.2677813328125 0.4465881515625 0.257606365625 0.438111409375 0.26360278125000003 0.4258193875 0.26360845624999996 0.41031695937499996 0.23582845312499998 0.4036288640625 0.21157421250000003 0.4177809296875 0.20126549843750002 0.41954467500000003 0.1852573078125 0.4084851125 0.169213996875 0.38989018125 0.1677860203125 0.385133528125 0.1531763578125 0.3836370734375 0.13786743125 0.3747989421875 0.1276924625 0.3725537109375 0.1151749125 0.368062146875 0.11103148593750001 0.35849904062500004 0.11029709843749999 0.353813784375 0.115635053125 0.3512774609375 0.127785409375 0.3659359125 0.131759965625 0.3736389765625 0.1427973921875 0.375497921875 0.153386028125 0.374071765625 0.178916396875 0.3761482015625 0.1866728578125 0.3717485375 0.271801284375 0.36699078281249997 0.278083296875 0.3678596578125 0.28764627656249997 0.366772190625 0.3018071484375 0.3634632921875 0.310099675 0.36338969374999996 0.33193540781249997 0.3589457296875 0.3410903953125 0.366793790625 0.35023970625 0.3785307328125 0.3435440265625 0.38918020625 0.3510092171875
0 0.0621517984375 0.30880221875 0.06744083749999999 0.30256100625000004 0.0734299546875 0.30112168125 0.13911104999999999 0.3992288765625 0.1378547875 0.408628659375 0.14379520625 0.414782596875 0.14461538125 0.4319388421875 0.1493244359375 0.4332500921875 0.1579461734375 0.425365559375 0.1661329234375 0.423145375 0.176179715625 0.4106221484375 0.182580021875 0.39686926875 0.182774815625 0.3664962140625 0.179635809375 0.358658153125 0.17128026406250002 0.35611724843750003 0.170266396875 0.3484423859375 0.177608071875 0.343308428125 0.17925062187500002 0.3358375609375 0.1846846546875 0.3277082328125 0.190287484375 0.32433999375 0.191689840625 0.29216041875 0.1848437484375 0.287361365625 0.175752428125 0.2700447640625 0.1521346484375 0.2644325640625 0.145059165625 0.2591410828125 0.1300404234375 0.2181034671875 0.11873956875 0.19824312187499998 0.09185939062500001 0.23511353906250002 0.0793260734375 0.23130218125000002 0.0711393234375 0.233522365625 0.064642721875 0.241570096875 0.0474003484375 0.2364474890625 0.041266237500000004 0.23977492812499998 0.0383198265625 0.243347165625 0.0330534875 0.277129259375 0.0345499421875 0.2924381859375 0.0421080125 0.3053637296875 0.0621517984375 0.30880221875
0 0.37626594999999996 0.5400546375 0.385249075 0.5483414875 0.384065309375 0.5567972109375 0.38606925 0.56549773125 0.38297674531250003 0.5918497578124999 0.38869966875 0.6008358734375 0.39606514531250003 0.6023511218750001 0.4044693890625 0.5972987625 0.4129223296875 0.5846531390624999 0.4190564421875 0.581325696875 0.42362160156249995 0.5636333890625 0.422342640625 0.545492290625 0.42835665624999997 0.5298104953125 0.43562583593750004 0.5256205953124999 0.442774915625 0.509076340625 0.431715353125 0.4930330265625 0.42169346093750004 0.49131378281250004 0.40853256250000003 0.48175647968749996 0.4042584921875 0.47478087812499997 0.39588025 0.44469909375 0.3852069734375 0.43058469375 0.379362853125 0.4301359015625 0.3593168671875 0.46848076718750004 0.33883699218749996 0.49159830312499997 0.3384020046875 0.49726265156249994 0.34588757812500004 0.511132253125 0.34726283593749996 0.5349785 0.360616328125 0.5559461031249999 0.3666054453125 0.554506778125 0.37626594999999996 0.5400546375
0 0.5714667828125 0.51041244375 0.5788073609375 0.5261701624999999 0.5744596921875 0.5410302953125 0.5748697796875 0.5496084171875 0.5805689078125 0.5519453249999999 0.5877417875 0.542050278125 0.5978123796875 0.5361762578125 0.608101565625 0.5065783875000001 0.619210925 0.494136759375 0.59438888125 0.42765605000000007 0.587530890625 0.41953239531250003 0.58009291875 0.41896120468750003 0.573016334375 0.4345614015625 0.5573407140625 0.4855870140625 0.548138996875 0.5010240109375 0.5483802890625 0.50484104375 0.559392253125 0.5075859453125 0.5643913 0.5051209625 0.5714667828125 0.51041244375
0 0.7791021046875 0.5178109109375 0.7820972140625 0.506645409375 0.786927465625 0.499419340625 0.8001619625 0.48714091093749995 0.804943515625 0.48750810468749994 0.808831296875 0.49255478750000004 0.8098451656250001 0.5002296515625 0.813732946875 0.5052763359375 0.8297201578125 0.49890704843749994 0.8357579749999999 0.4898744609375 0.8437272296874999 0.49048645156250004 0.8512615 0.4967627890625 0.85560916875 0.48190265312499997 0.8644721953125 0.477835153125 0.865053278125 0.4493910109375 0.8676620968750001 0.436296596875 0.865875653125 0.42476390156250005 0.8616015828125001 0.4177883015625 0.8574238109375001 0.41651784999999997 0.852062275 0.4237031203125 0.8387314828125 0.430276403125 0.8270681375000001 0.41513634843749997 0.8214664078125 0.39761291249999997 0.8151397015624999 0.3895300578125 0.7994911796874999 0.3845298453125 0.79335706875 0.38785728750000004 0.7904106578125 0.391429521875 0.7924870953125 0.3991859828125 0.7837181640625001 0.45074198593750003 0.7780179390625 0.46929675312499997 0.7701687781250001 0.48103911874999994 0.7701200796875 0.4886323828125 0.7642748578125 0.5090752671875001 0.7575607640625 0.5199551718750001 0.7560870093750001 0.532187128125 0.7607235671875 0.5344424375 0.76275240625 0.5289004875 0.7791021046875 0.5178109109375
0 0.925683328125 0.6202314796875 0.9319375375 0.6292583953124999 0.9362354046875 0.6428832015625 0.9556029140625 0.6481690046875 0.957414259375 0.6454592296875 0.9614254359375 0.600185240625 0.960460265625 0.5849171140625 0.9571037671875 0.5799112281250001 0.9466490859375 0.5420729796875 0.9371346765625 0.5337453265625001 0.926219009375 0.5367055749999999 0.9196499109375 0.5456973640625 0.91365969375 0.568028365625 0.913828490625 0.572789453125 0.91817505625 0.578820996875 0.9173050828125 0.59014969375 0.887430896875 0.61729393125 0.8810305921875001 0.6310468109375 0.8805231062500001 0.63765521875 0.9006144953125 0.6543921203124999 0.9166753046875 0.6261871 0.925683328125 0.6202314796875
0 0.7462738109375 0.69476911875 0.7500414953125001 0.6874614515624999 0.7654974234374999 0.681051365625 0.7797695874999999 0.683097003125 0.7893564953125 0.6904805984375 0.7971331578124999 0.679682290625 0.8013834281250001 0.6800086828125 0.805271209375 0.68505536875 0.8035561609374999 0.6934702921875 0.8084102124999999 0.692893428125 0.8127091828124999 0.6856265593749999 0.810560246875 0.6788141546875 0.8132426640625001 0.64388400625 0.821815703125 0.6435927359375 0.8236032484375 0.6342337546875 0.820174253125 0.6301719265625 0.8106836421875 0.62849348125 0.7986578109375 0.6180737187500001 0.7808376546875 0.5787202203125 0.7713232453125001 0.5703925703125 0.7643440578125 0.5708062375 0.756712390625 0.579716428125 0.7470247875 0.6501943921875 0.7381119609375 0.6827468359375 0.7303590984375 0.7001943484375001 0.7355994375 0.701546396875 0.739294625 0.6951827875000001 0.7462738109375 0.69476911875
0 0.763825578125 0.7863314078125 0.7715048421875 0.790719628125 0.7722774203125 0.794577459375 0.77780775 0.7921532765625 0.779111609375 0.7960519078125 0.79026856875 0.7969086921875 0.7968376671875 0.787916903125 0.8012578328125001 0.7721127125 0.7981675265625 0.7566813875 0.8011150359375 0.7322174765625 0.8074190421875 0.7127594484374999 0.80085104375 0.7008595609375 0.8121778984375 0.685585759375 0.811575215625 0.6655973421875 0.808508709375 0.6568152234375 0.805852290625 0.656611228125 0.8024946921874999 0.67249701875 0.7900814734375 0.681040015625 0.7855174125 0.677840646875 0.7594120109375 0.676785540625 0.7462013140625 0.695713178125 0.748640240625 0.6987493484375 0.752045434375 0.6961619703124999 0.754966946875 0.7068322031250001 0.7540482749999999 0.725754165625 0.7502318921875 0.7406550984375 0.7513420578125001 0.754035109375 0.759456309375 0.75275898125 0.767641959375 0.7714304734375 0.763825578125 0.7863314078125
0 0.8987434562500001 0.8736119203125 0.9180871640625 0.872248521875 0.9208885765625 0.8705644015624999 0.9205509875000001 0.8610422218749999 0.93064538125 0.8618174078124999 0.9358619203125 0.856520253125 0.9382056484374999 0.8329595984375 0.9362017093749999 0.8242590812499999 0.9396069046875001 0.8216717015624999 0.9412494546874999 0.8142008359374999 0.9443906578125001 0.7802555421874999 0.9427730078125001 0.7734839390625 0.944511853125 0.7717182203124999 0.9402615843750001 0.7713918265624999 0.9329448078125001 0.7622833140624999 0.9314721531249999 0.75362359375 0.9246141640625 0.7454999375 0.9172724875 0.7506338984375 0.912249640625 0.746449671875 0.90763688125 0.7508435687499999 0.9041342890624999 0.768617475 0.89623643125 0.7879531046875 0.893963 0.8523530515625 0.8944455859374999 0.8599871140625 0.8989371484375 0.8641305406249999 0.8987434562500001 0.8736119203125
0 0.8424273765624999 0.869287196875 0.8410997171875 0.8587393625 0.8367531484375 0.8527078187500001 0.8335903453125001 0.838220553125 0.8338565375 0.8277951140625 0.7937451640625001 0.8142689328125 0.782853296875 0.8238783843749999 0.7861610953125 0.836477534375 0.7775631578125 0.851011275 0.7734329843750001 0.8630392328125 0.7733842875 0.8706324984375 0.7778996484375 0.88142513125 0.8397947562500001 0.8757324078125001 0.8424273765624999 0.869287196875
0 0.699584540625 0.8573681328125 0.699415746875 0.8526070453125 0.7016858765625 0.8508821265625001 0.710210215625 0.85818411875 0.7177206875000001 0.8578112515624999 0.726294825 0.8366283062500001 0.72767228125 0.8186912015625 0.7250883609375001 0.8175431484375 0.7181329734374999 0.824606021875 0.7027257437500001 0.8234228421875001 0.703426921875 0.8073330546875 0.7010366968749999 0.7967036203125 0.6774189171875 0.7910914203125 0.6778290046875 0.799669540625 0.68188558125 0.8094773171874999 0.6701724390625 0.8228222031250001 0.6673948234375 0.8311555281249999 0.6677324140625001 0.8406777062499999 0.6746153046875001 0.8345588921875 0.677150528125 0.8433002109375 0.6760392609375 0.8508118765624999 0.6691801703125 0.8635798984375 0.6620559874999999 0.8658816828125 0.662828565625 0.8697395125 0.681229803125 0.8806488671875 0.6949230828124999 0.8693552953125 0.699584540625 0.8573681328125
0 0.6069280703125 0.7695345296875 0.6104544625 0.7584098296875 0.615453509375 0.7559448484375 0.6184237203125 0.75902181875 0.6201138687500001 0.7648493640625 0.6197264796875 0.7838121250000001 0.6258843921875 0.787133890625 0.6311009328125 0.781836734375 0.64365695 0.8131889749999999 0.6411931265625 0.8243952734375 0.6515775078125 0.8213942281250001 0.6576629203125 0.82566005 0.6642558203125 0.82331746875 0.669689853125 0.8151881390625 0.6694247609375 0.8047219015625 0.677684009375 0.8015576578125 0.6793016609375 0.8083292625 0.6936701203125 0.8160800484375 0.6969065234375 0.8087315796875 0.696110146875 0.79822454375 0.6755837734375 0.7871519890625 0.6725172671874999 0.7783698734375 0.6709483140625 0.76400500625 0.6660466656249999 0.7512834578125 0.6695254578125 0.7268603437500001 0.6505929359375 0.715910190625 0.644484821875 0.684103484375 0.6318065093749999 0.68218024375 0.625479803125 0.6740973890624999 0.6206257515625 0.674674253125 0.6241997421875001 0.6768479640625 0.62453733125 0.6863701437499999 0.619344590625 0.6983165046875001 0.6163732828125 0.7161312109375 0.6108905484375 0.7318538046875 0.6028238953125 0.7464283453125 0.5881405453124999 0.7566962609375001 0.5870292796875 0.7642079234375 0.5891782140624999 0.7710203296875 0.5937422734375 0.7742196953125 0.6069280703125 0.7695345296875
0 0.5830236 0.705023534375 0.5842560625 0.688974546875 0.5963078953125 0.6642601625 0.6170279609375 0.6658513359375 0.6137926593749999 0.6523081265624999 0.6250957140625 0.6303851203125 0.6155575046874999 0.6154082625 0.6119359140625 0.5999361390625 0.6006350609375 0.5800757953125 0.59174823125 0.577494090625 0.585927909375 0.5836945046875 0.58199033125 0.607132759375 0.578753928125 0.6144812296875 0.5780527515625 0.6305710171875 0.5675958718749999 0.6345161203125 0.562234334375 0.6417013921875 0.5602530953125 0.660541753125 0.5656135328125 0.674248159375 0.5645985640625 0.6874649734375 0.5584882515625 0.6974416203125 0.5619410453125 0.7081526515625 0.574015575 0.710979153125 0.5830236 0.705023534375
0 0.44742504375000003 0.7031570406250001 0.4501052625 0.7100102421875001 0.45435553281249996 0.7103366375 0.46102092812500006 0.707049996875 0.48710363125 0.6805642203125 0.48746612031250003 0.6758439296875001 0.48249197187500004 0.6640664421875 0.474089928125 0.6273354484375 0.45896729062499997 0.6102678953125 0.449145590625 0.5902837359374999 0.44412274375000005 0.5860995109375 0.434873425 0.588238096875 0.43791613281249997 0.5903710078125 0.438712509375 0.600878046875 0.43588619531250006 0.6168046359375 0.4324085015625 0.620336071875 0.43680266718749994 0.6396660265625 0.4357152015625 0.6538268984375 0.4312463390625 0.6772243546875 0.42513602656250005 0.6872010000000001 0.42508732812499994 0.694794265625 0.43044776406249996 0.7085006703125 0.4422810015625 0.7075101359375 0.44742504375000003 0.7031570406250001
0 0.47301856249999996 0.794387259375 0.477848815625 0.7871611875 0.48572177656250004 0.7820680296875 0.49301365312499995 0.8054190125 0.5027931546875 0.8242129015625 0.5155677640625 0.8318412890625 0.5300574203124999 0.831054753125 0.5339701015625 0.82185896875 0.5399592171875 0.8204196421875001 0.5428818296875 0.8101982015625 0.541481671875 0.8005944234375001 0.5504658953125 0.7879895984374999 0.5485106562500001 0.7716958171875 0.5425464375 0.7588926687499999 0.5355434531250001 0.75265713125 0.514678390625 0.7529540765625 0.5123119625 0.748973846875 0.5093904515625 0.7383036140625 0.5082564859375001 0.7182743953124999 0.5108891046874999 0.7118291875 0.5109378046875 0.704235921875 0.5016170875 0.6864268890624999 0.49036383125 0.679864959375 0.475994271875 0.6930058484375 0.46341115625 0.71767943125 0.46502880781249994 0.724451034375 0.472514928125 0.7278747984375 0.47843099687499996 0.737825371875 0.4763047625 0.75855385 0.467391934375 0.79110629375 0.461667909375 0.8030118546875 0.466835753125 0.8053079640625 0.4713760140625 0.8018581250000001 0.47301856249999996 0.794387259375
0 0.603612575 0.9031771140625 0.61361176875 0.8773554765625 0.611027846875 0.876207421875 0.6097726859375 0.8647155265625001 0.6048223359375 0.8595872437500001 0.607552353125 0.8379555046875 0.6160052953124999 0.8253098828125 0.6336826531249999 0.8247681421875 0.6416043109375 0.81208171875 0.6434643546875 0.801778678125 0.633684853125 0.7829847890625 0.6238317546875 0.786026634375 0.6139310578125 0.7757700703125 0.5562624203125 0.7751399796875 0.55179465625 0.7776457578125 0.5536049000000001 0.7958276578125 0.5682384546875 0.8140446828125001 0.5698561046874999 0.8208162859374999 0.566643503125 0.8348139609375 0.562634525 0.8383045984375 0.5623434359374999 0.8629725078125 0.5585995500000001 0.8769293812500001 0.5609410796875001 0.8951520828125 0.5573908875 0.8996275765625 0.564852659375 0.906847971875 0.5926244125 0.90708141875 0.603612575 0.9031771140625
0 0.46323356406249994 0.8800517515624999 0.47096152656249995 0.8768467078125 0.4753080953125 0.8828782500000001 0.4755969875 0.8999936937499999 0.47970226250000003 0.9022082046875 0.506123653125 0.8643529328125 0.507742403125 0.850232859375 0.48229058125 0.8197895546874999 0.46717334218750006 0.8148301421875 0.4673421359375 0.819591234375 0.46173930937499996 0.8229594734375001 0.4604105484375 0.8333033125 0.4554353015625 0.8424175 0.45485531874999996 0.8499699656249999 0.46072323906249996 0.8570679625000001 0.4606745421875 0.8646612265625 0.4565930671875 0.8690959203125 0.45434673593749997 0.877470046875 0.4570269546875 0.8843232484374999 0.4612772234375 0.8846496437500001 0.46323356406249994 0.8800517515624999
0 0.38626991718750003 0.8731917984375 0.3917526484375 0.8574692046875001 0.39926311875 0.8570963359375 0.4042372671875 0.868873825 0.41367917812500005 0.8781455328125001 0.423122190625 0.8665255671875001 0.42551351562499995 0.8562633265624999 0.45603908281249994 0.841514240625 0.4606280421875 0.8304711375 0.44787943124999996 0.787708603125 0.4427115890625 0.7854124953125 0.42783674375 0.7633784390625 0.42365897031250005 0.7621079859375001 0.418756221875 0.7702781140625 0.41230831874999996 0.77073258125 0.41803124374999995 0.7797186953125 0.4172337671875 0.7901033359375 0.413441184375 0.8116534734374999 0.40749966562499995 0.8263912109374999 0.399940496875 0.834357340625 0.3856207359375 0.819013290625 0.3818292515625 0.8196717546875 0.36936733125 0.8358080156250001 0.3650921625 0.8497240921874999 0.365864740625 0.8535819234375 0.37103258125 0.8558780328125 0.37648931406249997 0.875289584375 0.38626991718750003 0.8731917984375
0 0.3713972703125 0.8093743906249999 0.37509245625 0.8030107781250001 0.3774599828125 0.78609933125 0.38289401875 0.77797 0.38866564062500003 0.7793628515625 0.3908870734375 0.785231196875 0.3959824171875 0.7884713640625 0.4055217265625 0.7825565437499999 0.4122834203125 0.7849750515625 0.41595480625 0.771962234375 0.411149453125 0.764945834375 0.4091217171875 0.7495961078125 0.3962508078125 0.736262571875 0.393788084375 0.726577196875 0.37736808437499997 0.696827478125 0.36807116875 0.685667653125 0.3593531359375 0.6878470390625 0.3489925515625 0.6974972921875 0.3416746765625 0.7092804546875 0.3387758640625 0.7261511031250001 0.33904095624999997 0.736617340625 0.346526528125 0.7504869421875 0.356573321875 0.7379637171875 0.3629725265625 0.7451025125 0.35806867656249997 0.77416431875 0.3485769671875 0.7933775515625 0.3502671140625 0.799205096875 0.34589564687499996 0.8074160234375001 0.3409690984375 0.8089369468750001 0.3499522234375 0.8172237984375 0.36364550625000003 0.805930225 0.3713972703125 0.8093743906249999
0 0.29706404062499997 0.8378525796874999 0.2941176296875 0.8414248140625 0.2960252734375 0.8444201859374999 0.313896328125 0.834397065625 0.32167298906249997 0.823598759375 0.32271175625000004 0.8170311515625001 0.33278235 0.8111571312500001 0.3406066109375 0.8136572390625 0.34944474062499997 0.82383220625 0.35466128124999996 0.81853505 0.3569076125 0.8101609249999999 0.354831175 0.8024044640625 0.345292965625 0.78742760625 0.3305620171875 0.7843971109375001 0.31455210624999996 0.7632255140625 0.3046752078125 0.7596181546875 0.29530469375 0.7702940625 0.280861534375 0.8052706875 0.280522846875 0.8166401828125001 0.28182670625 0.8205388140625001 0.2953262953125 0.818726621875 0.29706404062499997 0.8378525796874999
0 0.2749720140625 0.74974013125 0.28125112343750003 0.7445245734375 0.292626675 0.7216575078125 0.31397542343749996 0.70810295 0.3164143484375 0.711139121875 0.31759701093750003 0.7235750734375 0.321557290625 0.7276777 0.3368444234375 0.716506525 0.33819698125 0.7128118921875 0.33537176875 0.7078468046874999 0.33563795937499996 0.6974213671875 0.343438421875 0.6932722671875 0.348317371875 0.6784529312500001 0.3453958625 0.6677826984374999 0.33576025781249996 0.6679923703124999 0.333491225 0.6488256109375 0.3183014875 0.6448102578125 0.2969311421875 0.60993225625 0.28635416406249997 0.60152300625 0.278312409375 0.601855075 0.2692556875 0.615403959375 0.2746166734375 0.618664525 0.2837442453125 0.6355090999999999 0.2816180109375 0.6562375765625 0.2788403953125 0.6645709046875 0.2647846265625 0.6805847671875 0.266522371875 0.699710725 0.256934365625 0.7132188078125 0.2582858234375 0.7304158515625 0.26152112656250004 0.7439590578125 0.266471475 0.7490873421875001 0.2749720140625 0.74974013125
0 0.20654603749999997 0.847436240625 0.2155778625 0.848129828125 0.23352141406250002 0.8371626484375 0.239149140625 0.819551940625 0.22917594531250002 0.81023943125 0.22755829374999997 0.8034678281250001 0.2305047046875 0.7998955921875 0.2120796671875 0.7823370296875 0.2078293984375 0.7820106359375 0.19597125937499998 0.7972436390625 0.1979513984375 0.7992949515625 0.19729891875 0.8077914734375 0.184547009375 0.8277039671875001 0.1830732546875 0.8399359234375 0.1868885390625 0.845926665625 0.19954305156250002 0.8412007015625 0.20654603749999997 0.847436240625
0 0.14915898593750002 0.5438972453125 0.1558730796875 0.5330173390625 0.172487875 0.5323940015625 0.1769805375 0.51564575 0.1813758015625 0.5140840296875 0.1912040015625 0.5252846546875001 0.204872384375 0.5282335515625001 0.20409870625 0.545267396875 0.20711651562500002 0.561642778125 0.2088791625 0.5665262671875 0.21708971093749999 0.5709552875 0.22802972656249998 0.5641984078125 0.23527455625 0.5638051390625 0.24090228281249998 0.54619443125 0.2758967140625 0.5080478875 0.276790484375 0.503368396875 0.2743277609375 0.4936830203125 0.2671797796875 0.48933559843749996 0.250226846875 0.49088259531249995 0.1927286546875 0.46367608125000004 0.17350394062500002 0.4982855125 0.1554878921875 0.5101967484375 0.149643771875 0.5097479578125 0.1477599296875 0.513401790625 0.14114323125 0.5090951687499999 0.13051645625 0.529170859375 0.1401758609375 0.5356103937500001 0.1464300703125 0.5446373078125 0.14915898593750002 0.5438972453125