0 0.060648225 0.282079771875 0.060525015625 0.28837822968750004 0.0725942015625 0.29690521406250003 0.10607008281250001 0.3057534546875 0.113213115625 0.3054788140625 0.122505821875 0.299563434375 0.14094562500000002 0.295176303125 0.1430616953125 0.2912533234375 0.1422444765625 0.2809041953125 0.13418341875 0.2759829875 0.11990855625 0.2759596796875 0.10041631718749999 0.28202200781250003 0.088257525 0.2780757171875 0.0739938625 0.2774798203125 0.060648225 0.282079771875
0 0.171735396875 0.26207932343749996 0.16349512500000002 0.26631950781249997 0.1633047125 0.276053484375 0.186278640625 0.30050851875 0.20051990156250002 0.3022495890625 0.212801903125 0.299897421875 0.2362014609375 0.302594153125 0.24850586406250003 0.29909681250000003 0.2497375125 0.2882602265625 0.24167645468750001 0.2833390203125 0.22951766093749998 0.2793927296875 0.21417916250000002 0.28161720468749996 0.20407483593750003 0.2768971640625 0.2031512109375 0.2719876109375 0.19004079062499998 0.2645632359375 0.171735396875 0.26207932343749996
0 0.3256608984375 0.31645510312499997 0.33467358593749996 0.324854396875 0.3498776765625 0.329500965625 0.3631897109375 0.326618775 0.3654513921875 0.31525216562499997 0.34238785781250003 0.2953778265625 0.307937946875 0.28419667187500003 0.29668598125 0.286018815625 0.2904833765625 0.290344128125 0.289363734375 0.295454846875 0.29432349062499996 0.302538709375 0.3256608984375 0.31645510312499997
0 0.4472575265625 0.40441885624999996 0.462607225 0.40162179531250003 0.46585413906250006 0.392015509375 0.458386503125 0.3828211828125 0.455229415625 0.3617727859375 0.448254396875 0.353458621875 0.43603959999999997 0.352375265625 0.425795265625 0.3548125609375 0.41317724218749996 0.3743423359375 0.413994459375 0.3846914640625 0.4371027953125 0.40227545468750003 0.4472575265625 0.40441885624999996
0 0.292426815625 0.39949714062499997 0.30150670625 0.4044609125 0.3137327046875 0.4049716796875 0.32298060781250004 0.40134664531249997 0.32740316406250003 0.383766709375 0.3255559109375 0.373947603125 0.30857177343750003 0.35604640781249997 0.294319309375 0.354877925 0.28503780624999997 0.36022071875 0.284836190625 0.370527284375 0.29274603906249996 0.3831784125 0.292426815625 0.39949714062499997
0 0.1838485078125 0.37261190625 0.20021704218749997 0.3698574078125 0.2123086296875 0.37723921875 0.22457942812499998 0.3754596375 0.22161253749999998 0.3707512515625 0.228833975 0.366468503125 0.21277906249999998 0.35319056875 0.1699768734375 0.3519754671875 0.1617478015625 0.3556430640625 0.16056095625 0.364189303125 0.1696072453125 0.37087083593750003 0.1838485078125 0.37261190625
0 0.0458696515625 0.337048684375 0.0487245359375 0.347482940625 0.0558451671875 0.3483534765625 0.06184615624999999 0.354334728125 0.07705024687499999 0.358981296875 0.0717880703125 0.36735728125 0.074609353125 0.37950929843750003 0.089779840625 0.385873625 0.10408830625000001 0.3841791734375 0.1037191203125 0.35092656875 0.06636951875 0.331601509375 0.0582300578125 0.330688409375 0.048993354687500004 0.33374085625 0.0458696515625 0.337048684375
0 0.0731648890625 0.4012250359375 0.0670182890625 0.40268741406249997 0.0607708796875 0.409303071875 0.0525866125 0.410680321875 0.031392732812500004 0.3994799140625 0.0303066953125 0.4028728703125 0.02976905625 0.43035704375000006 0.031840325 0.4287244078125 0.04706681875 0.432225803125 0.0643981796875 0.43237680312500004 0.091044653125 0.4254672515625 0.1042670796875 0.4271657578125 0.118575546875 0.42547130468749994 0.1237705203125 0.420530840625 0.12990591875 0.4196410515625 0.1300067265625 0.41448776875000004 0.1128657765625 0.4046027921875 0.09760568281250001 0.4028191578125 0.08635371562500001 0.404641303125 0.0731648890625 0.4012250359375
0 0.145278021875 0.415698815625 0.1512790125 0.42168006875 0.1685319703125 0.4258391796875 0.1879234015625 0.4249301328125 0.21327101874999999 0.43229268750000005 0.2295947484375 0.4318285390625 0.2357861515625 0.4280758140625 0.23596536562499998 0.4189144234375 0.2299755765625 0.4123605828125 0.21371905 0.4093892125 0.1944844296875 0.402282040625 0.1638746359375 0.40329546875 0.1474949 0.40662255312499995 0.145278021875 0.415698815625
0 0.2593201203125 0.423901503125 0.26328344531250003 0.4297976296875 0.2966697203125 0.443226565625 0.3089293203125 0.4420195734375 0.335396578125 0.44427140937500004 0.34669335 0.4401589171875 0.3560196578125 0.4325257765625 0.35210113593750003 0.42433930468750003 0.3195208796875 0.4218320828125 0.304171178125 0.4246291453125 0.28295489687500003 0.41457391093749996 0.26665356562500003 0.41389288593750007 0.261503396875 0.41654300156249996 0.2593201203125 0.423901503125
0 0.4114788765625 0.40903747343749997 0.40398862031249994 0.427062309375 0.40588067656250004 0.434591065625 0.42308882968750006 0.44104052187500004 0.4310938859375 0.448824665625 0.44732800937499995 0.45294120937500004 0.4555122765625 0.45156396093750006 0.46170367968750003 0.44781123593750005 0.4618716921875 0.43922243281249995 0.44477554531249996 0.42704710625000003 0.44610800156249997 0.41105723593750004 0.442133475 0.40573370000000003 0.43607648125000004 0.40261537968749994 0.42181281875 0.40201948437499996 0.4114788765625 0.40903747343749997
0 0.5356309031250001 0.42167390937500004 0.524367734375 0.424068640625 0.52032600625 0.4221806234375 0.49890810781250006 0.4224319546875 0.4916418671875 0.4290050484375 0.4881149359375 0.4529260078125 0.4971724234375 0.45903495312500003 0.5113800828125 0.4624937828125 0.541083053125 0.45571192031249996 0.550196546875 0.45895793124999995 0.56854674375 0.45915149531250005 0.5767982171875 0.4543387265625 0.5799779234375 0.4481679609375 0.5771230390625 0.43773370624999997 0.5680655484375 0.4316247609375 0.548819728125 0.42509017499999996 0.5479689078125001 0.416458809375 0.53369404375 0.41643549999999996 0.5356309031250001 0.42167390937500004
0 0.5777027968749999 0.3650407046875 0.5716794046875 0.360204625 0.5543704421875 0.3589084515625 0.5451337421875 0.361960896875 0.5399275671875 0.3674739453125 0.511422640625 0.36513697968750003 0.497069371875 0.36912178125 0.4988830234375 0.3806586453125 0.5517055328125 0.3908881890625 0.5578633328125 0.3888532265625 0.5777027968749999 0.3650407046875
0 0.7080199375 0.314072896875 0.6998132703125 0.31659531875 0.692547028125 0.3231684140625 0.6721143625 0.32518006875 0.6628104546875 0.3316680359375 0.663661275 0.340299403125 0.6768164999999999 0.3454334296875 0.6859859984375001 0.34581650625 0.7074935 0.34098448124999997 0.7114680250000001 0.34630801875 0.7246232499999999 0.3514420453125 0.74296224375 0.352208196875 0.7511801140625 0.34911318750000003 0.7543262187499999 0.3446601859375 0.75143773125 0.3359436890625 0.7332443468750001 0.3277339078125 0.7263029296875 0.3177019828125 0.717189434375 0.314455971875 0.7080199375 0.314072896875
0 0.653543440625 0.3883955421875 0.6401866015625 0.39356808125 0.637958521875 0.40321693124999997 0.6500613109375 0.41002615468750003 0.668433909375 0.4090745453125 0.6756329453125 0.40593697031250003 0.690893040625 0.40772060468750004 0.714617421875 0.3938123171875 0.7188047625 0.388256703125 0.7179203375000001 0.381343096875 0.7078216140625 0.3763367625 0.6945767828125 0.3757834296875 0.6822611796875 0.37985335625 0.6759465671875 0.3899045375 0.6677623015624999 0.3912817859375 0.653543440625 0.3883955421875
0 0.6567857328125 0.483276446875 0.665977634375 0.4825143484375 0.6916724750000001 0.47212671093749997 0.7043129031250001 0.4514517609375 0.704413709375 0.4462984796875 0.6963638515625 0.44080468437500003 0.686175521875 0.44037904531249994 0.672829884375 0.44497899687500003 0.659293834375 0.459312925 0.649015896875 0.46346798125 0.64482855625 0.46902359374999997 0.6446381421875 0.47875757031250005 0.6567857328125 0.483276446875
0 0.53905615 0.5072021796875 0.5489980609375 0.5202247296875 0.5427282531250001 0.5279855640625 0.543545471875 0.5383346921875 0.5485388296875 0.5437007921875 0.5637765234375001 0.5466295999999999 0.577110959375 0.5426022374999999 0.59275188125 0.524917915625 0.5949351578125001 0.5175594140625 0.5778614125 0.504238915625 0.570953596875 0.492489228125 0.549580503125 0.49045021093749996 0.5392689640625 0.49632302812500007 0.53905615 0.5072021796875
0 0.39823316875 0.5127800875 0.40931712343750004 0.5195467484375 0.4192590359375 0.5325692984375 0.4324254609375 0.5371307390625 0.44570389375 0.5359663109375 0.45003684374999997 0.5229670671875 0.4441590625 0.5106873578125 0.4525225421875 0.50014871875 0.4507424953125 0.48689409218749996 0.43858370312500006 0.4829478015625 0.4232676046875 0.484027103125 0.41178042187499997 0.49787357343750005 0.3984235828125 0.5030461109375 0.39823316875 0.5127800875
0 0.34429400781249997 0.52637793125 0.344999659375 0.49030495625 0.31756956875000003 0.48514762187500005 0.316606740625 0.482242121875 0.30546678437499997 0.4783383984375 0.292233153125 0.47721247812499995 0.2758758203125 0.479394390625 0.2777902765625 0.48577797343749995 0.26926998750000003 0.5043328296875 0.2708596203125 0.5273214328125 0.3105717109375 0.5301266015625 0.34429400781249997 0.52637793125
0 0.1731416921875 0.4665066234375 0.1606916796875 0.47744759375 0.1515109796875 0.4776371046875 0.153011009375 0.50520640625 0.1579483625 0.513435440625 0.17007355156249998 0.519099490625 0.18129191718749998 0.5189951078124999 0.1895209875 0.5153275125000001 0.19603721406250002 0.49496976562499995 0.20320264687499998 0.49354995312499994 0.2055091328125 0.47989299531249996 0.205688346875 0.4707316046875 0.19966495312500002 0.4658955265625 0.18543489375 0.46358186874999996 0.1731416921875 0.4665066234375
0 0.0224664046875 0.4544812875 0.0211787515625 0.4681808078125 0.026944526562499998 0.486186384375 0.039058515625 0.492423021875 0.0368640375 0.5003541109375 0.047970395312500004 0.505975596875 0.064271725 0.5066566203125 0.0848836015625 0.495483575 0.09011217656250001 0.4888253515625 0.0904930046875 0.469357396875 0.0835291828125 0.4604706453125 0.08467122656250001 0.45421475468750006 0.0347820078125 0.45041135781249997 0.026608940625 0.45121601875 0.0224664046875 0.4544812875
0 0.06459543749999999 0.5737175609375 0.0747837703125 0.5741432 0.086069340625 0.570603296875 0.0881854109375 0.566680315625 0.08649496875 0.5488449937500001 0.0721778046875 0.5318019078125 0.0390790859375 0.5278071546875001 0.0400992765625 0.54352225 0.0610241421875 0.5477808953125 0.05262705937499999 0.56003729375 0.055504346875 0.569326378125 0.06459543749999999 0.5737175609375
0 0.134950925 0.573791540625 0.1471993234375 0.5731571359375 0.1593357140625 0.5782485984375 0.225649471875 0.5764345625 0.2380546796875 0.5677839390625 0.23525579843750002 0.5544867484375 0.2199957046875 0.5527031140625 0.21300948437499997 0.5449615375 0.1916363890625 0.54292251875 0.1874938546875 0.546187784375 0.1467853328125 0.5421948796875 0.14667332500000002 0.547920746875 0.1343353203125 0.5531358484375 0.134950925 0.573791540625
0 0.28068131875 0.57797319375 0.305166915625 0.5772769671875 0.3304697296875 0.5869298703125 0.34066926406250003 0.586782925 0.3458306328125 0.583560221875 0.34603224843749997 0.5732536578125 0.32892489999999996 0.5616509187500001 0.3157248734375 0.558807240625 0.29634464375 0.5591436984375 0.28109574843749996 0.556787478125 0.269776578125 0.5620451421875 0.2695861640625 0.57177911875 0.28068131875 0.57797319375
0 0.41329763125 0.5749177078125001 0.432386640625 0.589468509375 0.44858716249999997 0.5953028140625001 0.45992873593750006 0.588899975 0.4611379828125 0.5792085625000001 0.4571634578125 0.5738850234374999 0.44503826718750006 0.5682209734375 0.437178825 0.5529932015625 0.42911776718750005 0.5480719953125 0.4179330046875 0.54645861875 0.4045537640625 0.5527763296875 0.404396953125 0.5607925453125 0.41329763125 0.5749177078125001
0 0.5068942390625 0.5528444578125 0.5026732953125 0.56011783125 0.50319929375 0.58535421875 0.5100959078125 0.5976764921875 0.5466954937499999 0.603216903125 0.553860928125 0.6017970906250001 0.560175540625 0.5917459093749999 0.57952216875 0.5931272125 0.5847395421875 0.5870415765625 0.5817614484375 0.5829057765625001 0.5850195609375 0.5727269046875 0.55659304375 0.5663818296875001 0.543505025 0.55781228125 0.5476475625 0.5545470171875 0.5068942390625 0.5528444578125
0 0.65092095625 0.572810790625 0.649543696875 0.59109100625 0.65454825625 0.5958845203124999 0.6718236140625 0.5988984562499999 0.6852028546875 0.5925807468750001 0.69840288125 0.595424425 0.7023998078125 0.599602790625 0.7064863406249999 0.5992004578125 0.7006309609375 0.585775575 0.690588240625 0.57790630625 0.68575169375 0.5645239859375 0.6766382 0.5612779765625 0.6613221 0.562357278125 0.65309303125 0.5660248734375 0.65092095625 0.572810790625
0 0.5218082953125001 0.6573864359375 0.5288841234375 0.6605473203125001 0.5503020203125 0.6602959875 0.553414521875 0.6575607453125001 0.6004824578125 0.649212125 0.6098759734375 0.6381434625 0.609069953125 0.627221746875 0.5878312703125 0.6183116859375 0.558352315625 0.613641809375 0.54702194375 0.6194720625000001 0.5221107171875 0.641926590625 0.517945778125 0.6463370281249999 0.5218082953125001 0.6573864359375
0 0.3884755734375 0.6449395109375 0.395506596875 0.6503907421874999 0.41587205781250003 0.651814609375 0.427168828125 0.6477021171875 0.43037093593750003 0.640386178125 0.43856640625 0.6384363453125 0.4537704953125 0.6430829109375 0.4681013625 0.6402432859375 0.473374740625 0.631294715625 0.46840378437499997 0.6247834390625 0.4602979234375 0.6221525796875 0.4185257671875 0.6204074562499999 0.38962881562499996 0.6381110343749999 0.3884755734375 0.6449395109375
0 0.2695969265625 0.6233545046875 0.27962844375 0.6317963640625 0.292817271875 0.635212628125 0.3050544671875 0.635150809375 0.305905290625 0.6437821765625 0.32019135468750004 0.6432329 0.340489609375 0.6480922875 0.3538912515625 0.6406294031249999 0.35104756875 0.6296225578125 0.32685319218750003 0.615431525 0.30041953593750004 0.611461928125 0.2758779359375 0.6150210875 0.27068296406250003 0.6199615484375001 0.2695969265625 0.6233545046875
0 0.1499902265625 0.6389876484375 0.1488593859375 0.6446709546875 0.1538079421875 0.6523274046875 0.17008686875 0.6541536031249999 0.200976684375 0.6388255 0.2162479796875 0.640036546875 0.22956001406249998 0.6371543578125001 0.2338033578125 0.628735809375 0.23083646562500001 0.6240274218749999 0.2197189078125 0.618978525 0.187071446875 0.6199068234375 0.1748678515625 0.6182508828125 0.167691215625 0.6202432828125 0.16033536875 0.631397071875 0.1499902265625 0.6389876484375
0 0.0269018390625 0.6241034296875 0.062460189062500004 0.6307464515625 0.0951300515625 0.6286729765625 0.1033255203125 0.6267231421874999 0.1115993921875 0.620765196875 0.10871090624999999 0.6120487031249999 0.096563315625 0.6075298265625 0.07920954999999999 0.6085239984374999 0.07304054843749999 0.6111315484375 0.038445025 0.6073940265625 0.023095325 0.6101910890625 0.020889646875 0.6186947640625 0.0269018390625 0.6241034296875
0 0.102272646875 0.6805463109375001 0.07284969375 0.6730134984375 0.038164565625 0.673856671875 0.0340108296875 0.6776945249999999 0.0338316171875 0.6868559140625 0.0378285421875 0.6910342796875 0.045956806249999996 0.6925199656250001 0.0447923625 0.6999210296875 0.0487444859375 0.7063897421875 0.053816249999999996 0.7077477359375 0.04650520625 0.7166111796875 0.099870734375 0.72514424375 0.11962597187499999 0.7317001109375 0.1380209703125 0.729603328125 0.1333076328125 0.709922553125 0.11959280624999999 0.6812698968750001 0.102272646875 0.6805463109375001
0 0.1615661390625 0.7248564296875 0.1655854671875 0.7278896203125 0.18801099375000002 0.728253440625 0.19329557343749998 0.7187322828125 0.19151552656249998 0.70547765625 0.2059472015625 0.6974847484375 0.20315952187500003 0.683614971875 0.1889630625 0.6795835546875 0.17975996249999998 0.6809182390624999 0.169470825 0.6856458812499999 0.159002475 0.6995349125 0.15770362031250001 0.7138070234375 0.1615661390625 0.7248564296875
0 0.399491884375 0.7072896671875 0.398338640625 0.71411814375 0.402313165625 0.7194416828125 0.4114490625 0.72154251875 0.4226898265625 0.7202929625000001 0.43927117656250003 0.7066593140624999 0.44437654374999996 0.706299546875 0.45162038281249994 0.700871625 0.4476570578125 0.6949754984375 0.45178839374999996 0.692282821875 0.45084796718750003 0.6882321484375 0.4417120703125 0.6861313124999999 0.42425749843749994 0.6922787671874999 0.41200910156250004 0.6929131749999999 0.399491884375 0.7072896671875
0 0.559291865625 0.721988428125 0.5817397953125 0.7212070734375 0.5879984031250001 0.7140188265625 0.58712518125 0.706532634375 0.57241344375 0.69407469375 0.563210825 0.678026928125 0.5521044703125 0.672405440625 0.5388596375 0.6718521078124999 0.5306081671875 0.67666488125 0.5372247609375 0.7033018249999999 0.5603779015625 0.71859546875 0.559291865625 0.721988428125
0 0.679246228125 0.6364571156250001 0.664904159375 0.6398693296875 0.665743778125 0.649073284375 0.6796042140624999 0.670282309375 0.6794362015625001 0.6788711140625 0.7048734265625 0.681652971875 0.7089935625 0.6795328796875 0.722227190625 0.6806588 0.7204807453125001 0.6656864109375 0.7248472984375 0.6509694078125 0.72081676875 0.648508803125 0.7191711328125 0.628383134375 0.7060047078125 0.62382169375 0.697842840625 0.6240537703125 0.6855272390625 0.6281236984375 0.679246228125 0.6364571156250001
0 0.781206096875 0.7040415671875 0.7659236 0.7034031078125 0.762967909375 0.6981221328125 0.7457597546875 0.6916726765625001 0.7407887984375 0.6851613999999999 0.712093459375 0.6925584125 0.7087793421875 0.70560021875 0.7227293828125 0.7222285484375 0.7234905984375 0.735440609375 0.7162803624999999 0.739150771875 0.719236053125 0.7444317453125 0.7730437921875 0.7564216125 0.7894011265625 0.754239703125 0.8038888046875 0.743383859375 0.7948089125 0.7384200890625 0.7918868234375 0.7314213546875 0.7973842171875 0.711021046875 0.7894911703124999 0.6975110359375 0.7843858046875 0.6978708015625 0.781206096875 0.7040415671875
0 0.6863128140625 0.810175925 0.700587678125 0.8101992359375 0.7088503515625 0.8048138781249999 0.7143029421875 0.7867039171875 0.72362925 0.7790707765625 0.7227896296874999 0.769866821875 0.7116720734374999 0.7648179234375 0.699434875 0.7648797421875 0.66956389375 0.78025040625 0.668354646875 0.7899418203125 0.6762028890625 0.8057421781249999 0.6863128140625 0.810175925
0 0.57164063125 0.7683487109375 0.5623927296875 0.77197374375 0.5630531375000001 0.7903390890625 0.57001695625 0.799225840625 0.5852658484375 0.8015820609375 0.5955213859375 0.7985721781249999 0.5977494640625001 0.7889233296875 0.5948049734375 0.78306976875 0.6082514171875 0.7733165375 0.6094382625 0.764770296875 0.5993619390625 0.7586187875 0.585075875 0.7591680640625 0.5768580062499999 0.762263075 0.57164063125 0.7683487109375
0 0.44499170781249997 0.7791032109375 0.444588478125 0.7997163406250001 0.4535787625 0.80926080625 0.467808825 0.8115744625 0.473944225 0.8106846734375001 0.48119926562500004 0.8046841640625001 0.48051645781249996 0.7874639921875 0.4888351328125 0.7792157015625001 0.4900443796875 0.7695242875 0.4850510203125 0.7641581859375 0.4769339578125 0.7620999140625 0.46571559375 0.7622042953125 0.4554264578125 0.7669319390625 0.44499170781249997 0.7791032109375
0 0.8544325718750001 0.84966993125 0.8452630734375 0.84928685625 0.8348843296874999 0.85859519375 0.8237443703125 0.8546914671874999 0.8135224375 0.8559835890624999 0.776945253125 0.8492980015624999 0.77248909375 0.868595703125 0.7721194671875 0.88749106875 0.7761499984375 0.8899516734375 0.7873459609375 0.8909924625000001 0.7973998812499999 0.8982891468749999 0.8065917812500001 0.8975270500000001 0.8187393734375 0.902045925 0.835085503125 0.9004365999999999 0.856794621875 0.8852980109375 0.872133121875 0.8830735359374999 0.8794105640625001 0.8759278546875 0.8805974078125001 0.867381615625 0.87459641875 0.8614003609375 0.8593811265625 0.8573263796875 0.8544325718750001 0.84966993125
0 0.8406106624999999 0.8046509421874999 0.8183643453125 0.7951257296875001 0.776592190625 0.7933806062500001 0.7642877875 0.796877946875 0.764052571875 0.808902271875 0.7731324625 0.81386604375 0.77702858125 0.823197690625 0.773882475 0.8276506921875001 0.77991706875 0.831914184375 0.7971700265624999 0.8360732953125 0.8094408265625 0.8342937156250001 0.8144789875 0.8373694671875 0.8368597125000001 0.8400236375000001 0.8449095703125 0.84551743125 0.8522206156250001 0.8366539890625001 0.8536202749999999 0.8172285984375 0.8516946171875001 0.8114176015625001 0.8406106624999999 0.8046509421874999
0 0.65015483125 0.8726027953125 0.662280021875 0.8782668453125 0.6785925515625 0.8783752828125 0.6930018234374999 0.8715275484375 0.7357032078125 0.87789593125 0.7459139390625 0.8771763968749999 0.7511873171875 0.8682278265625 0.7504933078125 0.8515802421875 0.7454663484374999 0.8479319015625 0.73007184375 0.853019309375 0.67919739375 0.8474555890625 0.6576226859375 0.8557231359375 0.6493264125 0.8628262546875 0.65015483125 0.8726027953125
0 0.5461961093750001 0.8701908890625001 0.5662591484374999 0.8870746015625001 0.591729978125 0.8881387000000001 0.596902546875 0.8843434125 0.59703695625 0.87747236875 0.5790675875 0.8578108500000001 0.582247296875 0.8516400859375001 0.5783511765625 0.8423084390625 0.5682748531249999 0.83615693125 0.5540223906249999 0.834988446875 0.54368845 0.8420064390625001 0.542210384375 0.8654399359375 0.5461961093750001 0.8701908890625001