0 1 0.2591287390625 0.9946628656250001 0.27755231406249997 0.9804180578125001 0.3026774296875 0.9882891765625 0.3067274828125 0.98726021875 0.31720831562499996 0.9767152625 0.3487181046875 0.9645181453125 0.36375854687500003 0.963537353125 0.372279753125 0.9557523359375001 0.37518743906249996 0.9547817656250001 0.3728316484375 0.9504178328125 0.3830047796875 0.9431421875 0.3861105453125 0.9325695062499999 0.3978259703125 0.924860375 0.41856838906249993 0.9198046375000001 0.42550495625 0.9152962078125 0.44155696874999995 0.9161222828125 0.449791640625 0.9213020734375 0.45873017968749996 0.9205518796875 0.46833023906250004 0.9166973140625 0.478701446875 0.9320644625 0.49160158281250005 0.9349280125 0.5006285765625 0.9395604890625 0.500451665625 0.9518918749999999 0.49040933437499995 0.9596010078124999 0.46966691875000005 0.9665978859375001 0.467441925 0.9795626890625 0.47347277656250003 0.983455196875 0.47201893437500003 0.9877228 0.46576506406249996 0.989405621875 0.44960342343750004 0.9950670578125 0.43894568125 1 0.4366281265625 1 0.2591287390625
0 0.6688253921875 0.3787613609375 0.7167162140625 0.386503878125 0.723520434375 0.3921174015625 0.7248558765625 0.40055015312500003 0.736994603125 0.3983463328125 0.7471338000000001 0.40426755937500003 0.7520932078125 0.4012502484375 0.7541890687499999 0.38920594531249997 0.743127465625 0.3789693015625 0.734526596875 0.36276531875 0.73435438125 0.3488498453125 0.73867015 0.3406363453125 0.739372178125 0.3329959125 0.7462829531249999 0.32381318124999997 0.7489845093749999 0.3080477015625 0.7476009 0.301574578125 0.7326949546875 0.29083215 0.7311391328125 0.27044355000000003 0.732821953125 0.25428191093749997 0.7304779953125 0.23457600625000002 0.73780180625 0.22951061093749997 0.7323534734375 0.21057585156249997 0.7209751640625 0.1923026171875 0.718380159375 0.1932718484375 0.6951389390625 0.228747003125 0.7006456578125 0.2348451390625 0.7020292671874999 0.24131826250000002 0.6941377 0.25902219843749996 0.677538709375 0.2753184046875 0.6640543171875 0.27996646406250003 0.6594116171875 0.29102036875000004 0.6557497125 0.293553065625 0.6510106812500001 0.3085262234375 0.6584103781249999 0.321295565625 0.65863075625 0.3332514125 0.6561218578125 0.34117838125 0.646144653125 0.360049621875 0.6374270109375 0.3695188859375 0.63250554375 0.3814535625 0.6181746265625 0.39962094531250003 0.6071889109375 0.4072190328125 0.6098700203125 0.41320754531250004 0.62023981875 0.4202076234375 0.6261697984375 0.41954610312499996 0.6308125 0.40849219843749995 0.6394819796875 0.40098256093750007 0.6556095421875 0.39340564375 0.6591371765625 0.3858748359375 0.6688253921875 0.3787613609375
0 0.468142678125 0.315151240625 0.47772434218750004 0.32283401562499997 0.47984792187499997 0.33058407500000003 0.4750125625 0.34947649062499997 0.477962215625 0.36546121875000004 0.48625660000000004 0.3627516140625 0.49741453281250003 0.3690690015625 0.5044216359375 0.355967015625 0.515782453125 0.3435688953125 0.516071440625 0.3318111265625 0.5244242125 0.3162648984375 0.51813958125 0.2999724640625 0.51879344375 0.294291659375 0.5124124828125 0.28191848125 0.502820596875 0.2851126984375 0.4908263671875 0.28143763437499997 0.48182268125 0.2502393234375 0.48064195468750004 0.2250506921875 0.49672135156249997 0.21943340312499998 0.5019697484375001 0.204658321875 0.49471454687499994 0.1860101 0.4768866640625 0.1790773 0.47546511406249997 0.1636868125 0.47737853750000003 0.1486040265625 0.47099757656249996 0.136230846875 0.47156533125 0.1235923046875 0.46809608437500005 0.11828648906250001 0.4589274609375 0.1147210484375 0.4531799171875 0.11842105624999999 0.44802785 0.1292768765625 0.4614538546875 0.1374654375 0.46653731093750006 0.15032323125 0.46601772343750003 0.161002146875 0.45900039687499994 0.18498112656250001 0.4593171046875 0.19301771875 0.43626559687500005 0.2730797046875 0.4302392859375 0.277660484375 0.42897972656250005 0.287062465625 0.4247982296875 0.3002740765625 0.41974249218750004 0.3072106453125 0.414858965625 0.3280626859375 0.4085057265625 0.33548386875 0.4141467171875 0.3465801140625 0.4270735796875 0.34369360000000004 0.4358189421875 0.3540186953125 0.4432872484375 0.3430744203125 0.45218732812500007 0.3366436390625 0.457022690625 0.317751221875 0.468142678125 0.315151240625
0 0.17791081875 0.333848471875 0.1823506375 0.3415100734375 0.1793703125 0.358156328125 0.18367585625 0.36081982031250004 0.19382527656249998 0.355864053125 0.202302096875 0.35619293125 0.214864084375 0.34722945156249996 0.2241392640625 0.335998640625 0.23102231875 0.3070215515625 0.22968687187499998 0.2985887984375 0.2220945140625 0.2936579703125 0.22279654531249998 0.2860175390625 0.23109092812499998 0.2833079328125 0.23433979531250002 0.2766579 0.2414330046875 0.270513653125 0.2476417515625 0.26897135781250003 0.256101075 0.23862887812500003 0.2504790546875 0.2319913140625 0.2454247921875 0.21271521093749998 0.22361829375000003 0.20027851718749998 0.217880975 0.193101528125 0.2122706515625 0.1493742984375 0.20562114843749998 0.1270049 0.171270159375 0.154203040625 0.159881625 0.1468068 0.15140480625 0.1464779234375 0.143292859375 0.152226009375 0.1275987796875 0.1421662765625 0.120880665625 0.1435104921875 0.117218759375 0.1460431921875 0.10463632656249999 0.17676065624999998 0.10272290312500001 0.1918434421875 0.1072488296875 0.20646278437499999 0.12604728125 0.21575137031249997 0.132582959375 0.211368671875 0.138743540625 0.21178599999999997 0.181207853125 0.3252388109375 0.17791081875 0.333848471875
0 0.376694834375 0.58239508125 0.38029835156249997 0.5926990062499999 0.3871507375 0.5963529000000001 0.39646385781250004 0.5940394546875 0.40749774062500005 0.5844817375 0.41421585624999996 0.58313751875 0.422568625 0.567591290625 0.42531834843749994 0.5498661859375 0.4346416890625 0.5366757453125001 0.4426573078125 0.5348469140625001 0.45327815156250006 0.521171859375 0.44602295 0.5025236343749999 0.436623725 0.4978793421875 0.42588905312499997 0.48480229843749995 0.4232561046875 0.47685415937500003 0.4217105046875 0.44558856718750006 0.4144071375 0.42889996874999997 0.4088040890625 0.42672109062499997 0.3807961203125 0.4573750453125 0.355720309375 0.4733423734375 0.35404770937499996 0.47862701718749995 0.358294871875 0.4941271328125 0.3543819171875 0.5173349640625 0.3627901265625 0.5413774609375 0.3689507078125 0.5417947890625 0.38156086093749997 0.530871684375 0.388499353125 0.5414833140625 0.3854810859375 0.5492122 0.3855190296875 0.5581295671875 0.376694834375 0.58239508125
0 0.578273259375 0.6034112765625 0.58745210625 0.596099721875 0.598572096875 0.5934997421875 0.6151331453125 0.5682861703125 0.6287138671875 0.5597188515625 0.619145375 0.48873373906250006 0.6142443531249999 0.47891442656249994 0.6071132 0.47614130781249997 0.596771121875 0.48893558906249995 0.5702328703124999 0.53302040625 0.5578533203125 0.5450223640625 0.557247621875 0.5487435421875 0.56738681875 0.55466476875 0.5728074296875 0.5538051640625 0.57854475 0.5609821546875 0.582234378125 0.5782438203125 0.574717903125 0.5911477234375 0.5732277421875 0.5994708484375 0.578273259375 0.6034112765625
0 0.8113886015625 0.6089943453125 0.8140697140625001 0.614982853125 0.8133676859375001 0.6226232859375 0.8160487984374999 0.6286117953125 0.833050603125 0.62730991875 0.8409319484375001 0.6204829796875 0.8485724671874999 0.623454178125 0.854540390625 0.6317100203125 0.8620568656250001 0.6188061140625 0.8716005828125001 0.617571525 0.8784354734375001 0.5905540609375 0.8838663062500001 0.578817465625 0.884664665625 0.5672577765625 0.8820317171875001 0.5593096390625 0.878235540625 0.5568442250000001 0.8714210953125001 0.562107696875 0.8569661312499999 0.5643999734375 0.8489227937500001 0.5464344421875 0.8473188046875 0.5280054703125 0.8429271515625001 0.518384240625 0.8287611765625 0.50891874375 0.8220430625 0.5102629624999999 0.8183811562500001 0.5127956593749999 0.818697865625 0.52083225 0.7987813984375001 0.56749210625 0.7891311265625001 0.583522946875 0.778885375 0.592397971875 0.7771646125 0.59964224375 0.7669568046874999 0.617434634375 0.7580085609375 0.62582504375 0.753875228125 0.6370770265625 0.7579020062499999 0.64062129375 0.7611027109374999 0.635930890625 0.779498346875 0.6302251453125 0.7848810187499999 0.620448175 0.7911860921875 0.6149866234375 0.8068042890625 0.6072116249999999 0.8113886015625 0.6089943453125
0 0.925343928125 0.80564216875 0.9392340859375 0.76356309375 0.9416568765625 0.7486783890625001 0.9394851328125 0.7428879578124999 0.9376228234375 0.703585771875 0.9301749609375 0.6927760578125 0.918872534375 0.6923375578125001 0.9104818203124999 0.69896641875 0.8997164812499999 0.718520359375 0.89883201875 0.7231223078125 0.9017437312500001 0.7301896718750001 0.8983985328124999 0.7407589609375 0.8632696359375001 0.7577628 0.8539944578125 0.7689936109375 0.8520430921875001 0.7751590312500001 0.867957553125 0.797174615625 0.8898428828125 0.7750206953125 0.899944134375 0.772024553125 0.904057021875 0.7825265625 0.9052479703125 0.7968381984375 0.922979525 0.8076902484374999 0.925343928125 0.80564216875
0 0.7514538140625 0.798360771875 0.761420796875 0.7903665203125 0.7654957421875 0.791951159375 0.7681768546875001 0.7979396703125 0.76464921875 0.8054704750000001 0.769512296875 0.8063724203125 0.7753080078125001 0.800712790625 0.7747125296874999 0.7935569703125 0.7850268890625001 0.7609683296875 0.7934555453125001 0.763256834375 0.7972619453124999 0.7548452546875 0.7948114359375 0.7499355984375 0.7859215749999999 0.745489384375 0.7764844078124999 0.731927728125 0.7677697125 0.6889716453125 0.7603218515625 0.678161934375 0.7534212984375 0.67646766875 0.7440118499999999 0.6827003703125001 0.7190294203125001 0.7471737875 0.7031601796875 0.7756239218750001 0.6917512 0.789981671875 0.6965661140625 0.7928432421875 0.7015736875 0.7878663046875001 0.7084742390625001 0.7895605671875 0.7137605765624999 0.7837028562499999 0.7302530140625 0.7822029015624999 0.7437271859375 0.7884318312499999 0.7514538140625 0.798360771875
0 0.7181944984374999 0.8962151468749999 0.728891228125 0.9003748249999999 0.737281940625 0.8937459625 0.7450771796875 0.8799612859374999 0.7454624984375 0.864284259375 0.7537291609375 0.84178029375 0.76416756875 0.82506675625 0.7603816140624999 0.8117243484375001 0.7747986375 0.8005147078125001 0.778615259375 0.781226134375 0.777558584375 0.77191260625 0.77501174375 0.7709222078125 0.7682352390625 0.785103046875 0.7542414796875 0.7895530296875 0.750493465625 0.7851279859375 0.725255665625 0.7763028453125 0.708195471875 0.7904413421875 0.7099060140625 0.794074065625 0.7137985203125 0.7926202234375 0.7142976671875 0.8036952968750001 0.7092317046875001 0.8215088578125 0.702224603125 0.8346108437499999 0.7003593421875001 0.847734 0.7085573968750001 0.84894365 0.712429459375 0.869243796875 0.7054223562499999 0.8823457843750001 0.711947809375 0.8888400765625001 0.7118514828125 0.8927593359375001 0.7177814625 0.8920978093749999 0.7181944984374999 0.8962151468749999
0 0.858133775 1 0.865285090625 0.9791334890625001 0.8652471484375001 0.970216125 0.86913965625 0.9687622812500001 0.8723885234375001 0.9621122484375 0.8829334843750001 0.9306024624999999 0.882847378125 0.9236447234374999 0.8849330125 0.9224774140625 0.8808580703125 0.9208927765625001 0.875726446875 0.9099946109375001 0.8761978734375001 0.9012753234374999 0.8712968546875001 0.8914560109374999 0.8630024687500001 0.89416561875 0.8590238546875 0.888661721875 0.8535550765625001 0.8914809531250001 0.84622104375 0.9074233406250001 0.83425453125 0.9235426390624999 0.8178452515625001 0.9844256734375 0.81663385625 0.9918680265625 0.820103103125 0.9971738421874999 0.819388140625 1 0.858133775 1
0 0.7646126546875001 0.9429521453125 0.7284577453125001 0.918011478125 0.715713321875 0.9239364734375 0.7161643015625 0.9369711765625001 0.704572884375 0.94829044375 0.6978927140625 0.958552025 0.69617195 0.9657963 0.6981991984375 0.9774656140625 0.7598429546875 0.9905562890624999 0.76383179375 0.9851831890625 0.7648607515625 0.9747023578125 0.7619490375 0.9676349906249999 0.762055590625 0.952838740625 0.7646126546875001 0.9429521453125
0 0.644687834375 0.936872859375 0.6577212484375 0.9191900953125 0.663017809375 0.9024553875000001 0.6607497359375001 0.9005842156250001 0.6524071874999999 0.9052534484375 0.6376355140625 0.89950913125 0.6418651750000001 0.8843378906250001 0.6418754 0.8734608968750001 0.620068903125 0.8610242031249999 0.6185787406250001 0.8693473296875001 0.6203753875 0.8799377921874999 0.6060065296875 0.8891878046875 0.601460159375 0.8963224500000001 0.5996912328125 0.9055263484375 0.6077550140625 0.901737890625 0.608302325 0.9108533375000001 0.605562825 0.91770145 0.5960570453125 0.9278534078125 0.5885989609375 0.9279206921875 0.5885026328125 0.931839946875 0.6040522171875 0.9477785640624999 0.6199010125 0.9410824203124999 0.6270905531250001 0.9310189140625 0.6279750187500001 0.9264169687500001 0.6305700234375 0.9254477390625 0.6372779140625 0.9349805140624999 0.644687834375 0.936872859375
0 0.569940678125 0.8187795281250001 0.565384084375 0.8367911687499999 0.5706602015625 0.8418104515625 0.5769171125 0.8383085250000001 0.5822588921875 0.872039534375 0.577385590625 0.8820145828125 0.5881786499999999 0.88225500625 0.5931759984375 0.8881550593749999 0.600124715625 0.8878896984375 0.6072179249999999 0.88174545 0.6092656203125 0.8716607765625 0.61802120625 0.871108878125 0.618107315625 0.8780666187499999 0.6304182546875 0.8897782718749999 0.635195228125 0.8837224796875001 0.636733553125 0.8734397265625 0.6191464953125 0.8567087859375 0.6180898171875 0.8473952625000001 0.619724471875 0.8331932515625 0.617745390625 0.819564309375 0.6265214203125 0.797258421875 0.6104624671875001 0.781121725 0.6115118703125 0.7488869 0.5995658046875 0.743252209375 0.595174153125 0.733630978125 0.5903110734375 0.7327290328125 0.5933191171875001 0.735877140625 0.5915501875 0.7450810406249999 0.5838512812500001 0.7549464640625 0.5770266140625 0.7710869328125 0.5682126390625 0.7844754515625 0.5571305890625 0.7959927984374999 0.540541825 0.801412009375 0.537802325 0.8082601203124999 0.5383978 0.8154159406250001 0.5421458109375 0.8198409796874999 0.55604324375 0.819310253125 0.56193528125 0.809731365625 0.5673558937500001 0.8088717624999999 0.569575803125 0.8127025640625 0.569940678125 0.8187795281250001
0 0.5885728140625 0.7093019468749999 0.6044318328125 0.6917288109374999 0.5984259671875 0.6745555999999999 0.5983019171875 0.6586804953125001 0.591652415625 0.636311096875 0.583550690625 0.6311821890625 0.5765056453125 0.6353668078125 0.5674990125 0.656593840625 0.5627220390625001 0.6626496328125 0.558492378125 0.677820875 0.547420553125 0.6784612250000001 0.5406061078125 0.6837246984375 0.5345214125 0.7011420984375001 0.5367310984375 0.715849896875 0.5328283671875 0.728180734375 0.5246682578125 0.7358884484375 0.5256767703125 0.7471616015625 0.5368347 0.753478990625 0.54693595625 0.75048285 0.5516749859375001 0.735509690625 0.568879675 0.7154923078125 0.5887450265624999 0.7232174265625 0.5885728140625 0.7093019468749999
0 0.4587393984375 0.6983802890625 0.46013322968750003 0.6939764187499999 0.4578753796875 0.681228253125 0.457771775 0.643599159375 0.446778046875 0.6227552328125 0.441598996875 0.6007103625 0.43762038125 0.5952064671875 0.4281248234375 0.594481428125 0.4306235015625 0.59743145625 0.42908517343749997 0.6077142125 0.4228180390625 0.62209313125 0.41864676406249995 0.624427746875 0.418674484375 0.6442221078125 0.4144929890625 0.65743371875 0.4049769859375 0.678462671875 0.39681687656250003 0.6861703859375 0.3950961125 0.6934146609375 0.3973058 0.70812245625 0.40906942968750004 0.7107186640625 0.415047571875 0.7080975140625 0.41615241562499994 0.7154514125 0.4202273609375 0.7170360515625 0.4274548421875 0.715889915625 0.4587393984375 0.6983802890625
0 0.4423928328125 0.8404004 0.45317566875 0.8515178140625 0.4674861390625 0.8551044250000001 0.47333001250000006 0.8474851640625 0.4794905921875 0.8479024921875 0.48459449687499995 0.8390062984375 0.48534468906250006 0.8294062390624999 0.4968879390625 0.8200465984375 0.4985707625 0.8038849625 0.49557294062499996 0.789859859375 0.49011438749999997 0.781802096875 0.4696915 0.7758385265625 0.4682597265625 0.7713250296874999 0.46776058125000003 0.7602499578125 0.4710678375 0.7407633 0.475056671875 0.7353902046874999 0.4767774375 0.7281459296875 0.47160787187500003 0.7083303953125 0.4620743734375 0.698687996875 0.44515867499999995 0.706947609375 0.42744462031249997 0.7267669109375 0.427530728125 0.7337246484375 0.4340802640625 0.7392391296875 0.43765970000000004 0.7505228703125 0.4310174703125 0.76970181875 0.4151482265625 0.798151953125 0.40693995000000005 0.8078192968750001 0.41147609999999996 0.81156164375 0.4166661109375 0.8096231859374999 0.4199149765625 0.8029731531250001 0.42622005312500005 0.7975116 0.43502380625 0.7950000765625 0.43699266718749996 0.8195060125 0.4423928328125 0.8404004
0 0.53414474375 0.9047665109375 0.5415751078125 0.8849048671874999 0.5526089921875 0.8753471484375 0.5699756687499999 0.8801222390625 0.5805001843750001 0.8703664390625001 0.5845853515625 0.861074084375 0.5791851859375 0.8401796984375001 0.5689014953125 0.84013735625 0.5615017984375 0.82736801875 0.5053749828125 0.8094984828125 0.5004637390625 0.8105561625 0.49822338437499997 0.82847935 0.50848663125 0.8502756843749999 0.5085727375 0.8572334203124999 0.50235376875 0.8696527125 0.49767312500000005 0.8717892484374999 0.491953303125 0.8952836156249999 0.48522496562499995 0.907504825 0.48349398125 0.9256260953125001 0.4790439390625 0.9288414843749999 0.48473309374999995 0.9379781015624999 0.5117777671875 0.9465167109375001 0.523358959375 0.9460744390625001 0.5388049406250001 0.9243839640625 0.5365368671875 0.9225127890625 0.53784459375 0.9111511796875 0.53414474375 0.9047665109375
0 0.40267667500000004 0.9080468625 0.4367970578125 0.8797698687500001 0.44148792343750004 0.8667563359375 0.423363778125 0.830032959375 0.4097071703125 0.82076554375 0.4088227046875 0.8253674953125 0.4026139609375 0.82690979375 0.399038159375 0.8364002265625 0.392175553125 0.8436233296875001 0.38994541875 0.850669521875 0.394106471875 0.8592118984375 0.39238570781250004 0.8664561718750001 0.3874263 0.8694734796875 0.38338929843749997 0.8768062078125001 0.3844941421875 0.8841601046875001 0.388569084375 0.8857447453124999 0.39149102187499996 0.881935115625 0.39973723906249997 0.8811851374999999 0.4026489546875 0.8882525015624999 0.3991592625 0.904700675 0.40267667500000004 0.9080468625
0 0.34356225937499996 0.865275228125 0.3553361140625 0.8569944453125 0.359930646875 0.847900171875 0.3929636859375 0.8429406343749999 0.399874459375 0.833757903125 0.39685914375000003 0.7890614484375 0.39232299375 0.7853190999999999 0.38266544687500004 0.7598015921875 0.37886926875000004 0.7573361796875 0.372285428125 0.76367850625 0.36589424375 0.7621823203125 0.3694977625 0.772486246875 0.36643133125 0.7821747625000001 0.35798223125 0.8016402453125 0.3489376546875 0.8139499125 0.339806971875 0.8193018375 0.329216796875 0.8003459093749999 0.3253724546875 0.7998401234375 0.309657928125 0.8115343796875001 0.302420221875 0.8235575125000001 0.3023238953125 0.8274767687500001 0.306860040625 0.831219115625 0.307906496875 0.851409634375 0.317911421875 0.852332753125 0.3267253953125 0.8389442328125 0.33413531406249997 0.8408365765625 0.336393165625 0.8535847453125 0.34356225937499996 0.865275228125
0 0.3409249859375 0.7633533984375 0.341799228125 0.7696284437500001 0.346056609375 0.774251565625 0.3566672328125 0.7714535046875 0.36273148437499997 0.77579009375 0.3691810546875 0.7644496546874999 0.3660387375 0.7563034375 0.3674427953125 0.741022571875 0.35782318750000003 0.7244224296875 0.3575546453125 0.7144262125 0.34808975625 0.6810701906250001 0.34147819375 0.6676181578125 0.33249200624999997 0.6670912015625 0.3202569484375 0.673214278125 0.3105205703125 0.68228738125 0.30397466875 0.697547075 0.301926975 0.70763175 0.3061741328125 0.7231318640625 0.3187361203125 0.7141683875 0.323406540625 0.72290884375 0.31221794062499997 0.749222440625 0.2987233234375 0.7647475 0.2990881953125 0.7708244625 0.2930137203125 0.7773648671875 0.2878718765625 0.7773436984375001 0.29481036875 0.787955328125 0.3106591671875 0.7812591828125 0.3174633890625 0.7868727078125 0.3224709609375 0.7818957671875 0.32850749375 0.76643799375 0.33560070625 0.7602937437499999 0.3409249859375 0.7633533984375
0 0.2658143328125 0.785582140625 0.26827506562500003 0.7796148015625 0.2793950578125 0.7770148203125 0.2864780453125 0.7817475703125 0.29285900468750004 0.7941207484375 0.2991159171875 0.7906188234375 0.30315291875 0.7832860968750001 0.302836209375 0.7752495046875 0.29683034375 0.7580762937500001 0.2831255734375 0.7507685093750001 0.2721705234375 0.725735615625 0.2633288296875 0.7193297750000001 0.2518337421875 0.726729784375 0.23003451875 0.755841440625 0.227198690625 0.766608809375 0.2276117296875 0.770726146875 0.24118223125 0.773035821875 0.23866310781250002 0.791839784375 0.23500120156249998 0.794372478125 0.2362023765625 0.7978071203125 0.255847353125 0.793576390625 0.2658143328125 0.785582140625
0 0.28546520625 0.676500721875 0.2838787125 0.688743103125 0.28683859218749996 0.6938508375 0.30421549375 0.687748934375 0.30634929375 0.6846219984374999 0.3046869203125 0.679029646875 0.30724398124999996 0.669143053125 0.3157689671875 0.667512303125 0.32379480781250003 0.654806475 0.32329566249999997 0.643731403125 0.3138482703125 0.6410467390625 0.3158580234375 0.6220446953125001 0.301922646875 0.6136580546875 0.2887579140625 0.5739173656250001 0.28029131406249996 0.56271149375 0.2723720265625 0.5606210703125 0.260550009375 0.5708614843750001 0.265062075 0.5755836453125001 0.270255721875 0.5944193640625001 0.26361349375 0.6135983109375001 0.259067121875 0.6207329609375 0.24182449374999998 0.6318329734375 0.239305371875 0.6506369359375 0.2269739875 0.6606792671874999 0.2245030296875 0.6775236015625 0.224675246875 0.6914390781249999 0.2283750921875 0.6978237484375 0.23652498125000002 0.7009930265625 0.2438006296875 0.6978872609375 0.25993841562500003 0.679433346875 0.28375466562499996 0.6728679984375 0.28546520625 0.676500721875
0 0.1785114375 0.7451156140624999 0.1784253296875 0.7381578765625 0.1820872359375 0.7356251796875 0.1679796484375 0.7133230625 0.1639047046875 0.7117384234374999 0.1489783125 0.722749984375 0.15045825156249998 0.7253038515625 0.147949353125 0.7332308171874999 0.1311197640625 0.74844816875 0.12698643125 0.7597001515625 0.129388778125 0.7665694359375 0.142776840625 0.76584063125 0.14823539531250002 0.7738983937499999 0.156894653125 0.777265753125 0.17681839531250002 0.772154246875 0.1861899 0.7570041796875 0.1785114375 0.7451156140624999
0 0.1971349234375 0.4476906484375 0.204255853125 0.4613407625 0.21694189062499997 0.46825238750000003 0.212433459375 0.48430439999999997 0.21176937499999998 0.5008622 0.212413015625 0.506058390625 0.21944783750000002 0.512750765625 0.2316106484375 0.5095671296875001 0.23876588437500001 0.511360434375 0.2481373890625 0.49621036875 0.29068643125000004 0.47022187656250003 0.2925896296875 0.4660160859375 0.2923210859375 0.4560198671875 0.286305 0.44972365156249994 0.26942360625 0.44612645625 0.21931946406249997 0.4029019671875 0.1929359265625 0.430230903125 0.1727334203125 0.4362231828125 0.16713037343749998 0.43404430625 0.164487203125 0.4369731609375 0.158980484375 0.4308750265625 0.1441883640625 0.4468846984375 0.152193759375 0.455932859375 0.1563066453125 0.466434865625 0.15913225312499998 0.46654449062500003 0.16808049687499999 0.4581540796875 0.1844284421875 0.46253301249999995 0.192502446875 0.44786755625 0.1971349234375 0.4476906484375