0 0.18848172968750002 0.1199590609375 0.1813055015625 0.11443568281250001 0.176203428125 0.103144359375 0.1658870671875 0.0947289734375 0.149525065625 0.08997501249999999 0.12955539062500002 0.093609659375 0.12197623124999998 0.09989174375 0.12054812343750002 0.1109081484375 0.12879032968749998 0.1250914796875 0.1247950328125 0.1303310125 0.106270465625 0.138166209375 0.0974638171875 0.134476221875 0.08038435625 0.146511971875 0.08042515781250001 0.15438287343749998 0.089054990625 0.17171528125 0.11739607656249999 0.1833136578125 0.147100665625 0.18337078281250002 0.1973801734375 0.177170821875 0.21603395 0.17038531562499998 0.2180434984375 0.1640925234375 0.25277705781250004 0.16730764843749998 0.25936334687499996 0.1604989359375 0.25554486718749997 0.152096046875 0.252437040625 0.1494664625 0.2458745546875 0.14892911874999998 0.2427327296875 0.115865621875 0.23882584062499998 0.11428394374999999 0.2140856171875 0.116859971875 0.20188891875 0.11578707343750001 0.195843271875 0.11944849375 0.18848172968750002 0.1199590609375
0 0.5322402671875001 0.13058986875 0.5102848484375 0.1331712546875 0.5041983984375 0.128961775 0.4925185390625 0.13208764374999998 0.48476936875 0.12944913281249998 0.4764149515625 0.129433065625 0.46041677343750004 0.1351742359375 0.470192490625 0.14673691093750002 0.47225984062500004 0.163531975 0.450709046875 0.1844793921875 0.4416847828125 0.1865609203125 0.43855315 0.19127739375 0.439046184375 0.202822215625 0.453140221875 0.2117695859375 0.46565994218749995 0.2154667140625 0.5100638140625 0.2218487703125 0.5179421953125 0.225536971875 0.5244808734374999 0.23342037031250001 0.5369359921875 0.2365926515625 0.5719517749999999 0.23456110625 0.5932849499999999 0.21938520625 0.584719721875 0.20257764687500002 0.5796907515624999 0.1994196453125 0.5635871640625 0.19676506875 0.54880628125 0.1746983375 0.56299553125 0.1542614859375 0.56163883125 0.1432397234375 0.5564806531250001 0.1390320328125 0.542492021875 0.138480409375 0.5322402671875001 0.13058986875
0 0.875220159375 0.0745795453125 0.868892290625 0.083487640625 0.8528295078125 0.0887039671875 0.8452741515625 0.08763999375 0.8386708671875001 0.0792317484375 0.8255458984375 0.0781570671875 0.8146888999999999 0.0728889703125 0.801628534375 0.0723391328125 0.79560669375 0.0686545 0.763181903125 0.0691168640625 0.7559903703125 0.0785480234375 0.75596656875 0.085894078125 0.7623760390625 0.0927277828125 0.7686154984375 0.090640896875 0.8004112421875 0.10014703124999999 0.8113736453125 0.1138108734375 0.8113906453125 0.12902783281250002 0.81462768125 0.13270710937500002 0.83323385 0.1406137140625 0.858684728125 0.1438109890625 0.8893821890625 0.14439474531250002 0.9150506843749999 0.141820503125 0.92295286875 0.13816265 0.9350203562500001 0.13818585625 0.9473898281249999 0.14175965 0.93464336875 0.0692328421875 0.9055664203125 0.06707899375000001 0.9006948390625 0.070430765625 0.875220159375 0.0745795453125
0 0.9341396671875 0.2667409390625 0.9388864124999999 0.27514561249999997 0.932905371875 0.2793318828125 0.9185291140625 0.27563118593749997 0.8944587390625 0.27610961562499997 0.8891475468750001 0.278198284375 0.8704529671874999 0.27711289375 0.867756571875 0.2702863265625 0.8563589328125 0.2681655203125 0.8480453171875 0.2760203546875 0.834702734375 0.2807171890625 0.831571103125 0.285433659375 0.837633746875 0.29698919375 0.8250018125 0.30745933124999997 0.8249134046875 0.314280540625 0.8422444796875 0.3269071890625 0.87332956875 0.3306400203125 0.889147846875 0.32594794843749997 0.9238674984375 0.3265394421875 0.9576251796875 0.34444489375 0.9718076265625 0.34657105625 0.9821271812499999 0.3394136859375 0.9805658125000001 0.3305295640625 0.9692234421875 0.3255772234375 0.9648235187499999 0.312450721875 0.9771561515625 0.31112874218750003 0.9660553937499999 0.24796590468750002 0.9616476984375 0.2489533109375 0.9520827921875 0.2541821296875 0.949144975 0.2604731390625 0.9341396671875 0.2667409390625
0 0.6097421375 0.338003925 0.5998134109375 0.3327376171875 0.592128840625 0.33062395 0.5567900359375 0.330031265625 0.5527301375 0.3347459546875 0.53958136875 0.34101732500000004 0.5323252296875001 0.34992363593750003 0.497374053125 0.3524800265625 0.4645786328125 0.3650102734375 0.4526641578125 0.358690703125 0.4356323015625 0.356034340625 0.42563896406249996 0.350243184375 0.41059285624999997 0.3486400828125 0.4024322578125 0.3501985546875 0.389800321875 0.360668690625 0.3929489515625 0.371169178125 0.41196655312499997 0.374878803125 0.42489770625 0.3743789484375 0.4407190703125 0.3822801984375 0.4513992578125 0.40119071406250006 0.4830827875 0.424864115625 0.492753096875 0.4280310421875 0.518421590625 0.4254567984375 0.5285441375000001 0.43229764531250003 0.534113746875 0.4323083578125 0.556222178125 0.42343060781249997 0.5668683640625 0.4119072078125 0.594740221875 0.4046147109375 0.5897996578125 0.39463550000000003 0.6020677671875 0.37367022968749997 0.6106398000000001 0.367914778125 0.6182665671875001 0.346940584375 0.6097421375 0.338003925
0 0.141374625 0.272562434375 0.122292421875 0.268327965625 0.1118638515625 0.2740798453125 0.094573578125 0.2693241 0.07738871093750001 0.2729641 0.0663548953125 0.28133842656249997 0.064280740625 0.28710637499999997 0.0729513765625 0.312309684375 0.053797759375 0.33011338125 0.0640189046875 0.3679129875 0.0924892015625 0.3805610578125 0.18116773749999998 0.3922754734375 0.2200904046875 0.3918256046875 0.22738734218749998 0.39079019531250003 0.23781591406249997 0.385038315625 0.246088728125 0.369312578125 0.231760075 0.3509197703125 0.2236878796875 0.345657028125 0.2274247578125 0.3383181125 0.2355207546875 0.3362347984375 0.2387815953125 0.33256801875 0.22924729687499998 0.3078877703125 0.2116986046875 0.301032640625 0.17843395625 0.29467200937500004 0.1693926921875 0.2815365828125 0.155298653125 0.2725892109375 0.141374625 0.272562434375
0 0.17011347968749999 0.6115878171875 0.173680346875 0.5953283093749999 0.1896785265625 0.5895871406250001 0.20181061875 0.5901351921875 0.20578211249999998 0.5922417156249999 0.215670040625 0.5896371234375 0.2296824765625 0.58284269375 0.2387543484375 0.5660690515625 0.237526859375 0.55609698125 0.23204565625 0.5492650609374999 0.22688747656250002 0.545057365625 0.2162888953125 0.541888653125 0.20955640312499998 0.5324307203124999 0.20945099687500002 0.5240349734375 0.191514678125 0.51403076875 0.1848875890625 0.51296858125 0.1607526078125 0.512922165625 0.155893646875 0.5186847578125 0.14779765312499998 0.520768075 0.13156485625 0.51706380625 0.093981884375 0.513318478125 0.07537571562499999 0.505411871875 0.0689424421875 0.5059242203125 0.0584492671875 0.51115125625 0.0464463828125 0.511652896875 0.0420311578125 0.5134809296875 0.0455553046875 0.5421109656249999 0.0547406890625 0.5824729796875 0.0734511578125 0.5877894515625 0.0959880203125 0.5899316796875 0.1011870015625 0.602010275 0.0977085421875 0.611448571875 0.11350950625 0.615414371875 0.1200277859375 0.6193623171875 0.1428876703125 0.624128775 0.15437371718749998 0.6194283703125001 0.16445546093750002 0.6183983171875 0.17011347968749999 0.6115878171875
0 0.5692892875 0.6879153953125 0.593553478125 0.6890115 0.6198272140625 0.683814815625 0.6275355859375 0.6785824218750001 0.6331289984375 0.6712470796875001 0.6321191265625 0.6555034921875 0.6400451140625 0.6444995812500001 0.639463671875 0.6397759703125 0.63516915625 0.6350452140625 0.620534478125 0.629245134375 0.61531169375 0.624512596875 0.6232138765624999 0.6208547421875 0.6425783046875 0.619842540625 0.6544111796875 0.610420309375 0.6573489984374999 0.6041293 0.6480493140625 0.5888944921875 0.6279334328124999 0.5762624875 0.6364646656249999 0.5626361359375001 0.6310956734375 0.541636946875 0.6003166078125 0.5253113875000001 0.5908401109375 0.5237189984375 0.5696191453125 0.5247276296875001 0.553620965625 0.5304688 0.5308664875 0.534098090625 0.524820840625 0.5377595125 0.524861640625 0.5456304171874999 0.521277778125 0.546672965625 0.5211893703125 0.553494175 0.5264121546875 0.5582267140625 0.5236681515625 0.5660922609375 0.5166296296875 0.5692270546875 0.5092034828124999 0.5692127734375 0.5079929937500001 0.5744576609375 0.4839872234375 0.5754609375 0.45847854843749997 0.549175803125 0.4521098765625 0.5502129984375 0.4382096546875 0.5428401640625 0.41467991875 0.5401713046875 0.3865496453125 0.545364421875 0.3735708859375 0.5605563859375 0.37181975624999997 0.5689485609375 0.3718605578125 0.5768194656250001 0.3778177984375 0.5799792515625 0.4051660078125 0.591050996875 0.41803255781250004 0.5900262984375 0.43823684687500003 0.5958370937499999 0.46232421874999996 0.61057561875 0.46018546093749996 0.6158187203125001 0.45141961249999996 0.6199996359375 0.45104898281250005 0.6320675171875 0.4612361328125 0.6394332125 0.46792782656250004 0.64102024375 0.4965749375 0.6400258921875001 0.5090300578125 0.643198178125 0.516303190625 0.6495088203125 0.5200094609375 0.6720789765624999 0.532981415625 0.6794500234374999 0.554525403125 0.681065621875 0.5692892875 0.6879153953125
0 1 0.5355087671875001 0.9945246640625 0.5386628265625 0.9826509874999999 0.54021415625 0.973538315625 0.549116896875 0.92760093125 0.5453555031249999 0.912384809375 0.5348318109375 0.896216615625 0.531652384375 0.8826802203125 0.5347746828125 0.8805414609375 0.5400177828125 0.8695722515625001 0.5489169546875 0.8780966765624999 0.557853615625 0.8790011421875 0.5652014546874999 0.8725440671875001 0.5730598625 0.8732309125000001 0.5861792203125 0.8843871328124999 0.6014176 0.893516803125 0.6077318171874999 0.91695813125 0.6172218843749999 0.9398826187499999 0.6225131875 0.9520147124999999 0.623061240625 0.9629771203124999 0.636725084375 0.9610321734375 0.6435427218750001 0.951015034375 0.6450976234375 0.959345646875 0.6524597453125 0.96031471875 0.660332434375 0.9653436890625 0.6634904328125 0.9907299578125001 0.6661628625 1 0.664225734375 1 0.5355087671875001
0 1 0.785750496875 0.9895262453125 0.792093715625 0.987322884375 0.796811971875 0.9580297234374999 0.792557865625 0.9465436765625 0.7972582703125 0.9317559859375001 0.7977545546875 0.9211097968749999 0.8092779515625 0.926784815625 0.8176844093750001 0.924227821875 0.8496875078125001 0.947573934375 0.8885618015625001 0.971814321875 0.8970039625 0.978223790625 0.9038376687499999 0.9898152437500001 0.9075330125000001 0.9972413937500001 0.9075472921875001 1 0.9064051484375 1 0.785750496875
0 0.5420294265625001 0.956520396875 0.55262800625 0.959689109375 0.5572455453125 0.9670440906250001 0.56909541875 0.9728388171875 0.5989938218749999 0.9744704828125 0.623217209375 0.9676956859375 0.6345978484375 0.954599534375 0.63546831875 0.9315134593750001 0.6261448328125 0.9236247078125001 0.6128906578125 0.9215003312500001 0.6093952 0.9157216734375 0.5945021046875001 0.907822209375 0.607827690625 0.8879084171875 0.6022716890625001 0.8427716796875 0.6059439625 0.8349079187499999 0.59081625 0.817563015625 0.5631212109375 0.8112130953125 0.5541615484375 0.8138194703125 0.549302590625 0.8195820640625 0.5253376203125 0.8284562421875 0.5095570578124999 0.8284258921875001 0.4875132328125 0.8378284859375 0.481879015625 0.8372929296875 0.47112742343749997 0.8404205828125001 0.4538371484375 0.8356648359375001 0.449736446875 0.8325086203125001 0.4413174265625 0.831967709375 0.420742509375 0.8382247968750001 0.41188825625 0.8492269218749999 0.411347615625 0.8523742109375 0.4182977265625 0.8560606296875 0.431293484375 0.8560856234375 0.44215048125 0.86135371875 0.45534005468750005 0.8629532453125 0.4647927515625 0.8718916921875 0.4699033234375 0.8907914968749999 0.46558500468749997 0.8934067984375 0.4555032609375 0.8944368546874999 0.4412732109375 0.907002803125 0.44634297968750003 0.9180317046875001 0.445584721875 0.9269505140625001 0.4528578578125 0.933261159375 0.46947828124999996 0.940114503125 0.491756725 0.940157346875 0.5128722828125001 0.93075296875 0.521961153125 0.9291962843749999 0.5420294265625001 0.956520396875
0 0.173506890625 0.8125626921875 0.17458816875 0.8062681140624999 0.184669915625 0.8052380609374999 0.1919906578125 0.7968565953125 0.1897702921875 0.78635789375 0.18163349374999999 0.7805703078125 0.1740781375 0.7795063359375 0.1651422796875 0.7747666546875001 0.1268010515625 0.7799401359375 0.11018062656250001 0.7730867921875 0.097518809375 0.77044670625 0.1241547953125 0.887489396875 0.1242644453125 0.8875031718749999 0.1395281703125 0.88333475625 0.15450967499999999 0.8844130109374999 0.1703140421875 0.8770973015625 0.1821061125 0.8598041703125 0.1723780015625 0.8335493828124999 0.14878366406250002 0.8303556796875 0.14714474375 0.8245805890625 0.154207065625 0.8140997406249999 0.173506890625 0.8125626921875