0 0.2051589515625 0.17977935 0.20483193281249998 0.1468639640625 0.20106298125 0.145412221875 0.1761252671875 0.148793790625 0.16403046875 0.1481212296875 0.157678696875 0.1519753390625 0.150280159375 0.15272594687500002 0.1435799640625 0.14744483125000002 0.139442678125 0.13633584999999998 0.12985105937500002 0.12826938593749998 0.11390766875 0.1240570328125 0.09364630625 0.12833975625 0.085539471875 0.13486107812499998 0.0831756625 0.14590907343749998 0.0902043703125 0.15980339999999998 0.085766940625 0.1651664 0.0665921609375 0.17359665156249998 0.0581070390625 0.1701997296875 0.040018846875 0.1827775109375 0.039390190625 0.19063628125 0.0465383578125 0.2076626859375 0.07386825 0.218318315625 0.10354204062500001 0.217403940625 0.1543049515625 0.209568203125 0.1735195484375 0.2021819765625 0.176062546875 0.1958320984375 0.21049232812500002 0.1979069296875 0.2176519453125 0.1908921671875 0.2145514703125 0.18262568437499999 0.211670003125 0.1801013421875 0.2051589515625 0.17977935
0 0.5185256515625001 0.2171595671875 0.505634459375 0.1956064890625 0.5215494796875 0.17473365000000002 0.5211313718749999 0.1637713796875 0.5163355625 0.15973814687500001 0.5024060625 0.1596447484375 0.49283435468750003 0.1521002984375 0.47067856093750005 0.15539614531249998 0.4649554453125 0.1513914875 0.45301992812499997 0.1548950296875 0.44550193125000004 0.1525135578125 0.43715617656249994 0.152770725 0.42068367812499996 0.1590272046875 0.4294674484375 0.17025431875000002 0.43010456562500005 0.18695873125 0.4067910078125 0.2085821765625 0.3975975875 0.21095597187499998 0.39406755000000004 0.215768384375 0.39357826406249996 0.22728124218749998 0.40689901562499997 0.23575542187499998 0.41909336250000007 0.2390380484375 0.46291566250000005 0.2439592125 0.4704734796875 0.24738470937499998 0.4763359625 0.25504345625 0.4885104 0.25780406875 0.5236683875 0.254630196875 0.54627365 0.23877746718749998 0.5391453921875 0.22227307500000001 0.5343894031249999 0.21928386875 0.5185256515625001 0.2171595671875
0 0.8889279109375 0.0703856625 0.8733229890624999 0.075047528125 0.8660837296875 0.0799742375 0.8402784406249999 0.0849504203125 0.8331984609375 0.0940532328125 0.816706053125 0.099787696875 0.809247784375 0.098972265625 0.803365390625 0.0907915046875 0.7903432859375 0.0901475171875 0.779943821875 0.08524170625000001 0.766941628125 0.0851197328125 0.7612384234375 0.08163708593749999 0.7288026234375 0.0831591984375 0.7208152484375 0.0928126 0.7201666796875 0.10014935312499999 0.7259893453124999 0.1067640765625 0.7324008484375 0.10447600312500001 0.7633603234375 0.1129292859375 0.7731510421875 0.1262158796875 0.7718738140625 0.1414114015625 0.774795103125 0.1449797703125 0.7927125640625 0.1522670515625 0.817869284375 0.154627625 0.84849029375 0.1542066875 0.8743553125 0.1507965453125 0.8825616953125 0.1468852859375 0.894616675 0.146513821875 0.9124345859374999 0.1511910390625 0.9174095843750001 0.1599223875 0.9268220140625001 0.16329073593750001 0.9478514015625 0.1548033359375 0.9522888328124999 0.14944033437499998 0.9492709953125 0.0703163703125 0.90971926875 0.0673866125 0.9037648062500001 0.0699284765625 0.8889279109375 0.0703856625
0 0.9128521781250001 0.33252953125 0.9095725140625 0.31956493125 0.9289662984374999 0.316876821875 0.9336625578125 0.31829999062500003 0.9363648359375001 0.31612621406249997 0.9305620828125001 0.3100335046875 0.938344634375 0.3071805609375 0.9583613515625 0.308654265625 0.9560916234375 0.24914479687500002 0.944904221875 0.24792164843750003 0.9117999453125 0.25625850156249996 0.901798678125 0.261792946875 0.8983283734375 0.2681714 0.882803090625 0.274921315625 0.8868308734375001 0.2831592234375 0.880499009375 0.28753534687500004 0.8664500515625001 0.2843098703125 0.8423600062500001 0.28557481406249996 0.836875809375 0.2878343109375 0.8182898703125 0.28736176874999997 0.8161764281250001 0.28063275 0.8049691171875001 0.2788875890625 0.79599470625 0.2870035265625 0.7822643046875 0.2921302546875 0.778734271875 0.29694266874999997 0.7838088187500001 0.3082840796875 0.7702974265625 0.3191529515625 0.7696289515625 0.32596769375 0.785870990625 0.3380102390625 0.8166114546875001 0.34072138125 0.83281498125 0.33551844375 0.86745400625 0.3349736953125 0.8996593453124999 0.35175060937499997 0.9136485750000001 0.3534100484375 0.927219696875 0.3441072140625 0.9279479015625001 0.3388585125 0.9128521781250001 0.33252953125
0 0.503506059375 0.43189920624999995 0.53197380625 0.42370522499999996 0.52788629375 0.4139012765625 0.5419267953125 0.392563571875 0.5509808453125 0.3865356890625 0.560384815625 0.36534085625 0.5526278984374999 0.35669523281250004 0.5431557406249999 0.35176084531249996 0.5356576546875 0.3499013875 0.500400115625 0.35046519531250003 0.49594277499999995 0.35530618281250004 0.48227210468750004 0.3619989515625 0.47426481875000004 0.3711303375 0.439126740625 0.3748262234375 0.4052942578125 0.3884117796875 0.39392766562500003 0.38249051562499997 0.37713660937500004 0.3803947875 0.367644540625 0.37493838749999997 0.352747915625 0.3738295375 0.344461890625 0.37565274375 0.33095050000000004 0.38652161406249996 0.333203309375 0.396904725 0.3518887984375 0.3999873296875 0.364851171875 0.39906527812500003 0.3799867171875 0.40643828437499996 0.38904922656249996 0.42497357812500003 0.41869165781250006 0.4475783578125 0.42808417656250003 0.4504246921875 0.4539491953125 0.44701455 0.46348108281249994 0.45351497656250006 0.46904492031249995 0.4533435296875 0.4918891 0.44375495468750004 0.503506059375 0.43189920624999995
0 0 0.37854505625 0.0048374421875 0.4044099390625 0.0322071546875 0.41610959531249997 0.1198119328125 0.4249079015625 0.158738875 0.4231857703125 0.166117503125 0.42191315156250003 0.177026165625 0.41582811875000003 0.1866292359375 0.39985341406249997 0.1738774109375 0.38195442812499997 0.16625986406249998 0.3769628953125 0.1706176546875 0.3695118421875 0.17888376875 0.367166621875 0.1824536234375 0.3633982359375 0.1750267171875 0.3390636484375 0.1580763796875 0.33279181874999997 0.1253817515625 0.32752776250000004 0.11746555781250001 0.314706034375 0.10414480468750001 0.306231853125 0.0902352140625 0.3066604671875 0.0715298171875 0.3030558484375 0.06062115312500001 0.3091408828125 0.0437504578125 0.304957103125 0.026271012500000003 0.30915410312499997 0.01453459375 0.3178777734375 0.011971684375 0.3237056390625 0.0184911953125 0.3485908109375 0 0.3650714046875 0 0.37854505625
0 0 0.6239549531249999 0.017895859375 0.62507851875 0.0220630109375 0.63697051875 0.017784859375 0.6465096234375001 0.0332347328125 0.64995324375 0.039411545312500004 0.653682609375 0.061846078125 0.6576949421875 0.07372186562500001 0.6526253625 0.0838824125 0.65126701875 0.0901147265625 0.6442808328125 0.09506135624999999 0.6279269875 0.111533853125 0.621670509375 0.1236087421875 0.6218210562500001 0.1273976046875 0.6237948125 0.137498421875 0.62087043125 0.1520764875 0.6136270765625 0.16256704375 0.596579771875 0.1621887546875 0.5866615281249999 0.157293396875 0.5800182296874999 0.1524975890625 0.575985 0.1421777625 0.5731672390625 0.1362555484375 0.5639424515625 0.1368642953125 0.5555616703124999 0.1197945 0.5461577625 0.1132635375 0.5453137546875 0.089153584375 0.5460566859375 0.0838087546875 0.5519702734374999 0.0755426421875 0.5543154921875 0.0596390703125 0.551147165625 0.0224074625 0.5486360453125 0.00449 0.5413487625 0 0.5418497375 0 0.6239549531249999
0 0.41387243125 0.6620036812500001 0.42604686875000003 0.66476429375 0.43277692968750003 0.670828428125 0.43456036249999996 0.6932464078125 0.44689407656249996 0.7001831234375 0.46828184375 0.7010919546875 0.4824502640625 0.7074495093750001 0.5066000374999999 0.7077506046875001 0.5332928124999999 0.701701821875 0.5414394687499999 0.6962245265625 0.5476518703125001 0.688716325 0.5479818796875 0.673027365625 0.5568368328125 0.66177935 0.55665764375 0.6570812359375 0.5527692296875 0.652497415625 0.5386406312500001 0.6471838890625 0.5338249125 0.6426286453125 0.5420312968750001 0.638717384375 0.561464903125 0.6370733000000001 0.5740888078124999 0.6272770296875 0.5775591140625 0.620898578125 0.5695632796875 0.6059887984375 0.550539321875 0.5940319734374999 0.5602220296875 0.5801453203125 0.556643715625 0.559350528125 0.527280025 0.54405393125 0.517947234375 0.5427736359375 0.49665901718749994 0.5444748671874999 0.4801865171875 0.5507313453125 0.45714323593749995 0.5550997921875 0.4507914640625 0.558953903125 0.4501628078125 0.5668126703125 0.446493403125 0.567970990625 0.44582492656249995 0.574785734375 0.4506406453125 0.5793409781250001 0.44723006875 0.58728546875 0.43993108124999997 0.590646140625 0.4325126328125 0.590874734375 0.4308571203125 0.5961520124999999 0.40678698437499994 0.5979389671875001 0.383536146875 0.5725241046875 0.3770848234375 0.57376815 0.36382380312499996 0.566860009375 0.34054160312500004 0.5649643 0.311994215625 0.5710702296875 0.2977347078125 0.5866657921875 0.295271346875 0.5951037218749999 0.2946426921875 0.6029624890624999 0.3003259859375 0.6059231203125 0.3267086609375 0.6160853125 0.339651125 0.614641246875 0.359343559375 0.6197833296875 0.38215638125 0.633713909375 0.3795735609375 0.6390197609375 0.3704597796875 0.6434816062500001 0.369063096875 0.655545053125 0.37861489375 0.6625674890625 0.3851657671875 0.6639335078124999 0.41387243125 0.6620036812500001
0 0.9611397640625 0.5275491125 0.9501713703125001 0.5320681046875 0.939990915625 0.5329044359374999 0.920008290625 0.5444953390625 0.9080130421874999 0.5464328421875 0.8981511453125 0.555621378125 0.8525737828125 0.553367425 0.8382659953125 0.5433557812500001 0.8223823343750001 0.5407094640625 0.808592203125 0.54427015625 0.806009384375 0.5495760078124999 0.7942928765625 0.5588216921875 0.8020497921875 0.5674673171875 0.8023285296875 0.5747754984375 0.79520873125 0.5828342859375 0.7947791734375 0.59591318125 0.8046296203125 0.6107658125000001 0.8132142921875 0.6167728 0.8358280125 0.62548325 0.8582824562500001 0.6300175968749999 0.8703573421874999 0.63016814375 0.8801480609375 0.6434547375 0.877624971875 0.6503266265625001 0.8674843359375 0.6522069828125 0.875181521875 0.65928656875 0.875480171875 0.6671167625 0.8802361609375 0.67010596875 0.9053729703125001 0.6719445296875 0.9256144234375 0.66713979375 0.9334624296875 0.653832303125 0.9357266890625 0.6401742453125 0.928538703125 0.6221038140624999 0.9292270874999999 0.6158110828125001 0.9365260765625001 0.6124504125 0.945090840625 0.6179353875 0.9570661781249999 0.6154758703125001 0.9636484015625 0.619348046875 0.9678230515624999 0.5567283078124999 0.966723509375 0.527899678125 0.9611397640625 0.5275491125
0 0.9187589203125001 0.7551522734375 0.913274725 0.7574117703125001 0.9088970234374999 0.7643408109375 0.913064175 0.7762328093749999 0.9049573390625 0.78275413125 0.9052559875 0.790584325 0.8934598390625 0.7977419593749999 0.890857109375 0.8025257984374999 0.8619513453125001 0.7992354953125 0.85007555625 0.8043050765625 0.835258571875 0.8052842765625 0.823641609375 0.8171400265625 0.8285966984375 0.8253493609375001 0.8233200609375 0.8573921656250001 0.8433395125 0.895449634375 0.8668407218749999 0.9030874859375 0.8726633843749999 0.909702209375 0.8839304265625 0.9130134078125 0.8913488734375001 0.9127848140625 0.9004825656250001 0.90884498125 0.9246721593749999 0.9101901015625 0.9363687593750001 0.9004224046875 0.945028684375 0.8986438140624999 0.954471621875 0.756999740625 0.951234540625 0.7546741890625001 0.9187589203125001 0.7551522734375
0 0.33852368906249997 0.9502021359375 0.34525375 0.9562662703125 0.3612767796875 0.962566675 0.383532125 0.9618808937500001 0.4054290890625 0.9517988796875001 0.4146424203125 0.9499470984375 0.4323692421875 0.9765774328125 0.4426890671875 0.97939519375 0.44667702968749995 0.9865890765625001 0.45802370937500003 0.9919883281249999 0.48775723125 0.992639990625 0.5125356625 0.98508231875 0.5250202015625 0.9716319562500001 0.5278533890625 0.9485490953125 0.5192089875 0.9409760687500001 0.5061470625 0.9392880546875 0.5031461359375 0.9336316374999999 0.4889378984375 0.9262300578125 0.5039455234375 0.9059078046875 0.5022332734375 0.861014696875 0.5065711546875 0.8530416328125 0.49293184375 0.8362152453125 0.46580104999999994 0.8307797453125 0.456627540625 0.8336755531250001 0.45128271406250003 0.8395891390625 0.42658392031250003 0.8492348625 0.41081971875 0.8497206234375 0.3879954484375 0.8598312109374999 0.38241170156250004 0.8594806453125001 0.3714034890625 0.8629556125000001 0.35453279375 0.8587718328125 0.35070410937499996 0.8557540515625 0.3423384453125 0.8554892093750001 0.321249328125 0.8624105703125 0.3114670703125 0.8736871578125 0.310659221875 0.876847809375 0.3172897328125 0.8803018796875 0.33027201875 0.8799018406249999 0.34067148281250004 0.8848076515625 0.35371349375 0.8859736515625001 0.36239771875 0.894590703125 0.3658963921875 0.91329744375 0.36135941250000003 0.9160503796875 0.35119886562499997 0.917408721875 0.3359125015625 0.93042279375 0.34003983125000004 0.9412707671874999 0.33852368906249997 0.9502021359375
0 0 0.9153386265625001 0.0021137078125 0.9171903640625001 0.01245344375 0.9205301390624999 0.0208390171875 0.9213169953125 0.036443940625 0.9166551296875 0.05132065625 0.91724196875 0.0677334234375 0.9094194515625 0.0809859875 0.8917644125 0.07349935156250001 0.8658637875 0.050197242187500005 0.863446065625 0.049050928125 0.8577324984375 0.056998482812499994 0.8470350734375 0.076412178125 0.8448689765624999 0.078027871875 0.838547671875 0.08818841875 0.8371893296874999 0.0962156125 0.8285799562499999 0.09489011093750001 0.8181682734375 0.087252653125 0.8126547234375 0.0797943859375 0.81183929375 0.0712694421875 0.8073983453125001 0.032521690625 0.813818590625 0.016498659375 0.8075181859375 0.0015423062499999999 0.8048432968749999 0 0.8051337249999999 0 0.9153386265625001