0 0.1136888890625 0.9075255921875 0.12862434218750002 0.9213821796874999 0.13543377031249998 0.9207397046875 0.14779527812499998 0.9378922984375 0.16112229218750002 0.9661486874999999 0.16845835781250001 0.9715628281249999 0.20633064375000001 0.9333871531250001 0.243296675 0.9176867671875 0.25460490625 0.9227261296875 0.25975279375000004 0.9161341171874999 0.2624083625 0.9006178015625 0.25903831875 0.8815991375 0.22464622968749998 0.8940035171874999 0.22233560625 0.90032783125 0.216181403125 0.9019262031249999 0.20701439531250002 0.9017734015625001 0.20329940156249998 0.8919467390625 0.20546914843750003 0.864263653125 0.20939435624999997 0.8567692843750001 0.21095583593749997 0.8352498921875 0.2175427578125 0.8254689531249999 0.2289326203125 0.8182880046875001 0.23577671718749998 0.7983056265624999 0.24620721875 0.7932506312500001 0.2452825296875 0.77603668125 0.2408183953125 0.751014940625 0.23225964999999998 0.74469844375 0.2243499875 0.726108096875 0.20200298593750002 0.732287425 0.1942811578125 0.74217544375 0.1872084109375 0.7397896109375 0.182540203125 0.745318646875 0.1756961078125 0.7653010250000001 0.1617323046875 0.775777978125 0.1591645078125 0.79230373125 0.15475961875 0.800861075 0.1461600609375 0.800654734375 0.1351090015625 0.78541393125 0.122016784375 0.7927555 0.113458040625 0.7864390015625 0.0900292375 0.8130747484375 0.089427115625 0.8324681890625 0.08101539218750001 0.8607402109375 0.06870698750000001 0.8639369546875001 0.0568721171875 0.8528409781249999 0.05598283125 0.8491932515625 0.0583453875 0.8763639015625 0.0616403859375 0.8747808687499999 0.0696316765625 0.88115090625 0.08639192812499999 0.876516409375 0.096477484375 0.8806534140625001 0.0997536109375 0.885432896875 0.098882025 0.8885682859375 0.1062180921875 0.8939824234374999 0.1136888890625 0.9075255921875
0 0.483831871875 0.9534589078125 0.49749768593750004 0.9592935484374999 0.5011595734375 0.9487708734375 0.49997770937499997 0.9417583609375001 0.4929049640625 0.9393725296875 0.4904534640625 0.92433806875 0.48560356718750003 0.9146184875 0.47731428593749997 0.92456004375 0.468322821875 0.9264261156250001 0.4580963921875 0.900930334375 0.456949196875 0.8745779203125 0.45030916875000004 0.864009521875 0.44406719375000003 0.8645984562500001 0.43887849531249995 0.8773006234375 0.425037134375 0.8694471125 0.42089556406249995 0.8810327640625 0.38824050468750004 0.8739366234375 0.37780385625 0.8657618734374999 0.360739471875 0.8734782171875001 0.3579961265625 0.887985096875 0.351760296875 0.9018037812499999 0.3368779484375 0.9082965296875001 0.3303441296875 0.9384268062500001 0.3192930703125 0.9231860062499999 0.3016550890625 0.9177261421875 0.280138859375 0.9268802390624999 0.2725048046875 0.9377776921875001 0.271423003125 0.958234109375 0.2663220765625 0.9719457125 0.267375353125 0.98405894375 0.2686481046875 0.9871528140624999 0.28550024375 0.9861541687500001 0.29225548125 0.9806937640625 0.2999834546875 0.9840354937500001 0.3008136875 0.9852467062500001 0.4410196359375 0.9769382046875 0.44250176718749995 0.9716064843750001 0.4611337765625 0.9556004937499999 0.4680309796875 0.9559674546875 0.4779001734375 0.9641957437500001 0.48073743437500005 0.9639280453125 0.483831871875 0.9534589078125
0 0.596846859375 0.6806806937500001 0.5972326203125 0.6653785359375 0.6034276375000001 0.6576700093750001 0.6029418140625 0.6455032375 0.6052524359375 0.6391789250000001 0.6027601234375 0.63025461875 0.5966467359375 0.6257428375 0.59398501875 0.62802940625 0.5930318046874999 0.643385103125 0.5852283484374999 0.66549343125 0.577769840625 0.6784097578125 0.5659003 0.6866536828124999 0.5460394671875 0.6885275671875 0.5433716078125 0.6775843906250001 0.5442840078125 0.66833885 0.533631 0.6642553828125 0.5271665203125 0.65570585625 0.5169115609375 0.6627797234374999 0.49115984843750005 0.6692802906249999 0.48562005625 0.6779447125 0.48645697187500003 0.6941492296875 0.492921453125 0.7026987546875 0.4951974078125 0.71571434375 0.4857324078125 0.731873134375 0.4861712734375 0.7369203140625 0.5010720546874999 0.7701168046875 0.50805703125 0.7714932 0.533037221875 0.7955969515625 0.5402916609374999 0.8132314015625 0.5410816171875 0.8223163250000001 0.5466275546875 0.8268816484375 0.5568416953125 0.8259179359375001 0.567096653125 0.8188440671875 0.5767718656249999 0.7853642453125 0.5823586187500001 0.7838194140625 0.5858796296875 0.7519379625 0.593905590625 0.738968096875 0.60359309375 0.73194776875 0.6110577484374999 0.7322611890624999 0.6154687796875 0.7369335921875 0.623629471875 0.7320927546875 0.6282507203125001 0.7194441265625 0.6247051296875 0.698406590625 0.6199430046875001 0.68969644375 0.6102963156250001 0.6906066171874999 0.596846859375 0.6806806937500001
0 0.41341667656250003 0.5778968390625 0.40949761249999994 0.5986209515625001 0.4057009921875 0.6010146015625 0.3978852484375 0.5966634390625 0.3963522921875 0.5856131812500001 0.39132685 0.5738747281250001 0.3634808703125 0.582608325 0.35238899687499997 0.573477678125 0.341742134375 0.582623959375 0.32642092031250003 0.584069528125 0.32585961406249997 0.5973528156250001 0.3314525078125 0.609037728125 0.3307564703125 0.6141919890625 0.328053940625 0.6225887140624999 0.3205484703125 0.6283854468750001 0.31413709375 0.64018525625 0.31811540781250003 0.653040228125 0.318689003125 0.666216434375 0.32921342343750004 0.67540061875 0.33415109374999996 0.6861296359375 0.32948903125 0.70488841875 0.3345206203125 0.7298566203125 0.3435182296875 0.7412202984375 0.35382014375000004 0.7412660203125 0.40033280312499997 0.6971865312500001 0.3971444484375 0.6934164859374999 0.398320165625 0.6871992515625001 0.41222472187500003 0.6431432140625 0.4185952859375 0.6374535578125 0.4307751046875 0.639357534375 0.434524765625 0.62984429375 0.437004790625 0.6123091046875 0.43507992812499996 0.6033312609375 0.4320201609375 0.594460496875 0.41795629375 0.577468521875 0.41341667656250003 0.5778968390625
0 0.6840853 0.539128690625 0.681715428125 0.511873921875 0.6762511203125 0.49508828749999995 0.65468793125 0.4971227921875 0.641514084375 0.5166846703125 0.6390687296875 0.5148799562499999 0.635447653125 0.5192924765625 0.6336228546875 0.5377835609375 0.6372562187499999 0.5598305359375 0.6445514718750001 0.5713548312500001 0.6588725109375 0.5781453671875 0.6630263703125 0.5930192078125 0.6584459359375 0.5995576796875 0.6627283796875 0.6093308015625001 0.6609852093749999 0.6156015765625 0.669374553125 0.6331289484375 0.679155975 0.6403478 0.6932545109375 0.6379998734375001 0.712582559375 0.616839625 0.7081715265625 0.612167221875 0.707206025 0.601063428125 0.7029705374999999 0.598409896875 0.7024439 0.5923532812500001 0.7097676765625 0.571307928125 0.720285953125 0.56726236875 0.7368236984375 0.5534894078125 0.738115715625 0.5157119609375 0.7283342937499999 0.508493109375 0.7145991390625 0.541338271875 0.705654634375 0.5503239328125 0.6840853 0.539128690625
0 0.8679280234375 0.77824775625 0.870238646875 0.7719234421875 0.8681382390625 0.7609267265625 0.856783046875 0.748767771875 0.853811053125 0.7409064421875 0.8573851687499999 0.7293743296875 0.8606143375 0.7270342203125 0.861351190625 0.71576980625 0.8535762609375 0.7053084859375 0.8496510531249999 0.71280285625 0.8460707921875 0.711105221875 0.8392082593750001 0.691398359375 0.83396645625 0.683751190625 0.8299534749999999 0.6902361203125 0.8243667265625 0.691780953125 0.8183411109375 0.68827860625 0.8121807625 0.67664723125 0.8069042906250001 0.6883399625 0.7956430171875 0.6904201921875 0.7937242999999999 0.69467209375 0.7921628187499999 0.7161914859375 0.786055575 0.7249094484375 0.7897297546875001 0.7408462640625 0.7885132203125 0.7531736546875 0.7828856546875 0.7608286421875 0.7848166640625001 0.783036234375 0.7742575734375 0.79319195 0.7619899828125 0.7902785359375 0.7490263515625 0.792519384375 0.7418719765625 0.8023538625000001 0.7415270265625 0.8115458640625001 0.74820786875 0.8160041093749999 0.7510920890625 0.822856003125 0.7647987203125 0.8225804875 0.7744045953125 0.8277804703125 0.7790789453125 0.8354811796874999 0.7718021265624999 0.863646121875 0.7742128140625 0.8847907375 0.7873111765624999 0.8906789171874999 0.8035632250000001 0.9196770453124999 0.8035224109374999 0.9257872 0.8079804015625 0.9375791953125001 0.81239143125 0.9422515953125 0.8245077125 0.9449513156249999 0.8256898296875 0.94483978125 0.8355692046875 0.9390470359374999 0.8328135718749999 0.9270944234374999 0.840780284375 0.8805454750000001 0.8395453171874999 0.8531836234375 0.8421947421875 0.8244375625 0.86183306875 0.8134252125 0.8619493671875 0.7818649984375 0.8679280234375 0.77824775625
0 0.5041537484374999 0.45026278125 0.498573140625 0.465037359375 0.5030311328125 0.47682935156250006 0.5000244687500001 0.48830792343749996 0.5023473828125 0.5084431046875 0.49237615156250003 0.5154902031249999 0.4810883265625 0.5073957625000001 0.47990646249999996 0.50038325 0.4741441671875 0.49990921093749996 0.47012504218749995 0.493164396875 0.46484242499999995 0.49162738125 0.45581014687500004 0.49960360625 0.447778040625 0.499343725 0.44752086562500004 0.5095451640625 0.4387519078125 0.5205496984375 0.4382314140625 0.527722828125 0.4467901578125 0.5340393265625 0.4508909109375 0.528563828125 0.4587474703125 0.5268048390625 0.4627665953125 0.5335496515625 0.4634687796875 0.5416251375 0.48373380781249997 0.564138334375 0.49169043125 0.589848271875 0.49845904374999994 0.5953159515625 0.5102877703125 0.5931821828125 0.535243384375 0.564366946875 0.5351086515625 0.5562379203125001 0.527860359375 0.5518332171875 0.5244086859375 0.5450348640625 0.5300770640625 0.5312697203125001 0.5453921328125 0.5165944031249999 0.544865496875 0.5105377875 0.5397114640625 0.503900053125 0.5364822984375001 0.5062401624999999 0.5308894015625001 0.4945552484375 0.5304913499999999 0.4833979140625 0.5373415921875 0.47664528281249996 0.5378620859375001 0.4694721515625 0.5317895125 0.45885021249999997 0.517772603125 0.44897782968750005 0.5041537484374999 0.45026278125
0 0.464658534375 0.3776603828125 0.4602413578125 0.3597582328125 0.44871676406249994 0.35881015625 0.418349946875 0.3911890953125 0.42742918437500005 0.39033246093749996 0.43135439218749994 0.3828380921875 0.44318311875000005 0.3807043234375 0.4484187765625 0.3751217484375 0.4573286125 0.3854759890625 0.459733153125 0.39339085625000003 0.45825330312499996 0.402689940625 0.4421074625 0.41439048749999996 0.4405398359375 0.422680134375 0.4519481328125 0.45518842499999995 0.45814929375 0.46070964375 0.4626889125 0.46028132812500006 0.4738154546875 0.45007207187500003 0.491798384375 0.4463399328125 0.4970748546875 0.43464720156250003 0.50619490625 0.4276804125 0.51601714375 0.428789109375 0.5170173171875 0.42055300312500005 0.5033800265624999 0.38214871562499997 0.49412524375 0.38098647812499997 0.47365614375 0.3890240578125 0.464658534375 0.3776603828125
0 0.2475529359375 0.4205342671875 0.2458159078125 0.44003478906250004 0.2389656671875 0.44678741874999994 0.21901091718750001 0.43442212187499996 0.2110134796875 0.41482234062499995 0.20197505625 0.40956881875000006 0.18028328124999998 0.41670404375 0.177884884375 0.422018921875 0.189280890625 0.4280677203125 0.2276820125 0.4946670421875 0.227337065625 0.5038590453125 0.2308765109375 0.5116668343749999 0.24345438125 0.5247281453125 0.2585122765625 0.5202542671875 0.2774484171875 0.5011664296875 0.28500084531250003 0.5024892875 0.292559415625 0.5170418906250001 0.2960519046875 0.5177300875 0.29897079375 0.50524208125 0.2989993171875 0.47267243125 0.2863398203125 0.47183143125000004 0.277781075 0.4655149328125 0.2796936484375 0.4480332859375 0.275621421875 0.420939134375 0.267758715625 0.409468378125 0.2564504828125 0.404429015625 0.2475529359375 0.4205342671875
0 0.24565485156250003 0.563193790625 0.2429931359375 0.565480359375 0.235569296875 0.559056784375 0.2260858640625 0.5355263359375 0.2198438875 0.536115271875 0.2109340515625 0.52576103125 0.1971804640625 0.51891695625 0.19334302812499998 0.527420759375 0.189511740625 0.5491543109375 0.18335753593749998 0.55075268125 0.180438646875 0.5632406921875 0.17284540625 0.568027990625 0.16520520625 0.565695696875 0.15805083125 0.575530175 0.156746525 0.5868481296875 0.1629476875 0.592369346875 0.169757115625 0.591726871875 0.18019990624999999 0.61313136875 0.1918592296875 0.6222084765625 0.19574977031250002 0.634054009375 0.18933839375 0.6458538203125 0.17689525625 0.6409215359375 0.1756317640625 0.6461293328125 0.16747107187500002 0.650970171875 0.17201068749999998 0.6505418546875 0.18602759687499998 0.660414240625 0.1895262296875 0.6743321843750001 0.19476803125 0.6819793546875 0.20109778125000002 0.6823998546875 0.21030560625 0.6764425015625 0.2369635765625 0.647466646875 0.25498732031250004 0.6376243515625 0.25472400156249997 0.63459604375 0.2633643734375 0.6286922296874999 0.263621546875 0.618490790625 0.26064955312500004 0.6106294640625001 0.2637909484375 0.607279915625 0.2633867515625 0.5828928343750001 0.26665673437500004 0.5744425703125 0.2656912296875 0.563338775 0.2610168796875 0.555638065625 0.24726329218749998 0.5487939875000001 0.24565485156250003 0.563193790625
0 0.121308796875 0.593806640625 0.1184184328125 0.5737250031250001 0.14401698125 0.51940616875 0.13432333125 0.5131967515625 0.13152074062500002 0.4941245484375 0.121441328125 0.5032172874999999 0.10511379843749999 0.49966921875 0.09009057499999999 0.48480319375 0.07490409218750001 0.4943777921875 0.0615424109375 0.48546130468750004 0.0602789203125 0.49066910156250004 0.0487604703125 0.50295076875 0.0414713640625 0.5046562203125 0.03715425 0.514223 0.0315674984375 0.515767834375 0.0358907578125 0.5194307984375001 0.036592940625 0.5275062859374999 0.028739453124999998 0.5358801484375 0.029924390625000002 0.5495075359375 0.040577396875 0.5535910015625001 0.0575663 0.5713247140625 0.068137678125 0.587628490625 0.073297853125 0.6074959734375 0.0784518828125 0.6141337078125 0.0772761640625 0.6203509406250001 0.0867064921875 0.6235320515625 0.121308796875 0.593806640625
0 0.7276154218750001 0.27652136562499996 0.7202323953125 0.2639876359375 0.7173951328125 0.264255334375 0.707666815625 0.27738581875 0.7144823875 0.28997308906249997 0.7171094328125001 0.30702641875 0.713055640625 0.319621509375 0.7145416375 0.3235521734375 0.7035397359375 0.41414934218750005 0.6975610796875 0.4177665859375 0.6908802390625 0.41330834375 0.68979229375 0.4205350140625 0.7009719390625 0.43067509531250003 0.7077466968749999 0.44937252031249997 0.7173995328125 0.46169209375 0.7179731296874999 0.47486829999999997 0.7244845703125 0.49053741874999995 0.72585426875 0.5260282968750001 0.7389056734375 0.5247968859375 0.73789935625 0.5198032453125 0.7408652046875 0.514434828125 0.7498974828125 0.5064586015625 0.754612646875 0.50804915625 0.7579704015625001 0.500608328125 0.7450414421875 0.48350927343750005 0.74560275 0.4702259890625 0.7506159015625 0.4555049484375 0.7611749921875 0.44534923125 0.7660534109375 0.4224991671875 0.7758225453125001 0.40325852656250005 0.77464068125 0.396246015625 0.7652981234375 0.394074340625 0.76298135625 0.3871689078125 0.771095090625 0.37520847812499997 0.7627057484375 0.3576811078125 0.7652735453124999 0.34115535625 0.7698539765625 0.3346168828125 0.7693681531250001 0.3224501125 0.7726381359375 0.313999846875 0.770139678125 0.2918457953125 0.7553736265625 0.2667783328125 0.7349514859374999 0.2819355078125 0.7276154218750001 0.27652136562499996
0 0.6115532078125 0.389243678125 0.6025617421875 0.391109746875 0.59011860625 0.38617746406250003 0.5568552796875 0.38524501875 0.554234378125 0.38142143281249996 0.550262209375 0.381796209375 0.54651255 0.3913094515625 0.5541588921875 0.40687148906250004 0.556042940625 0.4219594890625 0.5717213921875001 0.437781409375 0.5755772609375 0.4689668453125 0.5845748703125 0.4803305203125 0.5924314296875 0.4785715296875 0.604997009375 0.46517335 0.6190832562499999 0.436365928125 0.6308650234375001 0.42711256875 0.640032034375 0.4272653703125 0.6340410859375 0.404423121875 0.6291973359374999 0.4079332875 0.6150456953125001 0.389931875 0.6115532078125 0.389243678125
0 0.63139955 0.2621919171875 0.62031996875 0.2795207625 0.6179685312500001 0.2919552328125 0.5884733 0.3211987859375 0.5836765046875 0.3318285421875 0.5810209359375 0.3473448578125 0.59495006875 0.35620780625 0.5998815937499999 0.353707078125 0.606170528125 0.3602377328125 0.6084872953125 0.367143165625 0.6079259890625 0.380426453125 0.6191525953125 0.397686125 0.6196384187499999 0.4098528953125 0.625576259375 0.412345809375 0.6298525609375 0.4088891828125 0.644769578125 0.38305653125 0.6399666390625 0.380456540625 0.6388664046875 0.3612237171875 0.6475884046875 0.34309959375 0.6629034734375 0.328424278125 0.6624646078125 0.3233770984375 0.655871540625 0.319928290625 0.651589096875 0.31015516718749997 0.6529811750000001 0.2998466515625 0.658257646875 0.2881539203125 0.6662427953125001 0.2812942109375 0.6644057046875 0.273325803125 0.646814684375 0.27498553124999997 0.6377292999999999 0.2626124171875 0.63139955 0.2621919171875
0 0.348387853125 0.3234967078125 0.3372613109375 0.3337059640625 0.3273513015625 0.33158783125 0.3212440578125 0.34030579375 0.325046821875 0.351141890625 0.3196417625 0.3679353421875 0.31790473750000003 0.38743586093750004 0.3205256390625 0.391259446875 0.3326176828125 0.3921539875 0.339696575 0.40776956562500005 0.3482553203125 0.4140860625 0.354766759375 0.4297551828125 0.3616639609375 0.4301221421875 0.3788569328125 0.41730507812499995 0.3751827546875 0.40136826093750005 0.3781424578125 0.38277009687499997 0.3844660625 0.36996085 0.39424133906250003 0.363949959375 0.393755515625 0.35178318750000004 0.3880340328125 0.3451989921875 0.38140015156249996 0.347860340625 0.348387853125 0.3234967078125
0 0.27306985781250004 0.3784357453125 0.2782708453125 0.3921930703125 0.27937108125 0.41142589531249996 0.284741471875 0.41397234374999997 0.31201999687500004 0.4052922875 0.313803984375 0.3929113578125 0.30925207499999996 0.3668801828125 0.3017404640625 0.3594471703125 0.27275957812499996 0.368287846875 0.27306985781250004 0.3784357453125
0 0.30673518125 0.3050368921875 0.301750553125 0.2871882828125 0.28839501562500003 0.2915015421875 0.2893197046875 0.3087154921875 0.293514375 0.31747917812500004 0.294567653125 0.329592409375 0.29784377968750003 0.334371890625 0.3205888328125 0.339349896875 0.32259532343749997 0.33610743125 0.3209337796875 0.33015789375 0.3235077234375 0.3268618890625 0.32088067656249997 0.3098085578125 0.326900146875 0.3000811578125 0.32694096093749997 0.293971003125 0.3193007609375 0.291638709375 0.3117544796875 0.30354559999999997 0.30673518125 0.3050368921875
0 0.9095517171875 0.5463518265625 0.9042159953125 0.5244654734374999 0.8982311953125001 0.5148529703125 0.8982720093750001 0.5087428140625 0.8958266531250001 0.5069381015625 0.8905032234375 0.511511240625 0.8801135328124999 0.5104560828125 0.8797685875000001 0.519648084375 0.869601403125 0.5277313890625 0.8630083359375 0.5242825828125001 0.8601302593750001 0.530660434375 0.8603997234375 0.546918490625 0.8476524515625 0.545068053125 0.833249784375 0.5504978281249999 0.8262770984375001 0.575580925 0.8352338953125 0.59305475625 0.8513450640625001 0.600694109375 0.8537496062500001 0.6086089796875 0.85345161875 0.6249205718749999 0.8564236109375001 0.6327819015625 0.8730144609374999 0.6393582796875 0.8729797921875001 0.65869818125 0.8840778109375 0.6810585734375 0.8950410953124999 0.6952899390625 0.9086191375 0.70011514375 0.9180841359375 0.6839563515625 0.9311355390625 0.682724940625 0.9316090765625 0.66843221875 0.9355342828125 0.66093785 0.9567055640625 0.6609757546874999 0.95796905625 0.65576795625 0.9584017765624999 0.647585390625 0.9549501046875 0.6407870375 0.9542479187499999 0.6327115484375 0.9479998000000001 0.6200707390625 0.93219890625 0.622579284375 0.9154039859375 0.6465536828125 0.9088517328125001 0.6369947203125 0.9095416265624999 0.6186107140625 0.913636234375 0.5999054703125 0.9206150640624999 0.5880521203125 0.9229665031250001 0.5756176515625 0.9353157218750001 0.566310753125 0.9347013109375 0.5592447 0.9271896984374999 0.5518116890625 0.9144016140625 0.556071409375 0.9095517171875 0.5463518265625
0 0.9455030859375 0.41370967187499996 0.9339376796875 0.4188717484375 0.9295205031249999 0.4009696 0.9179489500000001 0.3929019296875 0.91396449375 0.3668172140625 0.9074592000000001 0.3643778421875 0.9035339921875 0.3718722109375 0.8979472421875 0.3734170421875 0.8963796171875 0.38170668750000003 0.8900090531249999 0.38739634375 0.8900560125 0.394515934375 0.8829894093749999 0.40535984999999997 0.8748633859374999 0.3908607859375 0.8682703187499999 0.38741197656250004 0.8661290968750001 0.38252541562500003 0.8587522156249999 0.38322143125 0.8739101734375 0.4062164828125 0.875706446875 0.420295046875 0.8729161453125001 0.42768233437500003 0.8664108484374999 0.42524296406250006 0.8616548703125 0.4297625640625 0.8601811625 0.45229139375000005 0.8548577312500001 0.4568645328125 0.8554721437499999 0.463930584375 0.8679622390624999 0.47598245937500006 0.8812769625 0.47777935468750005 0.9058305796875 0.52329541875 0.9196719421875 0.5311489296875 0.9349461968749999 0.52258376875 0.9400471234375001 0.5088721656249999 0.9387774859375 0.50085021875 0.9414800140624999 0.49245349374999997 0.953565915625 0.4801182875 0.9566603515625 0.46964914999999996 0.9722325953125001 0.4447723953125 0.9713956796875 0.4285678796875 0.9647086937499999 0.41087988906249995 0.95165114375 0.39888155625 0.9455030859375 0.41370967187499996
0 1 0.3086904625 0.998753634375 0.30894913125 0.9931607390625 0.29726421875 0.9855674984375 0.302051515625 0.9729611031250001 0.3215598546875 0.9851532125 0.349923321875 1 0.3727836671875 1 0.3086904625
0 0.8821033359375001 0.2833173640625 0.8833668265625001 0.2781095640625 0.8800029281249999 0.2723206453125 0.87074814375 0.2711584078125 0.8667351640625001 0.27764334062499996 0.8589663765625 0.28041176874999996 0.8412814359375 0.26783231406249997 0.8236495984375001 0.275602196875 0.8351803375 0.2897800234375 0.8362805718749999 0.309012846875 0.840522203125 0.324896121875 0.8482501750000001 0.32823785 0.85471465625 0.33678737812500004 0.8566395171875 0.3457652234375 0.8544166687500001 0.353098971875 0.855510759375 0.359102046875 0.8614955578125001 0.3687145515625 0.8718444328125001 0.37587986406249996 0.8783027703125 0.37119964687499996 0.881262471875 0.35260148125 0.8888087546874999 0.3406945921875 0.90294810625 0.33223650937500004 0.9082184328125 0.3073140328125 0.9075162484374999 0.2992385453125 0.8989575046875 0.2929220484375 0.8912356765625 0.3028100671875 0.8821033359375001 0.2833173640625
0 0.06530461562499999 0.3247629234375 0.062338765625 0.3301313421875 0.0643044421875 0.3329990296875 0.0598587421875 0.347666528125 0.0618305625 0.3637639640625 0.06851754843749999 0.38145195468750004 0.0752861625 0.3869196359375 0.094924490625 0.375907284375 0.096100209375 0.36969005 0.090548128125 0.3518949796875 0.0920279796875 0.3425958984375 0.10372197187500001 0.332333103125 0.103938334375 0.32824182031250004 0.08145045468749999 0.313062375 0.070870959375 0.32627316875 0.06530461562499999 0.3247629234375
0 0.114556671875 0.3516651890625 0.1142178703125 0.3740869390625 0.1263222046875 0.40144097187499994 0.1463524375 0.3883562109375 0.16036319999999998 0.38499884687499997 0.1645517265625 0.3805327859375 0.17100391875 0.36262282031250004 0.17038950625 0.35555676875 0.162614575 0.3450954484375 0.162175709375 0.34004827031249996 0.171769296875 0.3187887578125 0.165702865625 0.321396565625 0.151849215625 0.28708355937499996 0.15542333125000002 0.2755514484375 0.1524513390625 0.26769011875 0.15270851093749999 0.25748868125 0.13769143125 0.255852403125 0.131712775 0.259469646875 0.114556671875 0.3516651890625
0 0.0938282 0.27118582812500003 0.09326689375 0.284469115625 0.090125496875 0.2878186609375 0.0741429140625 0.2750785875 0.069123615625 0.2765698796875 0.06812344375 0.28480598437500004 0.0776415453125 0.28899653281250004 0.0901786015625 0.308167996875 0.11915948437499999 0.2993273234375 0.12155787968750001 0.29401244375 0.11478312187499999 0.27531501875000003 0.1201004078125 0.25751213125 0.1149871921875 0.24476424218749998 0.111319159375 0.24205717187500003 0.1035503734375 0.244825596875 0.0938282 0.27118582812500003
0 0.0421961796875 0.28928768125 0.0245990140625 0.2777176609375 0.0284079234375 0.30178350625 0.02828548125 0.320113971875 0.0346683328125 0.3408838109375 0.0564886984375 0.328647865625 0.0585829609375 0.3264148359375 0.05617841875 0.318499965625 0.0495383921875 0.3079315671875 0.0480054359375 0.29688131093750003 0.0421961796875 0.28928768125