0 0.9069015968749999 0.2471965203125 0.887361778125 0.24214998593749998 0.873441103125 0.2427995546875 0.8660078890625 0.24794503437499998 0.8661129640624999 0.2580572484375 0.8685187953125 0.2617838890625 0.88688611875 0.2652456015625 0.8964652187500001 0.27059696875 0.9034559734375 0.27055068437499996 0.9353347140625001 0.260465609375 0.946362859375 0.251633384375 0.9456936546874999 0.24550636718750002 0.9322762734375001 0.24161373749999998 0.9184164359375 0.24282030781250002 0.9069015968749999 0.2471965203125
0 0.8053535828125 0.2467588765625 0.795909975 0.25179822343749997 0.7807559640624999 0.25030596875 0.7692411234375001 0.25468218125000003 0.7618079125 0.259827659375 0.763953796875 0.27032450625000004 0.776259515625 0.273189315625 0.7988467390625 0.26953609218749996 0.81103078125 0.271286896875 0.8247689453125 0.26896632343750004 0.8450443703125 0.24414703750000002 0.8440101453125 0.2346780125 0.8356035453124999 0.23091146718750002 0.8179662656250001 0.23413377500000002 0.8058264562499999 0.24193817968750003 0.8053535828125 0.2467588765625
0 0.7222488953124999 0.2636459640625 0.71582226875 0.259707053125 0.7046890515625 0.258427065625 0.6720636718749999 0.27082633125 0.65130155 0.2911896046875 0.6544982640625 0.3021572703125 0.6677331328125 0.30437889375 0.6821571 0.2991871296875 0.6902152828125 0.29061345625 0.7195665124999999 0.27568773125 0.7237864140625 0.2685727953125 0.7222488953124999 0.2636459640625
0 0.6099039703125 0.3508180125 0.595894821875 0.3323571578125 0.5856907546875 0.3304339859375 0.57387173125 0.3320251875 0.567793528125 0.3404264953125 0.5665491109375 0.3610586953125 0.5600671687500001 0.37033859687500004 0.5640713578125001 0.379549071875 0.5792862046875 0.38159832968749996 0.589003578125 0.379065490625 0.61000904375 0.3609302234375 0.6099039703125 0.3508180125
0 0.7336512515625 0.33144146406249997 0.7241329875 0.3266471015625 0.7103339890625 0.328410671875 0.6953292890625 0.34658583906249996 0.6943835390624999 0.3562272328125 0.7002294296875 0.373149546875 0.70956518125 0.3762729078125 0.72144504375 0.3752387046875 0.7298682453125 0.370007040625 0.728134396875 0.3541324953125 0.7347463140625 0.34146749375 0.7336512515625 0.33144146406249997
0 0.8535006812500001 0.321570259375 0.8451549187499999 0.31836071875 0.8035145703125 0.321423425 0.7890131625000001 0.3350563953125 0.7964297765625 0.338909125 0.7939465078125 0.3436236875 0.8060697125 0.3448174890625 0.8172195312499999 0.337099271875 0.8334243656250001 0.3390623421875 0.8471625296875 0.3367417703125 0.8554032234375001 0.3298391015625 0.8535006812500001 0.321570259375
0 0.9444303015625 0.29397395312499996 0.9096866703125001 0.31442979375 0.9122252156249999 0.346822071875 0.9263283984375 0.34784350937499997 0.9405698578124999 0.34098073906250004 0.9422622515624999 0.3290251546875 0.9363997562499999 0.32110105 0.9508237234375001 0.315909284375 0.9561552875 0.3098221671875 0.96302436875 0.30866188125 0.9648992734374999 0.29837730156250003 0.9615642875000001 0.29529384375 0.9522893734375 0.2927274828125 0.9444303015625 0.29397395312499996
0 0.9054446078125 0.367092778125 0.8895881921875001 0.377469921875 0.8901357234375 0.3824829359375 0.8961973265625 0.3830798390625 0.9016947999999999 0.3876619359375 0.9157979828125 0.388683371875 0.9285461609375 0.3864489859375 0.9551375734375 0.3920062375 0.9720282109375 0.3910981171875 0.9865738500000001 0.38702035625 0.9887363390624999 0.3885189953125 0.9858161734375 0.3617829171875 0.9844611656250001 0.358527090625 0.9647664703125001 0.3703629734375 0.9566640546875 0.3693814390625 0.9499940812500001 0.3632145203125 0.9438716421875 0.362060615625 0.931305978125 0.365966009375 0.920172759375 0.364686021875 0.9054446078125 0.367092778125
0 0.8256371703125 0.36841744374999996 0.8074965953125 0.3761819484375 0.791900128125 0.379788890625 0.7866294046875 0.3864330078125 0.7876027921875 0.395345034375 0.793968578125 0.3987269453125 0.8099300656249999 0.3984620125 0.8340105703124999 0.39018040468750004 0.8530028625 0.39021392499999996 0.8694676421875001 0.3854067953125 0.8747992046874999 0.3793196765625 0.8718458390625001 0.3705800203125 0.8555801687500001 0.36805994218750004 0.8256371703125 0.36841744374999996
0 0.7404207328125 0.3842704328125 0.7206043656250001 0.3949923125 0.7053895203125 0.392943053125 0.6738315640625 0.3968149296875 0.670723325 0.4049576859375 0.6804849374999999 0.4119800578125 0.6918615031249999 0.415488053125 0.7174795265625 0.41213327812499995 0.7295418984375 0.412770078125 0.7609339421875 0.398228990625 0.7642855281250001 0.39231424062500003 0.761514671875 0.3852455875 0.7562605453125 0.3828914953125 0.7404207328125 0.3842704328125
0 0.584398459375 0.3826534921875 0.580986034375 0.388011240625 0.5836794515625 0.403521103125 0.5680663874999999 0.41612625468750003 0.5689789375000001 0.42448127812500003 0.575344725 0.4278631875 0.5834471421874999 0.4288447234375 0.5989219359375 0.4241237796875 0.6060509656249999 0.41619328906249997 0.6222723984375 0.4091581546875 0.623461496875 0.401744765625 0.614584803125 0.384524 0.603894040625 0.3781448140625 0.590034203125 0.3793513828125 0.584398459375 0.3826534921875
0 0.4820314359375 0.40618480312500005 0.4638300234375 0.4133923078125 0.45552849531249995 0.419737975 0.4536535921875 0.43002255156249997 0.4572927640625 0.43589102031250004 0.46576019999999996 0.440214565625 0.4836408296875 0.43922026406250003 0.49224653749999997 0.4356596046875 0.521807915625 0.44095830625000004 0.5353635718749999 0.436966728125 0.5436650968750001 0.4306210609375 0.5381399874999999 0.40748554375 0.5304800281250001 0.40140480937499995 0.5095685999999999 0.402100659375 0.5057911578125001 0.40411640000000004 0.49459710156250003 0.402279409375 0.4960295453125 0.397094028125 0.48210887343750003 0.39774359531250003 0.4820314359375 0.40618480312500005
0 0.5268631234375001 0.3607315484375 0.527626365625 0.3494191484375 0.51327983125 0.34616970468749997 0.4856818328125 0.349696846875 0.48012352343750003 0.34455774843750003 0.47084860937500006 0.34199138906250004 0.45407964375 0.3440135109375 0.44862640625 0.3489866234375 0.470052165625 0.3713002078125 0.4762354421875 0.3730111125 0.5268631234375001 0.3607315484375
0 0.29367000781249997 0.3194937640625 0.276641096875 0.3282860875 0.2745836828125 0.3368996625 0.2780403421875 0.341097125 0.2863252703125 0.343749665625 0.3041450625 0.3421983625 0.316528215625 0.3366219625 0.3199406375 0.33126421562499997 0.3413387609375 0.335024378125 0.35024865625 0.334248728125 0.362631809375 0.328672328125 0.362709246875 0.32023111875 0.3530693125 0.3143227546875 0.33296536250000003 0.313261415625 0.3253054 0.30718067968749996 0.3170813078125 0.30508514062500003 0.308171415625 0.3058607921875 0.2995657046875 0.3094214515625 0.29367000781249997 0.3194937640625
0 0.34793867500000003 0.3680004421875 0.3355721203125 0.36457863125 0.3227022703125 0.3656990171875 0.31328907968749997 0.371016865625 0.3130291328125 0.3777870671875 0.31759745625 0.3830123484375 0.34194894374999996 0.39551216875 0.35667709531249997 0.3931054140625 0.3639720328125 0.3958441390625 0.381974334375 0.395963840625 0.393184990625 0.3888026203125 0.390170790625 0.3795059625 0.376692571875 0.3750563328125 0.36307608281250003 0.3784909046875 0.354973665625 0.3775093703125 0.34793867500000003 0.3680004421875
0 0.387652475 0.447951028125 0.3772658953125 0.44435684843749995 0.362814290625 0.43099519375 0.3493969125 0.4271025671875 0.339497028125 0.42796440156250004 0.3321246515625 0.4336668828125 0.33267218125000003 0.438679896875 0.346803003125 0.458254753125 0.372769446875 0.467240196875 0.381801015625 0.46757855 0.39325501875 0.46264533593749996 0.39222079375 0.45317631093750005 0.387652475 0.447951028125
0 0.46631876562499996 0.47277920937499995 0.460605584375 0.48452252500000004 0.445114190625 0.49824168125 0.44788504375000004 0.5053103328125 0.4646816484375 0.5218416328125 0.4780381921875 0.525177259375 0.49264466718750005 0.521656503125 0.49704708125 0.51621256875 0.49694200468750005 0.5061003578125 0.49015036093750003 0.4988194328125 0.49871183593749996 0.4857035640625 0.49755593749999993 0.47512053437499996 0.4869868484375 0.4698553515625 0.46631876562499996 0.47277920937499995
0 0.6096237328125 0.4580545921875 0.5945913984375 0.45767634218750003 0.583076559375 0.46205255312500004 0.5824958265625 0.47503595781249996 0.59157163125 0.48492951875 0.586909275 0.4971436546875 0.5922684734375 0.50960995625 0.6053208328124999 0.5101605765625 0.617764825 0.5051411796874999 0.6263263 0.49202530937500005 0.6365469671875 0.484950271875 0.6355127406250001 0.4754812453125 0.622034525 0.47103161406250005 0.6096237328125 0.4580545921875
0 0.7615923062500001 0.471062334375 0.7516647859375001 0.453370746875 0.7529755578125 0.44707136406250003 0.736831559375 0.44566529062500004 0.7240225484375 0.44734267968749997 0.7134976984375 0.45163270781250003 0.7128118921875 0.4545039 0.6865080625 0.46072986718750003 0.690340778125 0.495820965625 0.7235579265625 0.497989925 0.7620457984375 0.49351476562499996 0.7615923062500001 0.471062334375
0 0.8206763875 0.435554684375 0.8216497781250001 0.44446671249999997 0.825089834375 0.45766238281250005 0.8322022640625001 0.4587301015625 0.8403323171875 0.47826505781249995 0.8486780812499999 0.481474603125 0.859628790625 0.4810835875 0.870961121875 0.4750363703125 0.8750593484375001 0.4668074296875 0.8741191593750001 0.4398989875 0.8651484265624999 0.44011763437500007 0.8520518328125 0.43001180625 0.83980695 0.42770399843750007 0.8261296234375 0.430581571875 0.8206763875 0.435554684375
0 1 0.4227360375 0.9979617421875 0.4116866296875 0.9936367687500001 0.4086893546875 0.9855951875000001 0.4082648203125 0.9372682671874999 0.414158815625 0.9389274593750001 0.42019965 0.93291009375 0.429157959375 0.93497854375 0.44809601250000003 0.9406585281250001 0.4543491140625 0.9617358671874999 0.464322478125 0.9775756828125 0.4629435421875 0.9879180218749999 0.45698250781249994 0.9850863296875 0.44935685156250005 0.996357821875 0.4427526359375 1 0.42677504062500005 1 0.4227360375
0 0.9684881265625 0.5042200968749999 0.9885255531249999 0.49915480624999997 0.9881506921875 0.4838091578125 0.9562167359375 0.48915212343750003 0.9437384171875 0.5063746859375 0.9436443796875 0.5238141015625 0.9460502140625 0.5275407453125001 0.95736594375 0.5304917375 0.9672658265624999 0.5296299015625 0.9757498625000001 0.524955240625 0.9777464406249999 0.515784665625 0.9684881265625 0.5042200968749999
0 0.884355715625 0.5025474859375 0.8449995265625001 0.5082228328125 0.840674553125 0.5052255578125 0.820006471875 0.5081494140625 0.8138674296874999 0.51599371875 0.799139278125 0.518400475 0.7975685578125 0.5314700640625001 0.8104218078125 0.5393478875 0.8752577453124999 0.5382019703124999 0.8866509109375 0.5327117546875 0.89865244375 0.5327915578125 0.897452309375 0.5126533140625 0.8849640828125 0.5081175015625 0.884355715625 0.5025474859375
0 0.75463074375 0.522653596875 0.7399634296875 0.525617353125 0.721031975 0.5261408375000001 0.708405475 0.5294892296875 0.6927315703125 0.5415373781249999 0.6938266328125 0.5515634078125 0.6991415953125 0.5544745 0.709102315625 0.5541696671875 0.7329394734375 0.54366005625 0.7568817046875 0.54326265625 0.767163209375 0.5367446218749999 0.766128984375 0.5272755953125 0.75463074375 0.522653596875
0 0.6202688734375 0.5186061421875 0.6095006765625001 0.5206681625 0.6020674640625 0.5258136437500001 0.5957293109374999 0.54098515625 0.5843969828125 0.5470323703125 0.5809845609375001 0.5523901203125 0.583008771875 0.5617729625 0.5946286875 0.5675089625 0.6099209671875 0.5611170109375 0.627270665625 0.5461114859375 0.6347204796875 0.5319677984375 0.6338687640625 0.5241697750000001 0.6202688734375 0.5186061421875
0 0.4867662515625 0.5440933625000001 0.45959410937499995 0.5515195125 0.4636591359375 0.5612869921875 0.46111502812499994 0.5654445531250001 0.46673417500000003 0.571140653125 0.485483115625 0.568946165625 0.4925181109375 0.5784550921875 0.49963053906250005 0.5795228125 0.5348442625 0.5725211953125 0.540496609375 0.5602208765625 0.5388097796875 0.5356266234375 0.5340589484375 0.5287303359375 0.49445941250000003 0.5321776765624999 0.49878438750000004 0.5351749531250001 0.4867662515625 0.5440933625000001
0 0.3692376859375 0.544395765625 0.3606319765625 0.547956425 0.3570812765625 0.5611983796875 0.347972271875 0.5693012359375 0.34343158749999997 0.582629371875 0.3474523765625 0.5828416421875 0.3509864734375 0.5785978953125 0.36361297656249997 0.575249503125 0.3772128640625 0.5808131375000001 0.393799321875 0.5771200109375 0.3982625671875 0.5722330796875 0.395325803125 0.5544952140625 0.3926157859375 0.5479835625 0.3842700203125 0.54477401875 0.3692376859375 0.544395765625
0 0.5007291 0.595363821875 0.48917002500000006 0.590184821875 0.46082538125 0.5960261515624999 0.4408873390625 0.6056340296875 0.4410532515625 0.61630324375 0.45117988125 0.626667621875 0.4978144078125 0.632729209375 0.5010885578125001 0.63525566875 0.5219999890625 0.6345598156250001 0.5286257234375 0.6311715234374999 0.5314297765625 0.6202437609375 0.5269831296875 0.61613248125 0.5007291 0.595363821875
0 0.5855473156250001 0.5941652375 0.5778707562500001 0.5970827140625 0.57359001875 0.60364065 0.5795133484375 0.6121217578125 0.593738209375 0.614257196875 0.608162175 0.6090654328125 0.616325428125 0.610603971875 0.6200862734375 0.617586440625 0.6314628390625 0.6210944359374999 0.65120176875 0.618813765625 0.65758415625 0.6131974671875 0.6558641265625 0.6065996296875 0.6261368390625 0.5906317125 0.5855473156250001 0.5941652375
0 0.7405496328125001 0.576735415625 0.7151141187500001 0.5817611953124999 0.6927536437499999 0.596640634375 0.6909395765624999 0.6074822171875 0.7046611406250001 0.614159853125 0.72403505 0.6085371734375 0.738016559375 0.6084446078125 0.738093996875 0.6000034000000001 0.7500346953125 0.5995261984375 0.762600359375 0.5956208046875 0.7716485296875 0.586960946875 0.7702935203125 0.583705121875 0.764796046875 0.579123025 0.7405496328125001 0.576735415625
0 0.863595775 0.577831878125 0.8518375875 0.579980084375 0.8199146109375001 0.5805099484375 0.809511434375 0.5859139812499999 0.8070281640625 0.5906285453125 0.8119006687500001 0.598638834375 0.8251355374999999 0.600860459375 0.8399245265624999 0.5990107046875 0.8713884437500001 0.6125782453124999 0.8871065859374999 0.61008530625 0.8912656484375001 0.60241336875 0.88966729375 0.5969295328124999 0.8789156921875 0.5899933468749999 0.8707690390625 0.5794566 0.863595775 0.577831878125
0 1 0.56184853125 0.9957066875 0.5612702734374999 0.962290428125 0.56642851875 0.956046315625 0.5641606125 0.9390340015625 0.5639547265625 0.9275800000000001 0.568887940625 0.9255225843750001 0.5775015140625 0.9341116953125 0.582939065625 0.9422749484375 0.5844776046875 0.9743195968749999 0.5850617406249999 1 0.579015209375 1 0.56184853125
0 1 0.6260053828125 0.9678708109375 0.6266708750000001 0.9398303515625 0.635297215625 0.92300055 0.6367623359375 0.9121217140625 0.6652619828125 0.9092402203125 0.684630953125 0.9273641953125 0.685864659375 0.9460606 0.6786140656249999 0.9973657859375 0.6679624125 0.9894624796875 0.659653671875 0.9942907484375001 0.6581087515624999 0.9975814984375001 0.651637 0.9958006312500001 0.6444821625 1 0.6435109875 1 0.6260053828125
0 0.874734465625 0.64321333125 0.8642870500000001 0.639062153125 0.855194646875 0.6381668 0.84169983125 0.6427153796875 0.840189946875 0.6563419671874999 0.8549623359374999 0.663490421875 0.8543816046874999 0.6764738265625 0.8603657703125001 0.6855119359375 0.8822063515625 0.6841729 0.885862121875 0.68104315625 0.8886661765625 0.67011539375 0.8861552671874999 0.6562765390624999 0.874734465625 0.64321333125
0 0.609251671875 0.6556412984375 0.6005242890625 0.6580879562499999 0.59996015625 0.66207315 0.6042242953125 0.6645134265625 0.6008727078125 0.670428175 0.6084109953125 0.67539490625 0.6134217734375 0.6755209890625 0.63078250625 0.68806709375 0.641854890625 0.68879008125 0.6505822734375 0.6863434234375 0.653994696875 0.6809856765625 0.652274665625 0.6743878375000001 0.63881305 0.66094 0.626811515625 0.6608602 0.609251671875 0.6556412984375
0 0.521723440625 0.650328228125 0.5132560015625 0.6460046828125 0.5003861515625 0.6471250687500001 0.4900438109375 0.6530861015625 0.48246710156250006 0.6691149765625 0.46920425468750004 0.6818905828124999 0.46900514531250004 0.6892177859374999 0.47573595312499994 0.69594170625 0.49769820937500003 0.695716675 0.4963431984375 0.692460846875 0.5175920125 0.6765535859375 0.521723440625 0.650328228125
0 0.34604756875 0.6065804421875 0.333603578125 0.6115998390625 0.33375288593749997 0.6312672625 0.3300362796875 0.63384 0.3355779890625 0.6479773093750001 0.33517976875 0.6626317171875 0.34798877968749997 0.6609543296875 0.3521920828125 0.6628376031250001 0.3767592796875 0.6590120109375001 0.37584672812500003 0.6506569875 0.38751644218750003 0.6293983578125 0.38753304375000003 0.62040015 0.37324734843749996 0.6177077109375 0.366394865625 0.6098697859375 0.3540283109375 0.606447975 0.34604756875 0.6065804421875
0 0.26452352343749996 0.6954940953125 0.2716635875 0.7151152359374999 0.26942366562500003 0.7220578046874999 0.26100046250000003 0.72728946875 0.2760770359375 0.7372229328125 0.29222103125 0.738629003125 0.343656190625 0.7245922515625 0.346078628125 0.719320684375 0.3387228484375 0.716024959375 0.3383135921875 0.7031277375 0.35047 0.686325125 0.3461007875 0.6737726375 0.3174685640625 0.6678307546875 0.31318782500000003 0.6743886890625 0.2969663921875 0.6814238265625 0.29454395624999996 0.6866953890625 0.2796941328125 0.687988140625 0.27605496406249996 0.682119675 0.2710441828125 0.681993590625 0.26452352343749996 0.6954940953125
0 0.395225253125 0.757285403125 0.36475132499999996 0.7436316781250001 0.3528106296875 0.744108878125 0.34240745 0.749512909375 0.34239085 0.7585111171875 0.3521524625 0.765533490625 0.359049178125 0.782926625 0.3675774515625 0.7878071703125 0.38149812656250004 0.7871576046875 0.39097215625000004 0.78239675625 0.39724946875 0.7666682453125 0.395225253125 0.757285403125
0 0.461809715625 0.7331411125 0.4525182 0.7395729640625001 0.4544207390625 0.747841803125 0.4683856484375 0.7567474468750001 0.46602405312500006 0.7625760140625 0.4690382546875 0.771872675 0.47930315781250005 0.7743528468750001 0.49397047499999996 0.7713890906249999 0.49998784062499996 0.7624307828125 0.49903105156249994 0.744520546875 0.4896952984375 0.7413971874999999 0.4840761546875 0.7357010875000001 0.47579122500000004 0.7330485453125 0.461809715625 0.7331411125
0 0.581520871875 0.7311541140625 0.5737834734375 0.7335145875 0.5693810640625 0.73895851875 0.5714052765625001 0.7483413640625 0.580237734375 0.75600691875 0.58107285 0.7728031515625 0.5886719734375 0.7783268828125001 0.594733575 0.7789237859375 0.608410903125 0.7760462109375 0.616347409375 0.7663585328125 0.6141572875 0.746306478125 0.6029189953125 0.7349142765625001 0.5924715796875 0.730763096875 0.581520871875 0.7311541140625
0 0.1969931046875 0.851387253125 0.19889564375 0.8596560921874999 0.2066164421875 0.866293828125 0.2217704515625 0.867786084375 0.24426363750000002 0.8815722750000001 0.26034679843749997 0.8824213421874999 0.2718007984375 0.87748813125 0.2808323703125 0.877826484375 0.2900022109375 0.870280628125 0.30083124687499996 0.8687756109375 0.304547853125 0.86620286875 0.302540240625 0.8478218140625 0.29651183593749997 0.8292284953125 0.261419784375 0.8373441156249999 0.2513373921875 0.8365349453125001 0.240812540625 0.840824975 0.22987843125000001 0.83221778125 0.22096853749999998 0.8329934343750001 0.216809471875 0.840665371875 0.20232466875 0.8453001359375 0.1969931046875 0.851387253125
0 0.22199132812500003 0.8202234578125 0.229894634375 0.8285321953125001 0.23726701249999999 0.822829715625 0.25886424531249996 0.819262671875 0.26351 0.8160467468749999 0.27563321093750004 0.81724055 0.29209799062499997 0.812433421875 0.297612065625 0.808017309375 0.29415540625 0.803819846875 0.2971419703125 0.7945630875 0.305565171875 0.7893314234375 0.3042876 0.7776343890625 0.29198188125 0.77476958125 0.251392359375 0.7783031046875 0.23052516562499997 0.788554165625 0.2203045 0.7956292015625 0.21893288906250002 0.8013715843749999 0.22199132812500003 0.8202234578125
0 0.3916876734375 0.8231421046875 0.342553275 0.8307932875 0.327095084375 0.8265160234375 0.322510159375 0.8302889499999999 0.3232844390625 0.8465281796875 0.3292077703125 0.8550092875 0.33922932656250004 0.8552614578125001 0.38032214531249997 0.8471857359375001 0.39497285781249997 0.8532201890625 0.4108735109375 0.8523982531250001 0.42220583906250003 0.8463510375000001 0.422161603125 0.8367958265625 0.4134508171875 0.8302442750000001 0.3916876734375 0.8231421046875
0 0.5126878734375 0.8055066 0.498888875 0.8072701703125 0.489597359375 0.8137020203124999 0.4866107921875 0.82295878125 0.49024996249999997 0.8288272484375 0.47443778593749997 0.848759603125 0.475167828125 0.8554436234375 0.48054362656249994 0.8589117171874999 0.505293334375 0.856757128125 0.523389675 0.8394374140625 0.5268629328125 0.8346366671875 0.5233786359375 0.8118857859374999 0.5126878734375 0.8055066