0 0.21184594687499997 0.7353463812500001 0.1828074890625 0.744479303125 0.17304967031250001 0.7526200703125 0.17400061093750002 0.758337565625 0.18666077187500002 0.7620795609375 0.1994568984375 0.761071609375 0.20990631093749998 0.75708901875 0.22830987500000002 0.7619583515625 0.2411924484375 0.7614701734375 0.24781292812500003 0.756736025 0.24717085 0.74730813125 0.24473768749999997 0.7438137171875 0.22750748125000003 0.7404317046875 0.218330459375 0.735362178125 0.21184594687499997 0.7353463812500001
0 0.297571375 0.7354393546875 0.28494814687500003 0.7374868484375 0.2674703578125 0.760453428125 0.2689399953125 0.7692895562500001 0.2769436609375 0.7728717609375 0.293136475 0.77001650625 0.30398120156249997 0.7628432875 0.30416039375000004 0.7583532265625 0.3126521125 0.7537349703125 0.32679449531250004 0.7552538859375 0.3372439078125 0.7512712953125 0.3438643859375 0.7465371453125 0.3413078421875 0.7367334718749999 0.32973458906249997 0.7339590234375 0.3089717296875 0.7371742578125 0.297571375 0.7354393546875
0 0.40864017031250005 0.7184410390625 0.3822077734375 0.7321079171875 0.37867511875000004 0.738705165625 0.380367171875 0.74331111875 0.38654281875 0.7470373171875 0.396942715625 0.7483244453125 0.42654938593749997 0.7370404374999999 0.44471876874999994 0.7182320375 0.4411617671875 0.7079805875 0.428760953125 0.7057979078125001 0.4156559640625 0.7105162609375 0.40864017031250005 0.7184410390625
0 0.5066759234375 0.6345566109375 0.49779518125 0.6368358921875 0.47928000312499996 0.6535652046875 0.479922078125 0.6629931 0.49391590937499996 0.6803211671875 0.5034882453125 0.6822000640625 0.5143699046875 0.680816334375 0.519557678125 0.67303555 0.5196013125000001 0.6538118765625 0.5251164187499999 0.6452154359375 0.5209047546875001 0.636595296875 0.5066759234375 0.6345566109375
0 0.36756898125 0.6440928171875 0.370032784375 0.6589063234375 0.3645793703125 0.670657396875 0.3661354578125 0.680013296875 0.37522602968749996 0.6845630500000001 0.38793570625 0.6830353265625 0.4008803828125 0.666218221875 0.4012387640625 0.6572381015625 0.39490280312500003 0.64141315 0.3860715765625 0.6384227140625 0.37510346875 0.639286671875 0.36756898125 0.6440928171875
0 0.27314153750000003 0.672067553125 0.260518309375 0.6741150484375 0.25324316874999997 0.6804805109375 0.2554539171875 0.688205096875 0.263371134375 0.691267528125 0.301845959375 0.6887634484375 0.314568221875 0.67617651875 0.307478565625 0.6725223171875 0.309529 0.66814815 0.29821509218750003 0.66693301875 0.28828437500000004 0.6740342421875 0.27314153750000003 0.672067553125
0 0.1608292234375 0.6982915890625 0.1545176109375 0.6993153375000001 0.1533316703125 0.708887225 0.1565923921875 0.71178986875 0.16533716874999999 0.7142605328125 0.17256279218749998 0.7131647890624999 0.20370119999999997 0.6943879828124999 0.19960115312499999 0.6641692015625 0.1864592296875 0.6630980609375 0.1736135875 0.6693757312499999 0.17268699375000002 0.6805069375 0.178553778125 0.6879435359375 0.1654487875 0.6926618890625 0.1608292234375 0.6982915890625
0 0.141723125 0.6223890546875 0.12844523593749999 0.6260678640624999 0.126357871875 0.6246525390625 0.130507434375 0.6496016046875 0.1319401390625 0.652648240625 0.149578240625 0.641780415625 0.1571496625 0.642763759375 0.16367110625 0.6485690484375 0.1694145078125 0.649696384375 0.180864378125 0.64616156875 0.191264275 0.6474486984375 0.20480151093750001 0.64532920625 0.21895647812500002 0.6357889125 0.218178434375 0.6311109625 0.2125214828125 0.630503396875 0.20717339531249998 0.6261854296875 0.1940314703125 0.6251142921875 0.182322253125 0.6270897890625 0.157347728125 0.6216848875000001 0.141723125 0.6223890546875
0 0.252219184375 0.6242169203125 0.23719972656250002 0.6285594921875 0.2325801625 0.6341891921875 0.23579136875 0.6423615546875 0.2510206578125 0.6448480156249999 0.278786725 0.6447672109375 0.29520195625 0.6376817859374999 0.309480303125 0.6344507515625 0.31401341562499996 0.6283012796875 0.312630228125 0.619984925 0.3065410296875 0.6167784984375 0.2917439859375 0.616890896875 0.26984470312500003 0.624408303125 0.252219184375 0.6242169203125
0 0.36556888593750003 0.6042301484375 0.337222021875 0.6175212484375 0.334430478125 0.6230069546875 0.3373823359375 0.6296200015625 0.3423846265625 0.6318588796875 0.357008771875 0.6307069359375 0.37481977187500004 0.62087865625 0.389048603125 0.6229173421875001 0.41812399375 0.619573909375 0.42056974062499997 0.6120091140625 0.4111333703125 0.605380271875 0.40038767656249996 0.6020140546875 0.376796340625 0.6049255078125 0.36556888593750003 0.6042301484375
0 0.47997676875 0.6020801312499999 0.4653031078125 0.6085017921875 0.46459892968750005 0.6154028234375 0.4737633671875 0.6315315578125 0.484027296875 0.6375686296875 0.496823425 0.6365606796875001 0.5018752328125 0.6335298421875 0.504753225 0.6285639062499999 0.5014186375 0.61408228125 0.51522780625 0.6024628984375 0.51393106875 0.5946663156249999 0.5078418703125 0.5914598890625 0.50027045 0.59047654375 0.486165 0.5947471203125 0.47997676875 0.6020801312499999
0 0.5568156265625 0.5797035 0.544451746875 0.5833103125 0.5370901578125 0.5891560015625 0.5434630515625 0.61077044375 0.55089850625 0.616503734375 0.5702655953125 0.616031353125 0.5736622828125 0.6141840515625 0.584148628125 0.6159909515625 0.583098653125 0.6208128937499999 0.5959812296875 0.6203247140625 0.5955984984375 0.6124561359375 0.6121001781250001 0.60589048125 0.6194617671875 0.6000447921875 0.6206477078125 0.5904729015625 0.616954740625 0.5849713999999999 0.6088646234375 0.580869421875 0.5923260140625 0.581645584375 0.5845321765625 0.5848924140625 0.5568156265625 0.5797035
0 0.6085931953125 0.6450779609375 0.6027633453125001 0.64343085 0.5564451640625 0.6544514765625 0.55634613125 0.6649909125 0.56983385 0.668141140625 0.59525320625 0.66508569375 0.6006877421875 0.669923434375 0.60943251875 0.6723940984375 0.624884221875 0.6706503875000001 0.629676684375 0.66606023125 0.6085931953125 0.6450779609375
0 0.72998514375 0.6799810125 0.7217590625 0.680628978125 0.7105685390625001 0.6857231125000001 0.7109512687499999 0.6935916890625 0.7202147390625 0.6991809875 0.7389271671875 0.70033991875 0.74636261875 0.7060732093750001 0.7541069375 0.7080960984375 0.7623330187499999 0.70744813125 0.7701268531250001 0.7042013015624999 0.77505528125 0.6948612 0.790383603125 0.6868082249999999 0.7918288921875 0.678795653125 0.788395271875 0.674853465625 0.780564503125 0.6723108046874999 0.764112340625 0.673606740625 0.7529218171875 0.6787008703125 0.750043825 0.68366680625 0.72998514375 0.6799810125
0 0.7057074734375 0.62309155625 0.6889959625000001 0.6228281765625 0.678978796875 0.6294096265625 0.6822764515624999 0.6381017609375 0.6950230609375 0.642363528125 0.7074733906249999 0.6392764890625 0.7150448093749999 0.640259834375 0.7220849515625 0.6491837546875 0.7337446515625 0.652477975 0.74562676875 0.6515420203125 0.7540752656249999 0.646663878125 0.7539518843749999 0.640354615625 0.7494313546875 0.6354448796875001 0.72616146875 0.623586721875 0.7126242328125 0.6257062140625 0.7057074734375 0.62309155625
0 0.6936990890625 0.5564591109375 0.6853001109375 0.556067534375 0.674937146875 0.5605698968749999 0.676406784375 0.5694060234375 0.6809273124999999 0.574315759375 0.690758996875 0.577753971875 0.7048887921875 0.5903320953125 0.717548953125 0.594074090625 0.7266890421875 0.5933541265625 0.733223071875 0.5881002046875 0.732445028125 0.5834222546875 0.7182782999999999 0.5650546421875 0.6936990890625 0.5564591109375
0 0.576381603125 0.51918513125 0.583075946875 0.5260299625 0.5758377390625 0.5381849140625 0.5774802734375 0.5480605859375001 0.58757130625 0.5530581156250001 0.6065925953125 0.5505066453125 0.611261675 0.5396072265625 0.6248979453125 0.5269482984375 0.6219460875 0.5203352546875 0.605469578125 0.5047824921874999 0.5928958671875 0.50156026875 0.579531528125 0.504719303125 0.575739525 0.509757234375 0.576381603125 0.51918513125
0 0.464316875 0.5190605765625 0.4570786671875 0.5312155296875 0.4479755109375 0.5377249828124999 0.44944514687500003 0.5465611109374999 0.4621917578125 0.550822878125 0.47440708593750003 0.563025221875 0.48837657031250004 0.5635045921875 0.4988259828125 0.5595220000000001 0.4986656671875 0.5474232484375 0.4897110609375 0.5381235484375 0.49337967968749996 0.5267763546875 0.4877353125 0.5151095796875 0.475593846875 0.5144862171875 0.464316875 0.5190605765625
0 0.39747263125 0.527137315625 0.3665322921875 0.52483525 0.3310588375 0.52868265625 0.3326887890625 0.5496175359375 0.3428536859375 0.5661940453125001 0.34197660937499996 0.5720555328125 0.35703299843749997 0.5735024484375 0.36882866718749996 0.5720467234375 0.3783640703125 0.5681361296875 0.37884583437499997 0.5654652718750001 0.40291893281249996 0.5598829624999999 0.39747263125 0.527137315625
0 0.22762727031250002 0.5526274109375 0.2299488125 0.57772046875 0.23826134375 0.5775922718750001 0.2509584375 0.5871237578125 0.262445240625 0.589378434375 0.27498201875 0.5868111671875 0.2797744796875 0.582221009375 0.278391290625 0.57390465625 0.27448849375 0.5615741171875 0.2678310828125 0.5605187765624999 0.25923485468749996 0.5422389562500001 0.2513176375 0.5391765203125 0.241177090625 0.5394487109375 0.23098702499999998 0.5449906171875 0.22762727031250002 0.5526274109375
0 0.1264685484375 0.567967825 0.1163649328125 0.5740295046874999 0.1135608046875 0.5905744203125 0.11654959375 0.60297695625 0.12072432656250001 0.6058076031249999 0.128209296875 0.6062711765625 0.17273639062499999 0.601184034375 0.1708714390625 0.5955385343749999 0.175972765625 0.5872379765625 0.173033490625 0.5695657234375 0.1674260546875 0.563688440625 0.1473304421875 0.554213153125 0.132706296875 0.555365096875 0.123430240625 0.5608350078125001 0.1264685484375 0.567967825
0 0.138681953125 0.493284328125 0.131061015625 0.4975707015625 0.129702178125 0.5061030453125 0.13891613125 0.5169620609375001 0.1205953734375 0.521515178125 0.12176963437499999 0.5358241687499999 0.151114709375 0.5311124953124999 0.16176635781249998 0.51516215 0.16091445 0.49890521874999993 0.15848128749999998 0.4954108078125 0.14782204375000002 0.49256436406250004 0.138681953125 0.493284328125
0 0.2235983421875 0.48606888281250005 0.213321828125 0.49109102031249996 0.202180821875 0.49091543125000003 0.204378984375 0.5096992265625 0.2162115859375 0.514032990625 0.2170760765625 0.5192307125 0.25329064218749997 0.514271765625 0.257465371875 0.5171024140625 0.2764866640625 0.51455094375 0.2817608859375 0.507289928125 0.2952981234375 0.5051704375 0.2960518171875 0.49299968749999995 0.283700521875 0.48554729218750003 0.2235983421875 0.48606888281250005
0 0.355367290625 0.482180621875 0.3331717265625 0.48234922031250005 0.3239821203125 0.488338903125 0.3254517578125 0.49717502812500003 0.3363703484375 0.501580790625 0.34982113593749997 0.49894152812500003 0.3673602046875 0.4986131375 0.378896525 0.4955980953125 0.39279214375 0.4844984859375 0.3912360578125 0.4751425859375 0.3861473171875 0.4723839359375 0.376920778125 0.47258412656250004 0.355367290625 0.482180621875
0 0.468581028125 0.466943796875 0.4532896359375 0.48078626093750004 0.44713833750000004 0.4939087609375 0.4483486265625 0.5011855734374999 0.46126813593750005 0.506486884375 0.471149334375 0.5046553796875 0.47776981406249996 0.4999212296875 0.48283420625 0.48583118125 0.493024271875 0.48028927499999996 0.49590226406250004 0.475323340625 0.49351861875 0.466559209375 0.482427128125 0.46111390312499995 0.468581028125 0.466943796875
0 0.5376335906249999 0.45694538281249997 0.5330509625000001 0.468364575 0.5359407171874999 0.4913065453125 0.5407205921875 0.4977755984375 0.577280953125 0.4948957390625 0.5731062234375 0.49206509218749994 0.58377805 0.48385232968749997 0.6085922609375001 0.47715847968749997 0.6042941468749999 0.4680185703125 0.6064310296875 0.4641641734375 0.60091004375 0.45880666249999996 0.5836303218750001 0.4606943671875 0.5765901796875 0.45177044843749997 0.5699327703125 0.45071510625 0.5376335906249999 0.45694538281249997
0 0.6834595953125 0.45054439999999996 0.6682672390625 0.4538474296875 0.6643887875 0.45836558906249997 0.6680691703125 0.4749263 0.6709345812499999 0.4810195734375 0.678851796875 0.48408200937499996 0.6928212796875 0.484561378125 0.700615115625 0.4813145484375 0.7031968265625 0.46899980625 0.711213078125 0.4615228046875 0.7147088 0.44913606406250006 0.710966315625 0.4489042796875 0.7079154234375 0.45283067031249996 0.6963791046875001 0.4558457140625 0.6834595953125 0.45054439999999996
0 0.5462113328125 0.3992187921875 0.540245515625 0.40232162968749996 0.538232015625 0.4124852859375 0.5425796453125 0.41635547656250005 0.56806028125 0.43593822187500003 0.5790653203125 0.44086375312500004 0.6050528875000001 0.4356572234375 0.6230367875 0.42686848906249997 0.6223082609375 0.4169208203125 0.6123531953125 0.4071733453125 0.5687526953125001 0.40112928437499995 0.565578421875 0.39874641093749996 0.5462113328125 0.3992187921875
0 0.44536147968749995 0.41084880625000003 0.42716774687500003 0.41280850625000004 0.4215477265625 0.4179904328125 0.42349912500000003 0.42415570156250004 0.45194420468749996 0.4392922828125 0.4894185734375 0.43634042656250005 0.496384846875 0.433685365625 0.5000039515625 0.42760789062500004 0.49405071874999995 0.41965151875 0.4807358984375 0.4175408359375 0.46763090625 0.4222591875 0.4599730390625 0.4207560703125 0.45610717031250003 0.41421502187500003 0.44536147968749995 0.41084880625000003
0 0.3364953703125 0.42995582031249996 0.3250455 0.43349063593750004 0.3171157 0.4414874125 0.318548403125 0.44453404843750005 0.3238964921875 0.448852015625 0.3465243015625 0.4512822765625 0.369856290625 0.44681150937499997 0.3898041734375 0.4331288328125 0.3909036671875 0.42303717343749997 0.3778112609375 0.416696315625 0.36013622343749996 0.42177465 0.3471672 0.42174305624999997 0.34754992812499996 0.42961163593749996 0.3364953703125 0.42995582031249996
0 0.223183421875 0.4167649640625 0.2087321765625 0.418956453125 0.20528597187500003 0.4260734734375 0.2070644734375 0.4311991984375 0.2174148515625 0.43775604375 0.2255419 0.44764751406250003 0.23228575937499998 0.449222625 0.2430809671875 0.44731912500000004 0.2726750546875 0.44709432656250003 0.2820375609375 0.4421441875 0.28408799375 0.437770021875 0.2791352171875 0.43026142500000003 0.2667344078125 0.4280787453125 0.2531107203125 0.4296784640625 0.223183421875 0.4167649640625
0 0.129151290625 0.44154907187500003 0.0979390171875 0.448746896875 0.0932330078125 0.4538568265625 0.09635776406249999 0.461509415625 0.1105865953125 0.46354810156250004 0.1413171046875 0.4590211328125 0.14723340468749999 0.46118801718749997 0.16303090625 0.46152339218750005 0.1733938703125 0.45702102968749997 0.17483915781249998 0.4490084578125 0.16657614375000002 0.4438669359375 0.1589182734375 0.44236381874999997 0.129151290625 0.44154907187500003
0 0.0988790171875 0.38758936875 0.095828125 0.391515759375 0.09721131250000001 0.39983211406249997 0.10147249218750001 0.40318253437499996 0.132894596875 0.40281374375 0.15844991718749998 0.39500835 0.17398807031250002 0.39378441249999996 0.182548184375 0.36730762499999997 0.1841789546875 0.3492753890625 0.1672945484375 0.34797246406250004 0.1503358640625 0.3545741171875 0.10330133281250001 0.36407142656249997 0.11108258281250001 0.37188380468750004 0.1066854375 0.37328333125 0.1039803421875 0.3792888109375 0.106018190625 0.385973853125 0.0988790171875 0.38758936875
0 0.2092894453125 0.3499303453125 0.20606565625 0.35281719218749996 0.2040521546875 0.3629808484375 0.2071273953125 0.37590315625000004 0.218428715625 0.3881774953125 0.22834684843750003 0.39213548125000003 0.2368322765625 0.393046828125 0.24910970625 0.38892024531249997 0.24977695312499998 0.3762297234375 0.2356840890625 0.36944109375 0.23552377500000002 0.3573423390625 0.22948409375 0.34886619531249996 0.2092894453125 0.3499303453125
0 0.432072646875 0.347652590625 0.42410591249999996 0.34985987500000004 0.42122791875 0.3548258109375 0.4231793203125 0.3609910796875 0.4363951078125 0.3736411984375 0.4475361140625 0.3738167859375 0.46411165624999995 0.37883011093749996 0.472078390625 0.376622825 0.4723872546875 0.372912425 0.4682989734375 0.3706015484375 0.4710905171875 0.3651158421875 0.4638279625 0.360422096875 0.45917146718749996 0.3602623046875 0.44238609218749997 0.348419946875 0.432072646875 0.347652590625
0 0.5654684453125001 0.34241082500000003 0.56690115 0.34545746093749996 0.5480401734375 0.360107684375 0.545618775 0.38452117812500003 0.5537088890625 0.38862315625 0.56559100625 0.387687203125 0.5748670640625 0.3822172921875 0.5810345906250001 0.3673384171875 0.5926537171875 0.3555403125 0.592443884375 0.348711278125 0.5858359906249999 0.34238621875 0.5654684453125001 0.34241082500000003
0 0.679669234375 0.3776481 0.680965971875 0.3854446828125 0.67128201875 0.40516443124999996 0.6717511968750001 0.41355278437500004 0.68515246875 0.4161832375 0.691933259375 0.4235478421875 0.7035929624999999 0.4268420625 0.7109914828125 0.4267858609375 0.7222684562499999 0.42221150312500005 0.7210707515625 0.403875484375 0.724380990625 0.401508409375 0.7184772749999999 0.38828231875 0.7180576140625 0.37462425 0.7062619453125001 0.376079975 0.7022601125000001 0.37428887187500004 0.679669234375 0.3776481
0 0.7118944484374999 0.32481905625 0.7129687687499999 0.3368458125 0.7025932218750001 0.352407384375 0.70732358125 0.364146153125 0.7342125734375 0.369926834375 0.7378316765624999 0.36384936093750003 0.7525053374999999 0.357427696875 0.7544693203125 0.35253375781249996 0.7681794562500001 0.3514538109375 0.771872425 0.3569553171875 0.77652891875 0.35711510625 0.7818526593749999 0.344584375 0.77417044375 0.326232559375 0.7758750796875 0.31977930312499997 0.783409565625 0.3149731578125 0.76888445625 0.3055856640625 0.7538280640624999 0.3041387484375 0.7068552234375 0.3167906859375 0.7048912390625001 0.3216846265625 0.7118944484374999 0.32481905625
0 0.6683708140625 0.2581456859375 0.65983586875 0.26250405625 0.6548579265625001 0.2771138765625 0.657241571875 0.28587800625000004 0.686254859375 0.298863503125 0.6973094171875001 0.2985193171875 0.706671921875 0.293569178125 0.70620274375 0.2851808265625 0.6967663749999999 0.27855198593749997 0.6894299546875 0.2622792578125 0.681253390625 0.257657509375 0.6683708140625 0.2581456859375
0 0.5597510328124999 0.28019795468750003 0.5616033984375 0.29690265937500004 0.5704346265625 0.2998930984375 0.575955609375 0.305250609375 0.583786378125 0.30779326875 0.596755403125 0.3078248625 0.605031 0.301907178125 0.6028202546875 0.2941825921875 0.58938205 0.2857626453125 0.591259584375 0.28034893437499997 0.58796193125 0.2716568015625 0.5783031453125 0.269258134375 0.5648523578125 0.271897396875 0.5597510328124999 0.28019795468750003
0 0.45840765 0.2665909171875 0.45156475625 0.2755552390625 0.45467692812499994 0.2942670375 0.46571890156249995 0.30498206250000004 0.47563703437499993 0.3089400453125 0.4857775828125 0.30866785625 0.49283030781250003 0.30653256875 0.496622309375 0.30149463593750003 0.494238665625 0.2927305046875 0.48562985468750003 0.28550989531250004 0.48395038437500004 0.2698447328125 0.47660138124999996 0.264631215625 0.47094442968749994 0.26402365 0.45840765 0.2665909171875
0 0.7487971359375 0.1814265328125 0.738829484375 0.1827382671875 0.735519246875 0.18510534218750002 0.7383720703125001 0.2022578234375 0.7449673812500001 0.21964209218750003 0.7770936625 0.21237226874999998 0.7864931000000001 0.2132116203125 0.7960285046875 0.2093010265625 0.80663823125 0.2174171890625 0.8148643109375 0.2167692203125 0.8183105171875 0.20965220156250003 0.83150195625 0.205453621875 0.83612151875 0.19982391875 0.8339107703125 0.19209933437499999 0.82638886875 0.185846271875 0.8122464859375 0.18432735625000002 0.7906317203125 0.1712856609375 0.775661778125 0.1703585171875 0.7652988140625 0.1748608796875 0.7568998359375 0.174469303125 0.7487971359375 0.1814265328125
0 0.7485223453125001 0.24334891875000003 0.7462494984375 0.25195326093750003 0.738715009375 0.25675940625 0.74053044375 0.267674621875 0.752103696875 0.2704490703125 0.7895780671875 0.2674972140625 0.8083895265625 0.258116709375 0.8174926828125001 0.251607253125 0.818456209375 0.246265540625 0.8146029265625 0.22866528281249998 0.8068216765624999 0.220852903125 0.800287646875 0.22610682343750002 0.7804387953125 0.22925006250000002 0.776300996875 0.23220890781249998 0.7649870921875 0.2309937734375 0.749967634375 0.2353363484375 0.745088725 0.23940673281249997 0.7485223453125001 0.24334891875000003
0 0.6523093828125 0.1964458828125 0.6375987890625 0.19707805312499999 0.627408725 0.20261996093749998 0.627964353125 0.21152808437499998 0.6364002625 0.21770915 0.656977640625 0.22451357968750002 0.7021593984375001 0.21779512343750002 0.7167340234374999 0.2219128984375 0.7207853734375 0.21843428125000003 0.71919235625 0.20328889218750001 0.7132391218749999 0.195332521875 0.703926134375 0.1950129390625 0.6662293484374999 0.20219497031250003 0.6523093828125 0.1964458828125
0 0.5497480734375 0.1922184171875 0.5338884703125 0.20821196875 0.5309240296875 0.21265813125 0.5353824546875 0.2338967921875 0.5456463859375 0.23993386718749998 0.5583560624999999 0.23840614375000002 0.566631659375 0.2324884578125 0.568904509375 0.22388411874999997 0.565211540625 0.2183826125 0.5788108796875 0.1999341953125 0.5777734890625 0.193696928125 0.5725983 0.19041850625 0.5497480734375 0.1922184171875