0 0.711216515625 0.3113656609375 0.719135875 0.3006269625 0.7349915109375 0.2875463546875 0.7374274703125 0.27834936718750003 0.7465021187499999 0.2677280328125 0.79890015625 0.26150790156250003 0.8071379453124999 0.265492925 0.8100430921875 0.2741831265625 0.82259206875 0.2681122859375 0.8344380265625 0.2714144765625 0.8391930265624999 0.26665061562500003 0.8393099421875 0.253020503125 0.8257225921875 0.24534386874999997 0.8137089609375 0.2304814203125 0.8110799500000001 0.2155229671875 0.8142358515625 0.2053497359375 0.8136412875 0.196894265625 0.8193923640625 0.1848859078125 0.8195008218750001 0.1670574 0.8168887296875 0.1604957359375 0.799115565625 0.1534432515625 0.7938744625 0.131923134375 0.79282763125 0.1139772640625 0.7868665874999999 0.093433390625 0.7937814125 0.08574079375 0.7846475468749999 0.0669733640625 0.7693103421874999 0.050723893750000006 0.76671516875 0.05255901875 0.748181278125 0.097898440625 0.7551214796875 0.102801028125 0.757733571875 0.109362690625 0.7524347625 0.1308614484375 0.737609040625 0.153491140625 0.7240555265624999 0.16260808437500002 0.72105038125 0.17594478125 0.7175929703125 0.17979107968750002 0.7151739296875 0.19738485625 0.72530386875 0.20890778906250002 0.7276398281249999 0.22173770468749998 0.7263591593750001 0.23105205624999997 0.7190428234375 0.25444462031250004 0.7114165156250001 0.2673118578125 0.708269075 0.281683484375 0.6961892828125 0.30564151562499997 0.6858170453125 0.3171804109375 0.689726725 0.3228245140625 0.70200803125 0.3272203171875 0.7082113703124999 0.32470235937499997 0.711216515625 0.3113656609375
0 0.49383825000000003 0.311936415625 0.4998739171875 0.2978582015625 0.5082286234375 0.2882131140625 0.510061559375 0.2663622625 0.5214552484375 0.26017405625 0.5330166140625 0.26554610312500004 0.5366416984375 0.273260059375 0.5348087625 0.2951109140625 0.540761346875 0.31145639062499997 0.5491245140625 0.306009696875 0.5621257609375 0.30942925625 0.5672907328125001 0.29316381874999997 0.577219159375 0.27633291875 0.5754608453125 0.26356168593749996 0.5816303515625 0.24425015 0.572069596875 0.22858750625000002 0.571768084375 0.2222605734375 0.5627934375 0.21085500468750001 0.5531326828124999 0.21721926093750002 0.5397045484375 0.2169044875 0.5246265578125 0.185989975 0.518941646875 0.159177853125 0.535090334375 0.148225784375 0.5380870203125 0.130690690625 0.5270779234375 0.1127821421875 0.5068603406250001 0.1107282484375 0.5026406921875 0.09455881875 0.5020292093750001 0.0777065578125 0.49305456249999996 0.06630098906250001 0.49143854375 0.05249483125 0.4868089234375 0.047826973437499996 0.476411309375 0.0467706859375 0.47093636875 0.05251079374999999 0.467353578125 0.065788809375 0.48310075625 0.07053670625 0.4907778171875 0.0828598375 0.4921007828125 0.0945374578125 0.488836421875 0.12253919843750001 0.4905862765625 0.13111203437500002 0.48009017343749993 0.2244902828125 0.47447293593750006 0.23126531875 0.47478290625 0.24179064687500001 0.4726484578125 0.2573145671875 0.46847956562500004 0.2663355046875 0.46693968124999996 0.290314896875 0.46147320000000003 0.3002533984375 0.4694348546875 0.3105066734375 0.48270377656249996 0.3034595828125 0.49383825000000003 0.311936415625
0 0.13941485 0.257041825 0.145609734375 0.2503254734375 0.152248425 0.2489011265625 0.21744076093750003 0.3583635953125 0.21544015 0.3686541921875 0.2215181140625 0.3755679515625 0.2212673578125 0.3944313859375 0.22632386875 0.3959944578125 0.2362692140625 0.387560346875 0.2453607828125 0.3853358015625 0.2571729015625 0.3718444140625 0.2650838015625 0.35690732187499996 0.2673267078125 0.323554896875 0.2644215640625 0.31486469375000004 0.25546383281249996 0.311855915625 0.2548692703125 0.30340044375 0.2632324359375 0.29795375 0.26552609843749997 0.2897916921875 0.272005575 0.28100548281250004 0.27835121093750004 0.277452596875 0.28203400312500004 0.2421476796875 0.2748761265625 0.2366982890625 0.26610223125 0.2174427375 0.240677384375 0.21066230625000001 0.2333018328125 0.2046661078125 0.21963835 0.1592039234375 0.20862079375000003 0.1370969796875 0.1767926046875 0.17688830625000002 0.163356009375 0.1723751375 0.154264440625 0.1745996828125 0.1466296765625 0.183268525 0.1281365703125 0.1771922859375 0.1212132875 0.1806864859375 0.1177558765625 0.1845327859375 0.1097449765625 0.22149677968749998 0.11035645624999998 0.2383490421875 0.117748928125 0.252742028125 0.13941485 0.257041825
0 0.4670950953125 0.5192201843750001 0.4763543375 0.528555896875 0.4744960234375 0.5378115671875 0.47610358281250004 0.5474193296875 0.4709639890625 0.5762799484375 0.4766150640625 0.58629849375 0.4845598 0.5881549781250001 0.4940782578125 0.58282565 0.504157440625 0.569158215625 0.511080725 0.5656640125 0.517250228125 0.5463524765625001 0.517065634375 0.52639543125 0.524683484375 0.5093297984375 0.5329043515625 0.5049180343749999 0.5418197874999999 0.48693484062500003 0.5308106921875 0.4690262921875 0.5199777296875 0.46687639374999995 0.506239621875 0.45603629218749997 0.502036890625 0.4482636515625 0.4948951765625 0.4150072296875 0.484179134375 0.3992272203125 0.4778250375 0.39858170937500004 0.4533639375 0.4401708421875 0.42944664687499995 0.4650250765625 0.42859286875 0.4712346421875 0.435843040625 0.48666255625000004 0.4357515 0.512887853125 0.44893733906250005 0.5362644546875 0.45557602968750005 0.5348401078125 0.4670950953125 0.5192201843750001
0 0.6823129484375 0.49176301093749997 0.689278528125 0.50926078125 0.6835359140625 0.5254675328125 0.6834105359375 0.5348992499999999 0.6894800390625 0.537614615625 0.6979770421875 0.5269345999999999 0.7093707328125001 0.5207463921875 0.7225888984375 0.4885089359375 0.7355563093749999 0.475134915625 0.7128843375 0.40147358281249995 0.7059356765625 0.3923726015625 0.6978486453125 0.3915510453125 0.6890755046875 0.40849931093749997 0.6685410046875 0.46412933125 0.6574572875 0.4808428671875 0.657465746875 0.4850412609375 0.669311703125 0.488343453125 0.6749373984375 0.4857668140625 0.6823129484375 0.49176301093749997
0 1 0.39729296718749996 0.994629903125 0.40386136875 0.9796280453125 0.410732409375 0.9678990078125 0.39380010468750004 0.9629509578125001 0.374408525 0.9565799421875001 0.36536622812499997 0.939819771875 0.359466034375 0.9328964890625 0.3629602375 0.9294390765625 0.3668065359375 0.93118893125 0.3753793734375 0.9181638171875001 0.43177226874999997 0.9106967265625 0.45200136718749995 0.9013374828125 0.46469255781249996 0.9007767578125 0.4730306640625 0.8930250718750001 0.4953296171875 0.8849634171874999 0.50710324375 0.88253591875 0.520498625 0.8874501312499999 0.523096625 0.8900368453124999 0.5170631046875 0.9086384109375001 0.5053108390625 0.9126565515625 0.49312643281249996 0.918416084375 0.48531647187500004 0.933694075 0.47217718125 0.9388928828124999 0.472705325 0.9428025625 0.47834942500000005 0.9433971250000001 0.4868048984375 0.9473068031249999 0.49244899843749995 0.9651968859375 0.48587137187499996 0.9723963031249999 0.47610891874999994 0.98106098125 0.47698915937499997 0.9888718796875 0.4840789671875 0.9946144953125 0.46787221562500003 1 0.46558048124999996 1 0.39729296718749996
0 0.8609491484375 0.698799653125 0.8655533906249999 0.6908723234374999 0.882865828125 0.684236015625 0.8983199515625 0.686855375 0.9082991359375001 0.6952148421875 0.91751608125 0.6835585796875 0.9221372421874999 0.684028040625 0.926046921875 0.68967214375 0.9236109640624999 0.6988691296875 0.9289520671875 0.698362346875 0.9341339546875 0.6904937 0.9322418046875001 0.6829557921875 0.9375067749999999 0.64466345625 0.94689139375 0.64456745 0.9494696484375 0.6343355359375 0.94599531875 0.6297850453125 0.9357400015625 0.6276938296875 0.9232994828125 0.615936165625 0.9064631796875 0.572250421875 0.89662629375 0.562856028125 0.8889746078125 0.5631280796875 0.8800422546875 0.5727144859375 0.8647488578125 0.6498646234375001 0.8528367375 0.6853829109375 0.8432013609375 0.7043423515625 0.8488355171874999 0.70596410625 0.8532974640625 0.69907170625 0.8609491484375 0.698799653125
0 0.8740026609375 0.799817215625 0.8820981531250001 0.804837165625 0.8826842562499999 0.8090942421875 0.8888875984375 0.8065762859375001 0.8900513484375001 0.810892046875 0.9021818968750001 0.8121243828125 0.909958959375 0.8024206125 0.9158438703125 0.78517893125 0.9134994531249999 0.7681506234375 0.918354453125 0.7413598593749999 0.926541484375 0.7201545171875 0.9201620109374999 0.7069138234375 0.933556309375 0.6904350171875 0.9342339562499999 0.6684668 0.9314711062500001 0.6587416703125 0.92858288125 0.6584482546875 0.9238532609375 0.6758073 0.9097221015624999 0.6848655625 0.9049501828125001 0.6812326343749999 0.8765032734375 0.6793921109375 0.8608068515625 0.69983458125 0.8632681890624999 0.7032327781250001 0.86716095 0.7004800890625 0.869639203125 0.7122750765625 0.8673709203125 0.7330323187500001 0.8622059500000001 0.7492977546875 0.8625243781249999 0.7640214750000001 0.8714736500000001 0.7628318609375 0.87916763125 0.783551778125 0.8740026609375 0.799817215625
0 0.9543222312499999 0.8929769265624999 0.9535769140625 0.8813579875 0.9492318843750001 0.8746202750000001 0.94674516875 0.8586268921875 0.9477327875 0.847184003125 0.9048193671875 0.8312812296875001 0.8922788468749999 0.8415504671875 0.8950501546874999 0.8554739921875001 0.8846863781250001 0.8712112828125 0.8793706531250001 0.8843132499999999 0.878809925 0.8926513578125 0.8830211171875 0.904622390625 0.9510155765625001 0.899986690625 0.9543222312499999 0.8929769265624999
0 0.7990779703124999 0.8761563609374999 0.7992118046875001 0.8709230359375001 0.8018069796875 0.8690879109375 0.8106308734375001 0.8773300125000001 0.818860203125 0.87711664375 0.829642409375 0.8540761734375 0.8323460421875 0.834412540625 0.8296001140625 0.8330842 0.8215299984375 0.84065943125 0.8047782874999999 0.838957634375 0.806619684375 0.8213051765625 0.8047190734375 0.8095688734375001 0.7792942265625 0.8027884406249999 0.7791688484375 0.8122201578125001 0.782944690625 0.8230975828125 0.7692573359375 0.8374478484375001 0.7656660890625 0.8465274703125001 0.765398415625 0.8569941156249999 0.77332623125 0.8504538109374999 0.775511434375 0.8601202593749999 0.7737954171875 0.868341 0.7654491703125 0.8821844828125001 0.7575128921875 0.8845263921875001 0.758098996875 0.8887834703124999 0.7774712578125 0.901245325 0.7931845984375 0.8891996453125 0.7990779703124999 0.8761563609374999
0 0.7037311625 0.7772725046875 0.708326946875 0.7651467828125 0.7139526453125 0.76257014375 0.7169916265625 0.766027021875 0.7184484265625 0.772471321875 0.7167577875 0.7932872468750001 0.723262640625 0.7970962234375001 0.7293152265625 0.7914147984375 0.7409358046875 0.826175609375 0.7374953109375 0.838418696875 0.7490397546875001 0.8353939546875001 0.7554023125 0.8402378593750001 0.7627609421875 0.8378372671875001 0.76924041875 0.829051059375 0.7696503906250001 0.8175494859375 0.7788842546875 0.8142900140625 0.7801987593749999 0.8217692421875 0.79537675 0.8306568499999999 0.7994033468749999 0.822670840625 0.7992356734375 0.8111105859375 0.77755283125 0.7984139984375 0.7747899828125 0.78868886875 0.774036203125 0.7728715328125 0.7695319625 0.7587719609375 0.77496460625 0.73203988125 0.7550146984375 0.7195193421875 0.750468159375 0.684427796875 0.7367469703125 0.681984484375 0.730375953125 0.6729421875 0.7250348515625 0.6734489703125 0.728793775 0.67592960625 0.7285261000000001 0.68639625 0.722055084375 0.699380853125 0.7176185140625 0.7188684359375 0.7105783125 0.7359927500000001 0.70079218125 0.751788725 0.68406585 0.7626821109375 0.68234983125 0.7709028515624999 0.6842419828125 0.7784407609375 0.6890139015625001 0.782073690625 0.7037311625 0.7772725046875
0 0.681929890625 0.7057983937500001 0.6843489296875 0.68820461875 0.69916619375 0.6613765328125 0.7216943578125 0.66366515625 0.719065346875 0.6487067046874999 0.7328780765625 0.6249247203125 0.72345961875 0.6082271453125 0.7205375578125001 0.59114015625 0.7095200015625001 0.5690332109375 0.6999846265625 0.5659657499999999 0.6932120984375 0.5726234203125 0.6873441062500001 0.5982618875 0.68331750625 0.6062479 0.6814761140625001 0.62390035625 0.669789371875 0.6279600265624999 0.6634521921875 0.6357113062499999 0.6600286171875 0.656351184375 0.6649682109375 0.67154436875 0.662976059375 0.6860333609375 0.6556343453125 0.6968307406250001 0.6586902453125 0.7086844109375 0.6716914921875 0.7121039687499999 0.681929890625 0.7057983937500001
0 0.5339273421875 0.7002073484375 0.5363971375000001 0.7078039390625 0.5410182984375 0.7082734015625001 0.5485192265625 0.7048378828125 0.57878215625 0.6764307625 0.5794936374999999 0.6712561234375001 0.5748470984375 0.658191478125 0.568123815625 0.6176318765625 0.55274469375 0.598492340625 0.5433512359375 0.57628804375 0.53814396875 0.5715615046875 0.5278971125 0.5736686843750001 0.5310783906250001 0.5760906343750001 0.5312460640625 0.587650890625 0.5270940875 0.6050686187500001 0.5230590312500001 0.6088562359374999 0.5265671984375 0.6302003046875 0.5244327515625 0.6457242234375 0.5179871125 0.6713040125 0.5106453984375 0.682101390625 0.5100846734375 0.6904394968750001 0.5150242656249999 0.7056326828125 0.52801705 0.70485384375 0.5339273421875 0.7002073484375
0 0.5557878265625 0.801070221875 0.5615473609375 0.793260259375 0.5704881734375 0.78787225 0.5768930265625001 0.8137081281249999 0.5863199421874999 0.83460409375 0.5997649968750001 0.84331565625 0.615646009375 0.8428302328124999 0.6205348453124999 0.8328330484375 0.6271735359374999 0.831408703125 0.631049378125 0.820259225 0.6301617609375 0.809675215625 0.640818590625 0.7960664625 0.6397717625 0.778120590625 0.634112228125 0.7639036515625001 0.6268789734375 0.7568725265625 0.6040662171875 0.756653759375 0.6017471765625 0.7522206328125 0.5992689234374999 0.740425646875 0.5993689234375 0.7183987468749999 0.6026755796875001 0.7113889796875 0.60323630625 0.7030508734375001 0.594244740625 0.683248515625 0.582390321875 0.6757479296875 0.565814746875 0.6898047828125 0.5504198375 0.7165741859375 0.5517343421875001 0.7240534125 0.55968330625 0.72800909375 0.5654809078125 0.73909190625 0.561772740625 0.761801640625 0.5498606203125 0.7973199281250001 0.542811959375 0.8102458499999999 0.54830381875 0.81290253125 0.5534941671875 0.8092322812500001 0.5557878265625 0.801070221875
0 0.6911767453125 0.9239602265625001 0.7038257265625 0.8958624828125 0.7010797953125001 0.8945341421874999 0.7004767734375 0.881880275 0.6954118046875 0.8761188078125001 0.6998399125 0.8524328296875 0.709919096875 0.8387653953124999 0.72926598125 0.8386320671874999 0.7387675203125 0.8249059484375 0.741488071875 0.8136391078124999 0.73206115625 0.7927431406250001 0.7210943546874999 0.7958265640625 0.7109644187499999 0.78430363125 0.64800955 0.7821056140625 0.642961496875 0.7847409359374999 0.6437237375 0.8047566640625 0.65849175625 0.8251458484375 0.6598062609374999 0.8326250765625 0.6553612328125 0.8479142640624999 0.6507485296875 0.851643196875 0.64878175625 0.8787273734375001 0.6437590828124999 0.8939578812500001 0.6450989671875 0.914032290625 0.6409216140625 0.9188548359375 0.648590215625 0.9269795703125 0.678912359375 0.9279612140625 0.6911767453125 0.9239602265625001
0 0.5393729765625 0.8948965718749999 0.5480291953124999 0.8915784171875 0.5523742234375 0.89831613125 0.551545821875 0.9171208828124999 0.555882390625 0.9196601984375 0.5872752328125 0.8787752609374999 0.589987325 0.8633100234375 0.5642186687499999 0.829210684375 0.54803614375 0.8233691765625 0.5479023062499999 0.8286025 0.54155666875 0.8321553843749999 0.5394137625 0.843480909375 0.5333696359375 0.853360728125 0.5322312640625 0.8616401515625001 0.5381669296875 0.8695888390625001 0.537606203125 0.877926946875 0.5328512062499999 0.8826908078125 0.5298376015625 0.8918291109375 0.5323073968750001 0.8994257031249999 0.5369285578125 0.899895165625 0.5393729765625 0.8948965718749999
0 0.45575671875 0.8853526578125 0.46279692031249997 0.8682283453125 0.47102625 0.8680149734375 0.4756727890625 0.88107961875 0.48536737968750004 0.8915089406250001 0.49645955624999993 0.8789937999999999 0.49975775312500004 0.8677856390625 0.5340895765625 0.852384484375 0.5398406515625 0.8403761265625 0.528772340625 0.7930788140625 0.5232804828125001 0.7904221312499999 0.5085040046875 0.765834553125 0.5040251375 0.7643301640625 0.4981233078125 0.7731750546875 0.49104927031249995 0.773505790625 0.4967003421875 0.783524334375 0.49513508125000005 0.7949085421875 0.48955168281250006 0.8184771546875 0.48207613125000004 0.8345078593749999 0.47328607500000003 0.8430593359375 0.4586688125 0.8258336187499999 0.454483 0.8264577687499999 0.4397911125 0.8438541359375 0.43419079375 0.859025959375 0.4347769 0.8632830374999999 0.44026875624999995 0.8659397203125 0.4449322140625 0.8874011546875 0.45575671875 0.8853526578125
0 0.4437754140625 0.8148761531250001 0.4482373609375 0.8079837515625 0.45195398750000004 0.7894724140625 0.4584334640625 0.78068620625 0.4646452640625 0.78236664375 0.46667971250000007 0.788869625 0.47202927343749995 0.792561234375 0.48284531875000003 0.7863143453125 0.49007011250000004 0.789147075 0.49495048906249994 0.7749514984375 0.4901701125 0.767120175 0.4889809859375 0.75020923125 0.475812065625 0.73522941875 0.47376915625000005 0.7245280421875 0.45782047031250006 0.6914263093749999 0.4484104734375 0.678927128125 0.43874125937499997 0.6810929921875 0.4267783859375 0.6914209109375 0.4179967875 0.704170784375 0.4137025171875 0.7226234390624999 0.413292546875 0.7341250125000001 0.42054271875 0.7495529249999999 0.4323548375 0.736061540625 0.43886814999999996 0.7440689125 0.43156873281249997 0.7758582640625 0.4199158265625 0.7967115125 0.42137262968750006 0.8031558125 0.41604844375 0.8120593843749999 0.41056504531250004 0.813601096875 0.4198242875 0.822936809375 0.4355376265625 0.810891128125 0.4437754140625 0.8148761531250001
0 0.36067063906249996 0.8442114000000001 0.3572132265625 0.8480577 0.3590969171875 0.8513972140625 0.37928912187499997 0.8408559234374999 0.38850606718749997 0.8291996609375 0.39007978906249996 0.8220138484374999 0.4014734765625 0.8158256406250001 0.40985356250000005 0.8187757359375001 0.4188282109375 0.8301813046875001 0.424880796875 0.8244998812500001 0.4278944015625 0.8153615750000001 0.426144546875 0.8067887390624999 0.4167260890625 0.790091165625 0.4008366171875 0.786378196875 0.3847625515625 0.7627081796875 0.37421418281249996 0.758488425 0.3632643015625 0.7699686390625 0.3451488421875 0.808004884375 0.3440189265625 0.8204827015625 0.345182678125 0.8247984609375001 0.360050696875 0.8231607437499999 0.36067063906249996 0.8442114000000001
0 0.342426778125 0.7468640890625 0.3496346546875 0.74130003125 0.36358968125 0.7164831203124999 0.3878169421875 0.7021542140625 0.3902782796875 0.7055524109375 0.3907390046875 0.7192412046875 0.3947909796875 0.7238503781250001 0.4122372546875 0.711980746875 0.41396173281250004 0.7079583984375 0.41120734375 0.7024316625 0.412194959375 0.6909887734375 0.42099347343750004 0.686635690625 0.42731373437500003 0.670487621875 0.42483547968749996 0.658692634375 0.41429556874999995 0.658671275 0.4130979828125 0.6375619343750001 0.3967731609375 0.6327553546875 0.3757595046875 0.59389215625 0.364767328125 0.58438039375 0.355960353125 0.584535084375 0.345161228125 0.5991787625 0.3507996125 0.602899715625 0.359644653125 0.6216378015624999 0.35593648437500003 0.644347534375 0.3523452375 0.65342715625 0.3359204140625 0.670647478125 0.33654035625 0.6916981328125 0.325163584375 0.7062831296875001 0.325490475 0.7252052484375 0.3281194859375 0.7401637 0.3331844546875 0.7459251671875 0.342426778125 0.7468640890625
0 0.2611485765625 0.852372878125 0.2709685484375 0.853370484375 0.2913030453125 0.841794265625 0.2986278421875 0.8226000953125 0.28835560781249997 0.8121120890625001 0.28704110312500003 0.8046328624999999 0.29049851250000003 0.8007865640625 0.27154468125000003 0.78102153125 0.2669235203125 0.7805520687499999 0.252951575 0.7969721921875 0.2549775640625 0.7992767781250001 0.2536968953125 0.8085911296875 0.2384358234375 0.8301272093750001 0.23600832187499998 0.843522590625 0.23977570468749998 0.8502016203125 0.2539153234375 0.845341753125 0.2611485765625 0.852372878125
0 0.21874754687500003 0.5175094796875 0.2268092015625 0.5057358546875 0.245000796875 0.5054851593749999 0.25102800468750003 0.4872085515625 0.255933759375 0.485608159375 0.2659214015625 0.49816601875 0.2806555828125 0.501761625 0.2786718921875 0.5204490093749999 0.2808740125 0.538512246875 0.2824731125 0.5439216171875 0.29114625 0.5490002515625 0.30354870312500004 0.541865140625 0.311489209375 0.5416224281249999 0.318814003125 0.522428259375 0.35959146406250003 0.481447315625 0.3608805921875 0.47633135937500004 0.3588376875 0.46562998125000005 0.3513198390625 0.46066871249999997 0.3326971265625 0.46192499218750005 0.2717048015625 0.430543603125 0.248390534375 0.4680517046875 0.2279137375 0.48066285000000003 0.2215596390625 0.480017340625 0.21925751718750003 0.4839810046875 0.212317315625 0.47907841875 0.199366825 0.5008492296875 0.20948830468750002 0.5081737671875 0.215717025 0.5182509937499999 0.21874754687500003 0.5175094796875