0 0 0.2640918796875 0.0046070421875 0.2581408796875 0.0161729390625 0.258754340625 0.027293028125 0.28255264375 0.030230195312500003 0.29982260625 0.054778960937499996 0.3194076296875 0.0617687390625 0.312181346875 0.074557003125 0.316365959375 0.0827088453125 0.3006859703125 0.090488871875 0.298928046875 0.0955418765625 0.305791278125 0.0999097046875 0.320131709375 0.113875575 0.3269667796875 0.1225509234375 0.3436227765625 0.12746963125 0.3477239203125 0.1335951671875 0.3442920515625 0.14182285625 0.3517410890625 0.1628680328125 0.35319126875 0.167755659375 0.33508408125 0.1747454359375 0.3278577984375 0.1757128953125 0.3046171390625 0.17443021718750001 0.2890211234375 0.16433974843750002 0.28639882499999997 0.15566439999999998 0.2697428296875 0.14444109375 0.26539077031249997 0.1372567109375 0.2578301015625 0.1331867046875 0.238830378125 0.12870011875 0.2328320265625 0.123318209375 0.2084197578125 0.1254788140625 0.198933721875 0.13378049375 0.1971199859375 0.13956344062499998 0.197426715625 0.142440303125 0.20267181406249998 0.17518567499999999 0.20749754375 0.1759000765625 0.189836875 0.1715770171875 0.17641714375 0.1660918921875 0.1714511171875 0.1564490828125 0.1780357796875 0.120961146875 0.1707270375 0.0818800921875 0.1434420609375 0.0758888546875 0.14963601875000002 0.06727566874999999 0.1773966890625 0.058170053124999996 0.1950297015625 0.051910217187499996 0.1956994828125 0.040062040625 0.210849484375 0.0349505859375 0.22435319374999999 0.028959348437499997 0.2305471484375 0.030136951562499997 0.23319760625 0.02775251875 0.23808016250000003 0.0191082484375 0.2436324984375 0.0033243656250000002 0.2425448625 0 0.2462302046875 0 0.2640918796875
0 0.304868796875 0.027544395312499997 0.242270453125 0.034242206250000004 0.2310645421875 0.0733861171875 0.2228679359375 0.0881454109375 0.21252441093750002 0.0911031046875 0.20449132812499998 0.09844101875 0.19972246093749998 0.108206128125 0.1931200375 0.1126145078125 0.1758899515625 0.10335223906249999 0.1723279140625 0.10558433593750001 0.17012254375 0.1141496765625 0.1706597390625 0.125198028125 0.1769798796875 0.13655310781250002 0.1804834640625 0.15468795156249998 0.1887559203125 0.16305768437499998 0.20941374375000002 0.1673257671875 0.2247499671875 0.15920644374999998 0.232901809375 0.143526453125 0.24254647187499997 0.16933359375 0.2568549296875 0.1724300671875 0.264218378125 0.18367351875 0.26849667187500004 0.19617255625000002 0.284936509375 0.199966465625 0.2934017125 0.19073134375 0.3221666125 0.17839873906249998 0.327353915625 0.188024059375 0.3389490359375 0.17845404843749998 0.3452244109375 0.1888884359375 0.35096259375 0.1882744703125 0.35568669375 0.1775886625 0.35347946874999997 0.1537621984375 0.3596186890625 0.1290426921875 0.36800990312500004 0.12907034687500002 0.37675924375 0.1364635703125 0.3799631515625 0.1268659046875 0.3803349671875 0.112943834375 0.386460503125 0.1095119671875 0.3866687921875 0.103011278125 0.3820479078125 0.094250840625 0.37036325625 0.101979459375 0.3662640234375 0.09316320624999999 0.3636557609375 0.09344228125000001 0.3557122078125 0.1026215859375 0.349497140625 0.1042120625 0.33061256562499997 0.09327584531250001 0.327079753125 0.085324475 0.3297620078125 0.0757826234375 0.32557324374999996 0.065124978125 0.3239032125 0.0523468640625 0.3096239796875 0.039066921875 0.304868796875 0.027544395312499997
0 0.4388954390625 0.21732173906250002 0.43448469999999995 0.23445241718749998 0.414782503125 0.2606231140625 0.40861220156250005 0.2631342859375 0.39917953906250003 0.295610065625 0.3994033703125 0.3002135453125 0.409986265625 0.3129634984375 0.40952492031250004 0.325044175 0.4047112859375 0.333888590625 0.405949196875 0.3485639109375 0.41204550624999997 0.3553155125 0.43622060312500005 0.3564308015625 0.44640060468750004 0.360894490625 0.45121423906249997 0.3520500765625 0.4603801578125 0.34644192500000004 0.4584123046875 0.3383231078125 0.45948483749999997 0.32802800625 0.4777426875 0.32607447968750003 0.48953241406250003 0.33129141875 0.4978944 0.3415025453125 0.5077025875000001 0.35988830312500003 0.510460690625 0.37347548124999996 0.5131584874999999 0.375037796875 0.5181511859375 0.3698761671875 0.5193132484375 0.361422459375 0.5164363890625 0.3561773578125 0.5153775406250001 0.345184821875 0.5088043437499999 0.33940973125 0.50656789375 0.3257667375 0.5175518296875 0.3144111515625 0.5264199281249999 0.3134622953125 0.529668603125 0.304785325 0.5302934734375 0.2852832640625 0.5245397515625 0.274793065625 0.51653589375 0.27194750624999997 0.5131081546875 0.276941690625 0.5063714328125 0.278587984375 0.49671308593749997 0.274068478125 0.4878294453125 0.26391316875 0.48070351406249995 0.23598556093749998 0.47544222031250005 0.23562301562500002 0.462533340625 0.2073886765625 0.45235334062500004 0.2029249890625 0.4429635890625 0.20392965937500002 0.43849254374999996 0.2090354765625 0.4388954390625 0.21732173906250002
0 0.2642989875 0.379453259375 0.25587855 0.38960907499999997 0.2569821625 0.40152230468749994 0.2549558578125 0.41377042968750005 0.262229771875 0.42317248906250005 0.26975674375 0.4269945578125 0.2732447890625 0.43402523437499996 0.274511925 0.43851708437500003 0.2708758953125 0.45001195625 0.2730228140625 0.4618135578125 0.2871074421875 0.46030655 0.2978986265625 0.46655581718750005 0.3068407171875 0.4563441859375 0.3331919578125 0.459077609375 0.336306334375 0.44763855 0.3363355609375 0.43745508125 0.3428932171875 0.43212600468750006 0.34663431875 0.433576690625 0.352746171875 0.451432459375 0.35691939375000004 0.45098593906250006 0.3675899671875 0.43318547812499997 0.3692736828125 0.42467595625000004 0.36991409375 0.4162780625 0.36550150000000003 0.4010169375 0.3609253828125 0.39317719218749997 0.35010496875 0.397111396875 0.34362130468749996 0.3931776984375 0.32556988750000004 0.3562387375 0.32373633281249997 0.3508820078125 0.3261655328125 0.346920146875 0.2785142015625 0.31592473125 0.26916921718750003 0.31785009999999997 0.26240326875000003 0.32967986250000003 0.2609141578125 0.3529763375 0.2674581296875 0.36893489687500003 0.2642989875 0.379453259375
0 0.5751611859375 0.37765857812500003 0.5724789312499999 0.38720042656250003 0.577442403125 0.39222226718750003 0.57550563125 0.40631178125 0.563344090625 0.41501691249999995 0.5581431015625 0.426679228125 0.5575629984375 0.447101984375 0.56149870625 0.463339621875 0.5653293390624999 0.46663170000000004 0.5673264203125 0.46456704687499994 0.581695184375 0.4796883828125 0.60151799375 0.47756740937500003 0.6044085390625 0.46152487343750004 0.6031998546875 0.4366660828125 0.6213973968750001 0.4226876921875 0.6306236265625 0.42910440312500003 0.647139309375 0.45602734062500005 0.655127625 0.44776873124999994 0.6492980562499999 0.41414950156249997 0.632589625 0.4048314171875 0.622543921875 0.4031298171875 0.613302153125 0.3856089390625 0.61303355625 0.38008476406249997 0.6165508281250001 0.37693196875 0.6160584015625 0.3668043140625 0.6194861406250001 0.3618101296875 0.5993344281249999 0.34638206562499996 0.586248340625 0.3468567453125 0.578260021875 0.3551153546875 0.572805978125 0.3723576625 0.5751611859375 0.37765857812500003
0 0.6913972296875001 0.050556556249999995 0.681261996875 0.0470135625 0.6699646968749999 0.051924278125 0.66653695625 0.0569184625 0.6639442328125 0.06830170468749999 0.664734484375 0.073770065625 0.6535577984375001 0.1027305046875 0.642394796875 0.1104033078125 0.6428132328125 0.1297937390625 0.6528900171875 0.153703671875 0.649596575 0.161459946875 0.6415187265625 0.1678771640625 0.6290438234375 0.1701374203125 0.6272705765625 0.176805553125 0.6217562234375 0.1820229984375 0.6232024265625 0.19019763125 0.630908459375 0.1977024859375 0.64295124375 0.19733943437499998 0.6537268875 0.192484534375 0.6645628421875001 0.19965449531249999 0.6655476953125 0.21990980468750002 0.6715992390625 0.2257407125 0.6742230453125 0.2365658015625 0.6728526890625 0.2515201984375 0.679470653125 0.2582159859375 0.683540659375 0.277215709375 0.6858063375000001 0.28067523125 0.6962841578125001 0.2804796265625 0.70251476875 0.2899933171875 0.70667245 0.2784426296875 0.7117099140625001 0.2742016953125 0.716971209375 0.274564240625 0.721413028125 0.27964189375 0.7252281234375 0.2718298078125 0.729027678125 0.252913553125 0.7320680625 0.25073726875 0.7365546484375 0.256735621875 0.7423220546875 0.24593818281250002 0.7402646703125 0.235977975 0.73704521875 0.234471471875 0.73237956875 0.22479033906249998 0.73410805 0.217201509375 0.74291584375 0.204227790625 0.743466721875 0.19398850625 0.7405898609375 0.1887434046875 0.7347173812500001 0.186595284375 0.7307213671875 0.158332784375 0.71153896875 0.1520558640625 0.7055906421875 0.1267787125 0.7033386515625 0.10203155312500001 0.6903694640625 0.06177235156250001 0.6913972296875001 0.050556556249999995
0 0.4277883359375 0.420266059375 0.4223187515625 0.4264042 0.4182661421875 0.45090044531249995 0.4026476375 0.4747832296875 0.403005765625 0.48214879687499995 0.40018921250000006 0.488928559375 0.3928413046875 0.4887892765625 0.3884442515625 0.48463231718750005 0.381454475 0.4918585984375 0.3828111421875 0.4981918421875 0.3921269015625 0.5064499437500001 0.3936178703125 0.5155452734375 0.40087624218749995 0.513843165625 0.41005770625000004 0.5193391796875 0.41466305 0.5169954546875 0.417479603125 0.5102156921875001 0.422651365625 0.5087368453125001 0.42285965625 0.5022361578125001 0.4321073390625 0.492917315625 0.44202651406250004 0.49740891249999997 0.442400184375 0.5158786453124999 0.44654418125 0.5256155953125 0.44395145625000004 0.5369988375 0.45083801718750005 0.5492188 0.46335768593750004 0.5478792390625 0.474863275 0.5364678359374999 0.4790657234375 0.52583784375 0.47770905468749997 0.519504603125 0.47065897031250004 0.514706025 0.46964488906249996 0.5046341828124999 0.4732809203125 0.49313931093749996 0.47650037031250003 0.49464581250000006 0.4803602296875 0.4877544203125 0.480091634375 0.4822302453125 0.4643817390625 0.471879834375 0.4575399453125 0.46058056875000003 0.4598348484375 0.453856621875 0.4658708515625 0.44858336093749995 0.46499106875 0.44127360781249997 0.43878781250000004 0.4200146375 0.4277883359375 0.420266059375
0 0.41632310625 0.6158448109375 0.40951239375000004 0.6267538781249999 0.40407203281250004 0.622708546875 0.3930725578125 0.6229599703125 0.3885859703125 0.6169616171875 0.3802395265625 0.6178546578125 0.411793609375 0.64131756875 0.4221371359375 0.6383598734375 0.42393960937499997 0.621508271875 0.43070555625000007 0.609678509375 0.450275309375 0.6131375265625 0.4585322234375 0.61040309375 0.46617609687500006 0.57349128125 0.46425300781249995 0.5662931578125 0.4554744421875 0.5690834046875 0.446337746875 0.5645080874999999 0.44010713749999997 0.5549943953125 0.42332471250000003 0.5549390875 0.41196710625 0.547824940625 0.4077938859375 0.5482714609375 0.40284595312500004 0.5543537875 0.3964984421875 0.5855739796874999 0.39894318281249996 0.5927162874999999 0.4150404296875 0.6002487953125 0.4175299359375 0.6083117984374999 0.41632310625 0.6158448109375
0 0.1944223203125 0.5599956640625 0.16777696875 0.62670514375 0.15817892656250002 0.634210503125 0.161011021875 0.63853490625 0.18157931562500002 0.6409615984375 0.1891355109375 0.63460019375 0.1939783703125 0.615572309375 0.21056619062499998 0.6008406703125 0.2176162734375 0.6056392484375 0.22159674687500003 0.6227975812500001 0.23165799062499998 0.63560335 0.24130079843750002 0.6290186875 0.2470234390625 0.6173005546875 0.2473797109375 0.59227431875 0.2434887703125 0.576957378125 0.25047855 0.5697310953125 0.261865378125 0.566661771875 0.2578246 0.537478578125 0.253635834375 0.52682093125 0.250550684375 0.5280765171875 0.2454839953125 0.5425009234375 0.238792040625 0.5450679093749999 0.2192515125 0.5314254218750001 0.2050325859375 0.530170340625 0.19522625625 0.5441763875000001 0.19297611875 0.5518210296875 0.1944223203125 0.5599956640625
0 0.13618252656250002 0.4190748859375 0.1246769375 0.43048628750000006 0.120503715625 0.4309328078125 0.1285075734375 0.433778365625 0.1302963625 0.4382144 0.140982475 0.4315181078125 0.148256390625 0.44092016718749993 0.1461853171875 0.45224759375 0.1367215765625 0.4625150390625 0.12988163749999998 0.4836075765625 0.123621803125 0.4842773578125 0.118673871875 0.490359684375 0.121252909375 0.5002640781250001 0.12895894531250002 0.5077689328125 0.135606134375 0.5042812484375 0.14308833906250001 0.5071826203125 0.1472771015625 0.5178402656250001 0.15306005 0.5181469953125 0.1592166671875 0.536923459375 0.16374801875 0.5438425078125 0.1753879046875 0.53519319375 0.18219861875 0.5242841265625 0.1879368015625 0.5236701609375001 0.1936439 0.5008478625 0.1995903734375 0.49373320937500004 0.20228816875 0.49529552656250003 0.2055231578125 0.50790619375 0.21716304531250002 0.4992568796875 0.2204564859375 0.4915006078125 0.219964059375 0.4813729515625 0.2159543609375 0.4743980875 0.21331501562500002 0.45246883125000004 0.2100508 0.45004163437500005 0.21177928124999998 0.44245280625000005 0.210288315625 0.4333574765625 0.2017180375 0.4296470390625 0.201583740625 0.4268849515625 0.184011065625 0.42136127968750003 0.1562428515625 0.40026975625 0.147150921875 0.39661513125000003 0.1414575078125 0.3981497921875 0.13764241093750001 0.40596188125 0.13618252656250002 0.4190748859375
0 0.0082259859375 0.5590464828124999 0.0169305625 0.5655190078125 0.017288690625 0.5728845765624999 0.013816184375000002 0.5769580640624999 0.019077479687500003 0.5773206109375 0.0241752515625 0.5851045375 0.031001504687499997 0.5852996375 0.04297029375 0.5941993609375 0.0447590828125 0.5986353953125 0.0557877859375 0.588200503125 0.0707521953125 0.59400325 0.08255560625 0.5779325531249999 0.0969380546875 0.5717662515625 0.10720758906250001 0.57807133125 0.1074003375 0.5604664781250001 0.11543342187500001 0.553128565625 0.08550274687500001 0.5091312718750001 0.08565072968750001 0.4906057234375 0.050579375 0.47029560937500003 0.04241199375 0.47487143437499996 0.04424555 0.4802281640625 0.0403856890625 0.48711955625 0.03815109375 0.505868365625 0.030565671875 0.5224132375 0.0173316015625 0.54141346875 0.0081656796875 0.54702161875 0.006347665625 0.5527690546875 0.0082259859375 0.5590464828124999
0 0.6675303921875 0.48716305000000004 0.665383475 0.47536145 0.6750107421875 0.4576726203125 0.671045809375 0.45161845468750006 0.66696211875 0.4539063671875 0.6577806578125001 0.4484103515625 0.6544269093749999 0.4441417625 0.6547247296875 0.43948246874999997 0.6427267156250001 0.4407662140625 0.6458584875 0.47282312812500005 0.6418798703124999 0.4880565984375 0.6429834828125001 0.49996983124999994 0.63574065 0.5127761046875 0.6318963296875 0.5307716625000001 0.6229990062499999 0.5419039890625 0.6248773265625001 0.548181415625 0.6303916765625 0.542963971875 0.6362641578125 0.5451120921875 0.6574181203125 0.6242914390625 0.656553878125 0.628085853125 0.661785946875 0.63863186875 0.661503665625 0.654395328125 0.6568690968750001 0.666922528125 0.6673176953125 0.6769103921874999 0.669925959375 0.6766313171875 0.67508218125 0.664048303125 0.6810734187499999 0.657854346875 0.7014781890624999 0.6677024203124999 0.7117906328125 0.6425363953125001 0.7113274296875 0.6222252687500001 0.7073177312500001 0.61525040625 0.7062588843750001 0.6042578703125 0.7012954125 0.59923603125 0.6969275828125 0.5848956015625 0.702381628125 0.5676532921875 0.6935427546875 0.5584186796874999 0.69479435 0.5518063625 0.7030064984375 0.548151234375 0.7032147890625 0.5416505468749999 0.6919759421875 0.5261943203125 0.6847312515625 0.506608790625 0.6738953000000001 0.4994388296875 0.6675303921875 0.48716305000000004
0 0.506687809375 0.597846721875 0.5367646125000001 0.590926665625 0.547450725 0.584230371875 0.5558419390625 0.5842580265625 0.5589270890625 0.5830024390624999 0.5695528953125 0.5642812859374999 0.5743820703125 0.5665410375000001 0.5770040187500001 0.544974325 0.568702340625 0.5467880640625 0.5568678484375 0.5406504265625001 0.5405312296875 0.5174102734375 0.5274743671875 0.507701484375 0.5201264609375 0.5075621984375001 0.5133605140624999 0.5193919625000001 0.5137049578124999 0.5480451671875 0.5014246609375 0.5650923734375 0.5015744984375 0.5789586296875 0.4965525765625 0.5943037296875 0.50112869375 0.6021434734375 0.5047802640625 0.6017527671875 0.506687809375 0.597846721875
0 0.56064003125 0.5643094468750001 0.561698878125 0.5753019828125 0.55363656875 0.5928233656249999 0.5557834859375 0.6046249671874999 0.5545318906250001 0.611237284375 0.5496287265625 0.6182403062499999 0.5448443171874999 0.61690125 0.5332939624999999 0.62739195625 0.5376170234375001 0.640811690625 0.543281215625 0.6494605 0.57365769375 0.67027295 0.577324803125 0.680986409375 0.5895174265625001 0.6944896140625 0.595210840625 0.6929549515625 0.601932021875 0.6802044953124999 0.618103259375 0.6784742265625 0.6187884375 0.6709970296875001 0.6106950484375 0.666310078125 0.6044644375 0.6567963890625 0.601930165625 0.647812690625 0.6046124234375 0.638270840625 0.6101715390625 0.6339740921875 0.609947709375 0.6293706109375 0.594237815625 0.6190202015625 0.5840870406249999 0.6043730421875 0.58271483125 0.586935634375 0.5867537546875 0.5837270250000001 0.5700297828124999 0.563304775 0.5657222625 0.5609892078125001 0.56064003125 0.5643094468750001
0 0.3004888 0.6708110328125 0.2983729609375 0.6812177625 0.30499092499999997 0.68791355 0.3137247265625 0.6842026046874999 0.3250823328125 0.691316753125 0.3520429015625 0.663443946875 0.3583922671875 0.6646155593749999 0.36277378125 0.6576683515624999 0.361714934375 0.646675815625 0.3521013515625 0.64307700625 0.344782671875 0.6327542515625 0.3398036578125 0.6166282453124999 0.3411740125 0.60167385 0.32398869218750004 0.5933322765625 0.31777362343750004 0.594922753125 0.31379500625 0.610156225 0.3068052296875 0.61738250625 0.302304959375 0.6326717937499999 0.2914397796875 0.6356853015625 0.28953223281249996 0.6395913453125 0.2935127078125 0.6567496765625 0.3004888 0.6708110328125
0 0.252971765625 0.64257770625 0.24994692187499998 0.6558581546875 0.250916234375 0.6650093 0.27831078125 0.667631090625 0.2842124875 0.6595957421875001 0.2851351796875 0.6354343859375 0.281989721875 0.6246651109375 0.2561601359375 0.621875875 0.2515995578125 0.625140296875 0.252971765625 0.64257770625
0 0.294291125 0.7158974796875001 0.302608346875 0.725187909375 0.3092555359375 0.721700225 0.3084652859375 0.716231865625 0.30180255625 0.70861538125 0.3020848390625 0.6928519203125 0.299342275 0.6903689078124999 0.300116984375 0.6847331015625 0.2978960765625 0.682194275 0.2778649765625 0.690815934375 0.2754805421875 0.6956984890625 0.2760177359375 0.7067468406249999 0.27329071250000003 0.7153679953125 0.27457339062499997 0.7309640109375 0.28722735625 0.7323865359374999 0.289551484375 0.7154791203124999 0.294291125 0.7158974796875001
0 0.8356257828125001 0.27760186249999996 0.816414159375 0.28150841249999997 0.811927571875 0.2755100625 0.8097358890624999 0.2627877640625 0.797737871875 0.2640715109375 0.787154975 0.251321559375 0.77542555625 0.25812948125 0.76722895 0.27288877500000003 0.7599121234374999 0.294957825 0.7623276390625 0.3122836015625 0.7480794875 0.32121199218749996 0.7463510062500001 0.32880081875 0.7486322234375 0.343364509375 0.7474253921875 0.35089752343749997 0.7337436609375 0.36069079375 0.7277679625 0.3779889171875 0.737188796875 0.3991925765625 0.750930834375 0.40142416875000003 0.7622728999999999 0.3974341484375 0.7640324625 0.4120536546875 0.767430975 0.417242940625 0.77299009375 0.41294619062500004 0.783214859375 0.418330575 0.7846610625 0.42650520937499997 0.79396128125 0.42365914374999997 0.7993568734375 0.4267837796875 0.8013539546875 0.4247191265625 0.8005637046875 0.419250765625 0.8048109171875 0.4095414703125 0.8069559796875 0.3889512703125 0.810159890625 0.3793536046875 0.8222922046875001 0.38083194531250003 0.8281939093749999 0.3727965953125 0.8278805468750001 0.366351725 0.815524403125 0.36026990312499996 0.8118572921875 0.34955644218750004 0.8040617250000001 0.3402102 0.7980394046875 0.32419582187499996 0.7951470031250001 0.30784655625 0.799915871875 0.29808144375 0.8181152703125001 0.31649485781250003 0.8327663171875 0.31585273125 0.8368792328125 0.30338135 0.8365211046875001 0.29601578125 0.8388160062500001 0.2892918328125 0.837414571875 0.282037896875 0.8356257828125001 0.27760186249999996
0 0.7737392875 0.48227746250000003 0.777854059375 0.5021978828125 0.782728 0.5053783296875001 0.7883318828125 0.5020022749999999 0.7917751640625 0.5081122578125 0.7918802359375 0.5210578171875 0.78095660625 0.544438265625 0.78773809375 0.5437126703125 0.789079221875 0.5389417453124999 0.7946383390625 0.5346449953125 0.8002266828125 0.520164775 0.807977484375 0.5285903234375 0.8088124984375 0.53497938125 0.8152961640624999 0.5389130796875 0.817740903125 0.5460553859374999 0.8230022 0.5464179296875 0.827488784375 0.55241628125 0.83309266875 0.549040228125 0.833493709375 0.5249346890625 0.8430022171875 0.5155879390625 0.844804690625 0.4987363359375 0.8559384671875 0.5012470015625 0.863346678125 0.51341115 0.8737194296874999 0.5002699859375 0.877608515625 0.48319512343750004 0.8763706046875 0.46851980312499997 0.8591697453125 0.4490740640625 0.8550705140625 0.440257809375 0.8425800718750001 0.4314139015625 0.839092025 0.424383225 0.8392555500000001 0.41696184062499997 0.8329354062500001 0.4056067609375 0.8180157640625 0.4007247109375 0.8064206421875 0.410294721875 0.789745146875 0.4555767734375 0.7778814296875 0.45962260781250003 0.7680303328125 0.4727079578125 0.7683436953125 0.479152828125 0.7737392875 0.48227746250000003
0 0.9501978234375 0.5633494640625 0.9411935703125 0.5291444281250001 0.9434884718750001 0.52242048125 0.950135659375 0.5189327968749999 0.9580947515625 0.5208576593750001 0.9530417468750001 0.513994425 0.9495244749999999 0.5171472203125 0.9444938531249999 0.5107443359375 0.9433230921875 0.49745005937500003 0.9468248234375001 0.4831931 0.9399090390625 0.48115660625 0.9310857046875001 0.48302615937500004 0.8997902421875 0.551158671875 0.8922203625 0.5788077109375 0.9060674734375 0.5939848609375 0.9135496796875 0.596886234375 0.9171857078125001 0.5853913609375 0.9255769218750001 0.585419015625 0.932700996875 0.580954821875 0.9405705546875 0.581038290625 0.9568468671874999 0.5922535812499999 0.957248028125 0.5919664328125 0.9584218218749999 0.576120209375 0.9576060359375 0.5755136109375 0.9501978234375 0.5633494640625
0 0.7697077859375 0.6150532828124999 0.7710799953125 0.6324906921875 0.762361734375 0.6473058015625 0.779323225 0.651043896875 0.79382443125 0.636535515625 0.801217103125 0.6375954953125 0.8056589234375 0.64267315 0.8139158359374999 0.6399387171875001 0.8162555046875 0.6341354671875 0.814466715625 0.6296994312499999 0.8203528796875 0.6105599171875 0.82858056875 0.618008953125 0.8355703453125001 0.6107826703125 0.8352122171874999 0.603417103125 0.8273563421875 0.582045996875 0.8134800046875 0.5770523187500001 0.8051627859374999 0.5677618875 0.800183771875 0.5516358828125 0.7937448734375 0.5486228796875 0.7852349015625 0.556937303125 0.7809876874999999 0.5666465984375 0.78073463125 0.5722265906249999 0.783656259375 0.5783923859375 0.7830158468749999 0.5867902796875 0.7782022140625 0.5956346921875 0.7715997906250001 0.6000430734375 0.7697077859375 0.6150532828124999
0 0.0840805625 0.7494951234375 0.1026206921875 0.7317781328125 0.10191997500000001 0.728151165625 0.0900407171875 0.721092834375 0.0875512109375 0.71302983125 0.09039699062499999 0.6960665984375 0.088563434375 0.6907098671874999 0.06938103749999999 0.684432946875 0.06391145312499999 0.6905710875 0.0600223671875 0.7076459515625 0.06021697031249999 0.7224329015625 0.0660602265625 0.73476449375 0.0646295671875 0.7376940265624999 0.0679833140625 0.7419626171875 0.0728494828125 0.73959098125 0.0840805625 0.7494951234375
0 0.10629963281249999 0.6888121546875 0.1093710984375 0.70884420625 0.136308009375 0.78833028125 0.1421804890625 0.7904784046875 0.1556091671875 0.7862651234375 0.15411819843750002 0.77716979375 0.1558466828125 0.769580965625 0.15118103125 0.7598998328125 0.159525621875 0.7266149875 0.16535333593749998 0.7278424125 0.15402495624999998 0.7105447953125 0.153801125 0.705941315625 0.15956853124999998 0.6951438796875 0.15925516875 0.6886990078124999 0.15119100624999998 0.6738285875 0.14683871875 0.670592325 0.1337078640625 0.670146309375 0.11391428125 0.6620838124999999 0.10629963281249999 0.6888121546875
0 0.119944021875 0.8076654015625 0.122939640625 0.8045684234375001 0.12600925000000002 0.7922086703125 0.11898839218749999 0.7772266203125 0.12283271250000001 0.7592310609374999 0.120000615625 0.75490665625 0.0926060703125 0.7522848671875 0.08358998906250001 0.7717592718749999 0.0754673734375 0.7772557921875001 0.0773904609375 0.7844539140625 0.08213010312499999 0.784872275 0.0950663515625 0.7705313390625 0.09833056875 0.7729585359375 0.10047748593750001 0.7847601390625 0.1125513484375 0.8066054203125 0.119944021875 0.8076654015625
0 0.0349556578125 0.7529003484375 0.037326407812500004 0.7693054312500001 0.036835834375 0.7915695796875 0.051381809375 0.77798189375 0.055718556249999995 0.7701139921875 0.055747781249999996 0.759930521875 0.06047188437499999 0.7492447140625 0.061678714062499994 0.7417117015625 0.05950256875 0.7400935703125 0.03818879375 0.7331192140625 0.0349556578125 0.7529003484375