0 0.71516555 0.7115995296875 0.7277038874999999 0.71323789375 0.7319616140625 0.709666928125 0.743929759375 0.707063396875 0.7691594937499999 0.7044296125 0.774354296875 0.7007807374999999 0.7776141796875 0.6897864593749999 0.7864147296875 0.6847654734375 0.790316084375 0.6785433265624999 0.7826161734375 0.6706049046875 0.7681324125 0.668592125 0.754503940625 0.6729421828125 0.7468542874999999 0.67947596875 0.72740005625 0.6757317875 0.6977700453125 0.6808760671874999 0.6894181578125 0.6751365 0.6851604328125 0.678707465625 0.665920021875 0.6765539953124999 0.6718778249999999 0.6926796921875 0.689793265625 0.71317284375 0.694692459375 0.71437400625 0.71516555 0.7115995296875
0 0.7185807718749999 0.6453676125000001 0.7274420875 0.6478478484375 0.7389008046875001 0.648503646875 0.7523867265625 0.6430931171875 0.7509612390625 0.6324883859375 0.725253596875 0.617468546875 0.7093233328124999 0.618793003125 0.7052899375 0.6169836937500001 0.6853975515624999 0.6170290781250001 0.676597003125 0.6220500625 0.6768715921874999 0.63114199375 0.6881772515625 0.6377083046875 0.7089354390625 0.6370547734375 0.7185807718749999 0.6453676125000001
0 0.621980321875 0.6598330109375 0.6205548359375 0.64922828125 0.5973020453125 0.63132353125 0.5915370515625 0.6307305140625 0.5797827296875 0.634924753125 0.5748730265625001 0.640694575 0.5780301125 0.6500830140625 0.597901484375 0.6639796 0.608565675 0.66577378125 0.621980321875 0.6598330109375
0 0.50683941875 0.7337454203125 0.5044978734375001 0.7092766296875 0.4996699515625 0.708605703125 0.4942718359375 0.7036928828125 0.48302694218750003 0.7046277937500001 0.4622079890625 0.697780103125 0.45289801250000006 0.706060415625 0.44893589062499994 0.70478134375 0.44510581250000003 0.711533728125 0.4493822734375 0.743347921875 0.457092690625 0.744315359375 0.48325950000000006 0.7416036625 0.50683941875 0.7337454203125
0 0.3598005140625 0.7395364234375 0.367215328125 0.745353896875 0.3905709140625 0.7428759312500001 0.41285738437499997 0.7324444125 0.43140606718749996 0.71535355 0.42990930625 0.7042185828124999 0.42054906875000003 0.6980266890625 0.42574386875 0.6943778140625 0.4251024 0.6896056875000001 0.41919485625 0.6879521953125 0.3500651703125 0.6953081890624999 0.3431387703125 0.7001733531250001 0.34662070625 0.73312593125 0.3504297703125 0.7403155156250001 0.35302716875 0.7384910765625 0.3598005140625 0.7395364234375
0 0.269596021875 0.7663379546875 0.2764406390625 0.7679135359375 0.2744847078125 0.774510103125 0.291565871875 0.7746984453125 0.315644709375 0.770551859375 0.3200449828125 0.7680413671874999 0.32970082500000003 0.769383221875 0.34253476875 0.766171546875 0.345132171875 0.7643471078124999 0.3408954609375 0.7539761046875 0.343645915625 0.7462411546875 0.34180329062500003 0.72548401875 0.334124396875 0.7036036296875 0.3022638671875 0.70625254375 0.2866899734375 0.710228184375 0.28178026875 0.7159980046875 0.271543725 0.71738524375 0.2684368953125 0.7224690093749999 0.2728979375 0.7274597375 0.2607767359375 0.7359737796875 0.261478971875 0.7482471296875 0.277541278125 0.7549541296875 0.275656621875 0.7620809328125 0.269596021875 0.7663379546875
0 0.2089922953125 0.7595810328125 0.2131682390625 0.7624508140625 0.22016591562499999 0.7581158859375 0.23689070625 0.7556530453125 0.23985498593750001 0.7495088062499999 0.23572107187500002 0.718755084375 0.23219710624999998 0.7136864484375 0.2149733953125 0.7124376296875 0.1868611625 0.7147749078125 0.1747504703125 0.7163179656249999 0.16962694218750002 0.7204970765625001 0.1601849234375 0.7207459328125 0.16009263437500001 0.7341576640625 0.1503445015625 0.74622754375 0.150690365625 0.7558497109375 0.16070257968749999 0.7598427484375 0.192634384375 0.75772406875 0.2089922953125 0.7595810328125
0 0.13000573437500001 0.707706346875 0.1379299765625 0.7102644921875 0.1483090671875 0.709937728125 0.1691490390625 0.70284345 0.174903525 0.710407453125 0.18708549375 0.7093946328125 0.1896116203125 0.7070399593750001 0.2043909859375 0.7042027015625 0.2151264515625 0.70652711875 0.22162520625 0.698480534375 0.21730671250000003 0.6945502765625 0.22279711875000002 0.6860513640625 0.2297947953125 0.681716434375 0.2291638328125 0.6699733203125 0.2213318828125 0.6540034421875001 0.2234408703125 0.6414963625000001 0.21011851250000002 0.6340254 0.195848571875 0.633603328125 0.18423679843750002 0.6388580390625 0.1479047203125 0.6434872109375 0.1410601 0.6419116296875 0.1185703140625 0.6437814515625 0.1133860203125 0.640459340625 0.10970899999999999 0.641301215625 0.108861934375 0.67729451875 0.11393292031249999 0.7079703312500001 0.12185716093750001 0.7105284765625 0.1234462140625 0.7082517125 0.13000573437500001 0.707706346875
0 0.2720951859375 0.6862419765625 0.28406332968750003 0.6836384453125001 0.3103937046875 0.66804525625 0.31436633125 0.6623533453125 0.31214631875 0.6528869937499999 0.318217428125 0.6416589874999999 0.2728102078125 0.6422172125000001 0.22998988125 0.647921984375 0.227820128125 0.6529278421875 0.2326060171875 0.6814827078125 0.2349790859375 0.68503854375 0.24182370468749997 0.6866141265625 0.2720951859375 0.6862419765625
0 0.41941918593749994 0.68257191875 0.42979828124999997 0.6822451546875 0.434198553125 0.6797346640625 0.434230078125 0.658821709375 0.42721366875 0.627771478125 0.41563341875 0.6121132375 0.37923006406250004 0.6162121703125 0.3692786171875 0.6197203546875001 0.36710886249999997 0.6247262124999999 0.35773811875 0.6255053046875 0.3583795875 0.6302774328125 0.35144268125 0.642113584375 0.3569728359375 0.6550578625 0.3495370078125 0.6631823578125 0.3502392421875 0.67545570625 0.366159 0.6811022343750001 0.3528156265625 0.687573240625 0.35987407031249996 0.6907395296875001 0.3993024703125 0.6879975796875 0.41941918593749994 0.68257191875
0 0.5040140234375 0.5999397296875 0.50798665 0.59424781875 0.506204790625 0.5809919046875 0.5102486953125001 0.575830228125 0.51572859375 0.5743023 0.5150158499999999 0.5689999343750001 0.48748431718749996 0.5686081187500001 0.4795495703125 0.5730209609375 0.475729996875 0.572802359375 0.4734176953125 0.57674774375 0.4766565640625 0.579695434375 0.47145125468750004 0.59031529375 0.4730192921875 0.6019805 0.49332881406249995 0.61208751875 0.495213471875 0.604960715625 0.5040140234375 0.5999397296875
0 0.6154546062499999 0.5901382953125001 0.6300809171874999 0.593211546875 0.6329131546875 0.57903585 0.6247353421875 0.55344380625 0.5576223515625001 0.5617044546875001 0.5535469265625 0.5877790828125 0.5737139015625 0.5968256296875001 0.5972833109375 0.5959383703125 0.6154546062499999 0.5901382953125001
0 0.6994349328125 0.5804752796875 0.7095896953125 0.585528790625 0.7219854859375 0.586106678125 0.7320082078125 0.58312873125 0.75730921875 0.58102518125 0.7550997125000001 0.5645878484375 0.7393645359375001 0.532117853125 0.728058875 0.5255515453124999 0.7148685593749999 0.5261120375 0.671681353125 0.5361366109375 0.6692265 0.5390215203125 0.6736665265624999 0.5579542187500001 0.6794922875 0.5660484578125 0.690584125 0.5710240578125 0.6994349328125 0.5804752796875
0 0.3349865328125 0.5619850828125 0.35040736875 0.563919953125 0.3537992953125 0.5609571328125 0.3761465328125 0.5580268375 0.3780101734375 0.5648420046875 0.3957433140625 0.5628314921875 0.390997175 0.5557198171875 0.396579871875 0.533809171875 0.396173240625 0.516685784375 0.3925780015625 0.511086909375 0.383574134375 0.5075461984375 0.344074459375 0.5097579156250001 0.3287856640625 0.5158545 0.3193436453125 0.51610335625 0.316236815625 0.5211871218749999 0.320024865625 0.542318675 0.329018221875 0.5528303703125 0.331024409375 0.560706009375 0.3349865328125 0.5619850828125
0 0.49262886093749997 0.5504870390625001 0.4959495125 0.5469939828125 0.5195901968750001 0.5466369624999999 0.523990471875 0.5441264703125 0.5176552812499999 0.5392915578124999 0.5233595109375 0.53238335625 0.5201416578125 0.5154936953125 0.5087039546875001 0.500895925 0.46185023437500006 0.5047913875 0.43848413906249994 0.5142403390625 0.444096078125 0.5207438703125 0.4342766734375 0.5322835109375 0.441691484375 0.5381009875 0.4535065734375 0.5414079671875001 0.4589759640625 0.5468510249999999 0.45652111093750003 0.5497359359375 0.46855002343749996 0.554633625 0.479000390625 0.5548370968749999 0.49262886093749997 0.5504870390625001
0 0.5807138578125 0.5431635703125 0.5958495984375001 0.5429774953125001 0.614957965625 0.5370995093750001 0.6211716234375 0.5269319765625 0.6352382484375 0.518792353125 0.6382948171875 0.49923638124999997 0.6318988625 0.48690025156249994 0.5973696546875 0.49084336562499997 0.5886508890625 0.489423603125 0.5776198171875 0.491949221875 0.5715592171874999 0.49620624218750004 0.5681567828125 0.5061400468749999 0.561882359375 0.5088063593750001 0.5650289390625 0.525165784375 0.57035578125 0.5295483671875 0.5727183421875 0.5400751890625 0.5807138578125 0.5431635703125
0 0.59516015 0.47440603125 0.6077697640624999 0.47657462968750003 0.6149707546875 0.4808013953125 0.63205191875 0.48098973906250003 0.6324398125 0.4627279671875 0.6205347156250001 0.42350559062500004 0.592279934375 0.42478239375 0.582542309375 0.42988128750000004 0.5679872734375 0.4273382703125 0.5174460203125 0.439046590625 0.5159282421875 0.44185359062499996 0.510305796875 0.44232104687499996 0.51100803125 0.45459439843749994 0.5213661078125 0.4682096015625 0.5400970890625 0.4736224015625 0.5523398234375 0.480110803125 0.59516015 0.47440603125
0 0.468145671875 0.48818310625 0.4720575359375 0.474989975 0.482660959375 0.4692829359375 0.48735683906249994 0.461922403125 0.4853506515625 0.4540467640625 0.47519588749999997 0.4489932546875 0.4703679671875 0.4483223265625 0.4614961421875 0.45281307656249997 0.44352816562499997 0.46717484843749996 0.43615310156250003 0.48280056406250005 0.4370796671875 0.4896936390625 0.44917985156249995 0.49512156718749994 0.45941639843750004 0.49373432968750003 0.468145671875 0.48818310625
0 0.33521314375 0.507277678125 0.38129335468750003 0.4905786296875 0.393842203125 0.48524600625 0.3986093578125 0.47841571250000003 0.3927228296875 0.462820253125 0.380907740625 0.459513271875 0.3160462890625 0.4563273125 0.304505790625 0.4621122625 0.3022647609375 0.466587884375 0.307549571875 0.49885440625 0.31510693437500004 0.5057323515625 0.3225322546875 0.50457884375 0.33521314375 0.507277678125
0 0.21002255625 0.5064267296875 0.22284599218749998 0.5101860390625 0.2373402625 0.5052278343750001 0.24410310000000002 0.513244165625 0.2562850671875 0.5122313453125 0.27388616718750003 0.5021893734375 0.29089605625 0.50184748125 0.298178828125 0.49963349843750005 0.29937175625 0.47326235937499994 0.296225178125 0.45690293437499996 0.287171053125 0.4388900203125 0.24226275468749997 0.44315990000000005 0.2383006359375 0.44188082812499996 0.2121945921875 0.45209374375 0.19812796875 0.46023336718749996 0.1962433109375 0.4673601703125 0.20077562656249998 0.472881134375 0.19514267031250002 0.48031957500000005 0.19621178749999998 0.4882731234375 0.205643296875 0.4949952546875 0.215299140625 0.4963371078125 0.21002255625 0.5064267296875
0 0.1142061234375 0.5267247296875001 0.1276920453125 0.5213142000000001 0.1336100984375 0.5159967062499999 0.1439891921875 0.5156699406249999 0.162252775 0.49645813125 0.167458084375 0.48583827187499995 0.16540163593749999 0.46349042812499996 0.15106042343749998 0.4625381203125 0.1406205625 0.45536366250000004 0.1127326609375 0.452320665625 0.0950707953125 0.4548614140625 0.0681702265625 0.46621271406250003 0.06521645312499999 0.46538596875 0.068819921875 0.5133409859375 0.0724046546875 0.5259108453125 0.0863077140625 0.5306527187500001 0.1142061234375 0.5267247296875001
0 0.6402612578125 0.4856688296875 0.6469633265625 0.48618393906249996 0.69237054375 0.485625715625 0.7307193234375 0.4819011984375 0.734182521875 0.4794686171875 0.737299859375 0.46741386562500004 0.7368534796875 0.4288472875 0.7419875125 0.41769719062500005 0.7369772921875 0.3945226 0.731579178125 0.3896097796875 0.7243676781249999 0.3923539984375 0.7231455062500001 0.39031096249999997 0.712268184375 0.390641909375 0.635881996875 0.47423735312500004 0.6402612578125 0.4856688296875
0 0.7396556203125 0.3606696734375 0.6316078171874999 0.39309603125 0.712268184375 0.390641909375 0.7396556203125 0.3606696734375
0 0.61931254375 0.42146255312500003 0.6239371484375 0.41357178437500003 0.62010935 0.3709970421875 0.514077390625 0.3787403125 0.4983609484375 0.3816554796875 0.5008450421874999 0.40718474374999997 0.5070879421875001 0.4254313859375 0.5237204453125 0.43638028125000006 0.5332337359375 0.4366616609375 0.61931254375 0.42146255312500003
0 0.49030238437499996 0.42039300468749996 0.4943462890625 0.4152313296875 0.49019135937499997 0.398419578125 0.48479324375 0.3935067578125 0.4871768203125 0.3900916125 0.482858328125 0.3861613546875 0.44264590937500004 0.38307070468750004 0.43320389062500003 0.383319559375 0.41950414687500004 0.38713938125 0.405437521875 0.39527900625 0.41153787187499996 0.412465175 0.4438763078125 0.4274698859375 0.48128801250000003 0.42382328124999996 0.49030238437499996 0.42039300468749996
0 0.3047511390625 0.4427900203125 0.3134804125 0.437238796875 0.32306498125 0.43805041562499997 0.3575941859375 0.4341073 0.37208845625000003 0.4291490953125 0.3917880359375 0.41357103124999994 0.388356359375 0.3950906609375 0.3811658765625 0.3838929140625 0.362862540625 0.38166153281250004 0.32976933124999996 0.38923839375 0.29488375312500004 0.39053032656250003 0.288385 0.3985769125 0.292804009375 0.4314515796875 0.297703203125 0.43265274218750005 0.30071774218749997 0.44098070937499995 0.3047511390625 0.4427900203125
0 0.418690884375 0.3528926046875 0.4342437640625 0.3628589328125 0.4317889109375 0.36574384375 0.43364204375000004 0.3795299953125 0.476961290625 0.3775368796875 0.48510986562499997 0.3747147515625 0.489214534375 0.37705429687500003 0.4958558375 0.370068184375 0.4944933984375 0.31763754375 0.48923783125 0.3137851984375 0.4838292078125 0.3158433625 0.4571634765625 0.314843403125 0.4017335359375 0.31837957499999997 0.390478134375 0.3262854703125 0.39248432499999997 0.334161109375 0.4007649375 0.3393704375 0.40139589999999997 0.351113553125 0.418690884375 0.3528926046875
0 0.5755784375 0.3639761359375 0.585814984375 0.362588896875 0.5869407515625 0.35686559375 0.5977936374999999 0.35301438281249997 0.606441128125 0.353903909375 0.6157300921875 0.3595655640625 0.6197447515625 0.3259897140625 0.618818184375 0.31909663906249996 0.609386675 0.3123745109375 0.609753553125 0.3080547078125 0.5605267625 0.3083943328125 0.5543236125 0.3115908796875 0.5448103203125 0.3113095 0.537445765625 0.31996423125 0.530305540625 0.3232386875 0.5186330031249999 0.3209921796875 0.5020507609375 0.32451549218750003 0.49893342343749997 0.3365702421875 0.501182678125 0.37445076718750003 0.5090356453125 0.3764786765625 0.5634572359375001 0.372490175 0.5755784375 0.3639761359375
0 0.3237507625 0.3656114765625 0.3517917203125 0.3627439625 0.3715520671875 0.3546671203125 0.36998403125 0.34300191562500004 0.3647997375 0.33967980625 0.35629479218750004 0.339850753125 0.3502447015625 0.3371367890625 0.351121009375 0.3295576578125 0.3464356359375 0.3299472046875 0.3467312421875 0.3250971671875 0.33058715312500003 0.3248309140625 0.3280610265625 0.3271855875 0.293674371875 0.3321891765625 0.29057805000000003 0.3303019578125 0.29107697187500003 0.3340136125 0.2812575640625 0.34555325468750003 0.28624676875 0.382669815625 0.2882027 0.3760732484375 0.30125046875 0.3744522828125 0.3237507625 0.3656114765625
0 0.215802621875 0.40139450312499997 0.2258253421875 0.39841655625 0.23641825781249998 0.3996805 0.2558829984375 0.396453696875 0.2600694515625 0.3923524953125 0.2790247625 0.3923850203125 0.2822846484375 0.38139074375000004 0.275584859375 0.3315485046875 0.26578646875 0.3291461765625 0.2420032359375 0.3284427265625 0.1714375546875 0.332164971875 0.1652344078125 0.335361521875 0.168523534375 0.35278141875 0.1607921 0.365755953125 0.1675234125 0.39468523437499997 0.170252853125 0.40089225468749995 0.1885561875 0.4031236359375 0.215802621875 0.40139450312499997
0 0.161819184375 0.4015934375 0.1627165078125 0.3800723390625 0.156666415625 0.37735837499999997 0.1599975734375 0.366894334375 0.1575637375 0.355837275 0.161831971875 0.34529532500000004 0.1583792796875 0.34075692343749997 0.1626370046875 0.3371859578125 0.1545702140625 0.33356733906249997 0.09178622812500001 0.3387872578125 0.0786461703125 0.3538199578125 0.07594597187499999 0.3760271125 0.079256115625 0.379505040625 0.077870378125 0.3903435 0.0818576296875 0.398858675 0.076912290625 0.40436337812499995 0.08216785625 0.4082157234375 0.0899495484375 0.40971339687499997 0.1293779515625 0.4069714453125 0.161819184375 0.4015934375
0 0.037609984375 0.3234535125 0.048427229687500004 0.3193371828125 0.055556945312499995 0.3230337125 0.068889809375 0.32353369062500004 0.0998237765625 0.3139917015625 0.10862432500000001 0.3089707171875 0.10928680937499999 0.2998008765625 0.121479284375 0.291817071875 0.12199922187500001 0.281586759375 0.1117019109375 0.2754727765625 0.1003144703125 0.2753472140625 0.087480525 0.27855888906250004 0.0789148125 0.271228615625 0.0314908953125 0.270882184375 0.0276608171875 0.27763456875000003 0.031377590625 0.2982358859375 0.0354612453125 0.3145174 0.039494639062499996 0.3163267109375 0.037609984375 0.3234535125
0 0.2214086140625 0.316214759375 0.23093241406249998 0.3095251578125 0.2356177875 0.30913561093749997 0.24377686875000001 0.299342496875 0.244888015625 0.27941210625 0.241099965625 0.258280553125 0.1998791984375 0.25473757343750003 0.1694651703125 0.25404925 0.1592999 0.25596672656249997 0.15414485 0.281058790625 0.150100946875 0.2862204671875 0.15661843749999999 0.3135590390625 0.16166018124999998 0.3158206765625 0.2054783484375 0.317539215625 0.2214086140625 0.316214759375
0 0.3946750953125 0.3152132828125 0.40842737968750004 0.27653853906250003 0.397438340625 0.2511802203125 0.38814937656250004 0.2455185640625 0.3789211828125 0.24735813125 0.33481791875 0.24351864375 0.3064918625 0.2442652109375 0.291691478125 0.2610444390625 0.2912825671875 0.293248178125 0.3010494328125 0.3165634578125 0.379824453125 0.31752030468750003 0.3946750953125 0.3152132828125
0 0.4294893984375 0.3133911140625 0.47295119375 0.312458471875 0.486365840625 0.3065177046875 0.4812738375 0.2897838625 0.4698863953125 0.2896583015625 0.467442053125 0.285572225 0.47328883125 0.2797244953125 0.47301424062499997 0.27063256562500004 0.46998919531250005 0.2692755828125 0.48131587031249995 0.2618999234375 0.48182529843750005 0.2586405953125 0.47081524375 0.24722424687500003 0.4557507796875 0.24794055781250002 0.44687895468749994 0.25243130625 0.4403194328125 0.2529766703125 0.42958396875 0.250652253125 0.40428295781249995 0.252755803125 0.41024076093749995 0.2688814984375 0.41415034375 0.30501549375 0.416879784375 0.31122251562500003 0.42055680781250004 0.3103806421875 0.4294893984375 0.3133911140625
0 0.5426931046875 0.2814604328125 0.5497515468749999 0.28462672499999997 0.5531329656249999 0.2886348875 0.571079928125 0.2882150859375 0.5742475234375 0.2906325421875 0.5894545375 0.2909767046875 0.60235975625 0.2882952640625 0.6167009703125 0.289247571875 0.6264701171875 0.2632357234375 0.6242606125 0.24679839062500003 0.6136887125 0.2315924765625 0.5982678765625 0.22965760624999998 0.57008436875 0.2314646453125 0.5375005859375 0.2357821796875 0.5312974359375 0.238978725 0.530196796875 0.25193813125000003 0.5242074703124999 0.2567253875 0.525714740625 0.260889371875 0.532416809375 0.26140448125 0.5263457015624999 0.2726324859375 0.527781696875 0.27626623281249996 0.5377939109375001 0.28025926874999996 0.536133584375 0.282005796875 0.5426931046875 0.2814604328125
0 0.6189922578125 0.29924415625 0.6231074343749999 0.29461271875 0.6179944171875 0.2918208453125 0.609560746875 0.2925220296875 0.607034621875 0.29487670312500003 0.598672225 0.296108121875 0.5666691453125 0.2976965640625 0.551023978125 0.3011419671875 0.5710589125000001 0.3021570546875 0.592469075 0.2993046703125 0.6189922578125 0.29924415625
0 0.7137080499999999 0.2919055625 0.7411788140625 0.2847961546875 0.7448265953125001 0.2555401046875 0.7429839687500001 0.234782971875 0.74083523125 0.2258468578125 0.7335629671875 0.22108985625000002 0.69658941875 0.22094689843749998 0.6666030359375 0.22343999375 0.6488698953125 0.22545050625 0.633367275 0.22995638281250003 0.6337633984375 0.25405075625 0.6362685078125 0.26563805 0.6405870015625 0.2695683078125 0.6358198453125 0.2763986 0.6240655234375 0.280592840625 0.6265601265625 0.299151121875 0.6678626765625 0.2962533484375 0.68631906875 0.29257421875 0.7137080499999999 0.2919055625
0 0.8165431734374999 0.253330659375 0.8620426812499999 0.23936070312500002 0.857623671875 0.20648603593749998 0.8428863359375001 0.1814393546875 0.8317127171875001 0.182904503125 0.7868862015625 0.180733634375 0.784360075 0.18308830781250002 0.7749180546875001 0.1833371625 0.773329003125 0.1856139265625 0.7677065562500001 0.1860813828125 0.7665241375 0.2054815390625 0.769976828125 0.21001993749999998 0.7582832734375 0.22171539999999998 0.7581909828125 0.23512713281250003 0.762712790625 0.2476190828125 0.7741002328125 0.24774464375 0.7806492453125 0.2541702640625 0.8165431734374999 0.253330659375
0 0.109096284375 0.23494107031250003 0.1240894765625 0.2336945203125 0.13006829375 0.2358782484375 0.14880978281249999 0.2343200640625 0.1508977546875 0.23575495468750002 0.16200009843750002 0.2337595703125 0.16547380625000002 0.22435600312499998 0.15655172343749998 0.21437454531250003 0.1243453296875 0.2074012921875 0.1015704453125 0.2071501671875 0.034824337500000004 0.21109101562500002 0.0278979359375 0.21595617968749997 0.027998453125 0.24490059375 0.036799003125 0.23987960625000002 0.0958241859375 0.24194230781249998 0.1008764375 0.23723296249999998 0.10657015781250001 0.23729574375 0.109096284375 0.23494107031250003
0 0.39976115 0.240263853125 0.4108634953125 0.23826846875 0.4123917796875 0.2284904828125 0.424502475 0.2269474265625 0.42140615312499996 0.2250602078125 0.4231482625 0.21687293125 0.44376389843749997 0.2151589296875 0.4477260203125 0.21643800156249998 0.4800352140625 0.203028534375 0.48681906406250003 0.197102896875 0.48663676562499997 0.1745992328125 0.470421403125 0.17380274375 0.4227018796875 0.17830635 0.387734521875 0.18603903125000001 0.38001359375 0.19204258125 0.38608242187499997 0.2301417046875 0.3893107828125 0.24006038125 0.395503425 0.2438348171875 0.39976115 0.240263853125
0 0.5427164015625 0.2181913359375 0.559583740625 0.21678896875000003 0.5682417421875 0.210707509375 0.5728663484375 0.2028167421875 0.577480446875 0.20189695937500002 0.5710027078125 0.1960015765625 0.5775727359375 0.1884852265625 0.5858638578125 0.1867235703125 0.5812100078125 0.1662001625 0.5417816078125 0.16894211406249998 0.537880253125 0.17516426406250002 0.5272873375 0.17390031718750001 0.51344504375 0.17665966718749998 0.51099019375 0.179544578125 0.5176209890625 0.17952945 0.5266248515624999 0.18307015937499999 0.5172436015625 0.1908202359375 0.5170087609375 0.20317149531249998 0.5289663984375 0.20753895 0.536737584375 0.21600760624999998 0.5427164015625 0.2181913359375
0 0.7005935703125 0.1943420328125 0.709037746875 0.1866698640625 0.6958684468749999 0.1732883890625 0.69265059375 0.1563987265625 0.6438514484375 0.1599197703125 0.64442164375 0.1641616625 0.63344083125 0.18115948906249998 0.637606265625 0.19100025781250002 0.659789940625 0.2009514578125 0.6813426515625001 0.1991595453125 0.7005935703125 0.1943420328125