0 0.160897728125 0.8823527828125 0.1812365078125 0.8878427125 0.197239946875 0.88457115 0.20686705625 0.877064003125 0.21101877500000002 0.8661870828125 0.2177438046875 0.8612971015625 0.2251705203125 0.8624875453125 0.2315468484375 0.86672313125 0.243687490625 0.8667673062500001 0.268720271875 0.8716324265625 0.272503365625 0.870402534375 0.2728278484375 0.837466865625 0.27936358437500003 0.8375307671875 0.28225570312500003 0.8351743265625 0.2853670015625 0.8270818234374999 0.27817939687500004 0.819633846875 0.243619134375 0.81966856875 0.2410657515625 0.81316016875 0.2217773546875 0.804625096875 0.1708208171875 0.793768309375 0.1410342578125 0.7910923796875 0.1136018265625 0.8001394609375 0.106428471875 0.8167623140625 0.10706041718749999 0.8246678546874999 0.12521872812499998 0.8383339140625001 0.133735678125 0.8354362921874999 0.1529842203125 0.8450142843749999 0.1574391140625 0.850647009375 0.1503853140625 0.8641410953124999 0.1527593671875 0.8753426484375 0.160897728125 0.8823527828125
0 0.5140864625 0.8790243140625 0.5216327296875 0.8770859890624999 0.5336139656250001 0.881301853125 0.53935835 0.8776319015625 0.5615986421875 0.8822461562499999 0.5712058234375 0.8752604671875 0.5851881999999999 0.8759933453125001 0.5900017546874999 0.872239775 0.5904201921875 0.86128909375 0.5744423515625 0.839446903125 0.5873800140625 0.818632634375 0.603303753125 0.8174469203125 0.6080774546875001 0.8147362656249999 0.6152308859375 0.798634871875 0.5925379796875 0.781421934375 0.5572461421875 0.7761584234375001 0.5450258 0.77820009375 0.539141934375 0.7855202703125 0.5315558171875 0.7885015171875 0.48756770312500003 0.7908287765625001 0.475327434375 0.7933919078125 0.46195708125 0.8010860265625 0.4624495484375 0.8126417921875 0.4659935359375 0.8176694328125 0.47522213437499994 0.8205915046875001 0.49862668593750004 0.8436241359375 0.49798906875000004 0.8603108890625 0.4891732359375 0.8710304265625 0.5057089921875 0.8782717078125 0.5140864625 0.8790243140625
0 1 0.8980668062499999 0.997232728125 0.8967893328125 0.9877849515625 0.8996033296875 0.9827920671875001 0.9080500546874999 0.9649070421875001 0.9116758296875 0.9528062484375001 0.9105887359375 0.9445682609375 0.9061859015625 0.91860465 0.9012371578125 0.8878673375 0.89899906875 0.8626153734375 0.8998700187500001 0.844630721875 0.9061030999999999 0.8416987515625 0.9095024609375001 0.8429825703124999 0.924792075 0.8331562031249999 0.9375138328125001 0.8020801562500001 0.9441405796875 0.7956440484375 0.9414693749999999 0.7898000374999999 0.9477466328125 0.7904519062500001 0.9551307078125 0.7984707156249999 0.9652696125 0.8310298390625 0.9687178703124999 0.8367542968749999 0.9655693812499999 0.849805840625 0.9662186390624999 0.8602442281249999 0.9619238812500001 0.8733156984375 0.9620516765625 0.8792194875 0.9542100375 0.886705978125 0.953836096875 0.9032616609374999 0.9605559171875001 0.910369565625 0.9700897375 0.9362733999999999 0.9766028640625001 0.9435407078125 0.9819649937499999 0.9592054125 0.9875582734374999 0.9740986921875001 0.9888962359375 0.9848516015625 0.9941099 1 0.9941502671875 1 0.8980668062499999
0 1 0.7429915109375 0.9993675359375 0.7431453046875001 0.9798998093750001 0.739303378125 0.9831904390625 0.726517721875 0.99834275 0.7210766937499999 0.9976111765625 0.715778459375 0.9839874640625 0.7056592828125 0.9699453109375 0.7064907828125 0.9376196218749999 0.7213772828125 0.9028490218749999 0.7187768546875 0.8865833796875 0.7126063406250001 0.8557265125000001 0.713497015625 0.8394241906250001 0.724590490625 0.8400959859375 0.7314531093750001 0.8536599234375 0.743136671875 0.8485674109374999 0.7541906984375 0.8521114000000001 0.7592183375 0.86589451875 0.7651658296875 0.874903934375 0.7738239734375 0.8861535984375 0.7727416046875 0.8882742890624999 0.76612985625 0.9069307390624999 0.7667593890625 0.9124360156250001 0.7693469687500001 0.9366176703125 0.772042625 0.9507195968750001 0.7696467390625 0.9570760015625 0.7744037859375 0.9530338734375 0.7824126734375 0.968618875 0.7900917890625 0.9721030875000001 0.796683815625 0.9821429609375001 0.8028182765625 1 0.80835895 1 0.7429915109375
0 0.5076615640625 0.6560654171875 0.5429334734375 0.6618503875 0.55097220625 0.67146783125 0.5646955499999999 0.6789797046875 0.5691703718750001 0.6840909671875 0.6045618328125 0.6867471734375 0.612088171875 0.6853303109375 0.6215957296875 0.6809519296875 0.6293811046875 0.6727560734375 0.619939 0.6509777828125001 0.6108498828125 0.64440548125 0.5967536250000001 0.622209078125 0.60085553125 0.6126358109375001 0.5722787625 0.602743046875 0.5606163375000001 0.5901838109375 0.537684321875 0.579228403125 0.5320993421875 0.5787266671875 0.5225320124999999 0.5846694328125001 0.4965684 0.5797206874999999 0.4871405484375 0.5820132250000001 0.4573881671875 0.6028866640625 0.448293378125 0.6209066562500001 0.4331012125 0.62739060625 0.42008951874999995 0.6256984265625001 0.4013334421875 0.6276761984375 0.39907326875 0.6379381734375 0.41263720625 0.6496217343749999 0.4209549 0.6519387203125 0.4359079546875 0.65171230625 0.44543543750000003 0.6468124609375 0.462290003125 0.6457103671875 0.47369906874999995 0.640456309375 0.5076615640625 0.6560654171875
0 0.1386772234375 0.706113959375 0.1574532296875 0.703614725 0.1714156765625 0.7048690671875 0.18478603124999998 0.69717495 0.1927308125 0.6848074078125 0.2255489671875 0.6814766750000001 0.2425629390625 0.676202890625 0.2500152515625 0.6522795828125 0.2464314109375 0.6482948640624999 0.23813364374999998 0.645456415625 0.23375845312500002 0.637737846875 0.2414043484375 0.63319221875 0.25420253125 0.6160281796875 0.24456117187499998 0.5994644984375 0.23361039374999998 0.5927249531250001 0.2262036046875 0.5910130484375 0.1871286734375 0.5869794296874999 0.0991922953125 0.590591028125 0.0717200125 0.6006810312499999 0.064700390625 0.6377244906249999 0.08543200937499999 0.6573774890624999 0.0788906015625 0.68190588125 0.0814639078125 0.6878928203125 0.0932458875 0.69732329375 0.110792178125 0.702562353125 0.1277264484375 0.6993744125 0.1386772234375 0.706113959375
0 0.2042307890625 0.45717981406249997 0.2036187671875 0.44875281093749997 0.209562409375 0.43986824843749994 0.21992109062499998 0.43765933593749995 0.2247346453125 0.433905759375 0.22964783125000002 0.42754488124999995 0.23002641562499998 0.4176371234375 0.219494075 0.3999468953125 0.20485982812499998 0.3918299375 0.1947203265625 0.38830278125 0.19091730468749998 0.3900541359375 0.1787965890625 0.3894885015625 0.1622608328125 0.38224721875 0.157293546875 0.36558019062499997 0.15103676875 0.3582158375 0.140837490625 0.3562530640625 0.12891603125 0.35047281875 0.10639678281250001 0.353159021875 0.100196946875 0.35652642968750003 0.0846888109375 0.3590576125 0.0889842984375 0.3688620234375 0.0848026921875 0.3805211375 0.062383071874999994 0.3806000328125 0.0350901171875 0.3859968859375 0.0326392703125 0.4501365921875 0.0418080890625 0.4546230484375 0.053888954687500004 0.4562316046875 0.0648596546875 0.462449690625 0.0713555390625 0.46355650937500004 0.08934019374999999 0.45732342812500004 0.1267128703125 0.45701811406250004 0.142676459375 0.45478947343750004 0.15097422656249998 0.457627921875 0.1563400234375 0.46386573125 0.18054160156250001 0.4660399234375 0.1870972625 0.46558235937500003 0.2042307890625 0.45717981406249997
0 0.4751734265625 0.43076508125 0.499335153125 0.4339821953125 0.50099755625 0.4393640515625 0.5084441953125001 0.440033034375 0.515771284375 0.4438307828125 0.51919571875 0.45198718906249996 0.5143622390625 0.456262225 0.5150340359375 0.4631248390625 0.5187175046875 0.46450225312500004 0.519349453125 0.472407790625 0.5257257796875 0.4766433796875 0.54885705 0.48238417499999997 0.5653928078125 0.48962545625000004 0.5867620453125 0.492591703125 0.5961301203125 0.491863546875 0.6256035421874999 0.47829056249999996 0.6291930578125 0.45768299062500006 0.6194719921875 0.4432051515625 0.63856680625 0.43236254374999994 0.6465912890625 0.4179091578125 0.6431070765625 0.4113171359375 0.6304341171875001 0.40076011562499997 0.6109265374999999 0.397961115625 0.6026885484375 0.39355828437499996 0.607522028125 0.3892832484375 0.6217036593749999 0.3848015171875 0.6256063109375 0.3804428640625 0.625785640625 0.3757497125 0.6168957796875 0.3639628046875 0.6165627171875 0.34823535 0.610325865625 0.3403495359375 0.6021476515625 0.334382321875 0.5753528390625 0.32674265 0.551111409375 0.32561137812499996 0.5368899296875 0.3311360296875 0.5154210609375001 0.3307770875 0.5030413140625 0.336990446875 0.5012536859375001 0.359329646875 0.49449876875000004 0.3650018203125 0.4822784234375 0.367043490625 0.453462546875 0.3634082609375 0.4468869625 0.3643872859375 0.437299703125 0.3708515109375 0.438703075 0.383012359375 0.44785196718750003 0.3880202765625 0.45044520468749993 0.3934857546875 0.42754736718749997 0.40607971562499995 0.4077807578125 0.410059709375 0.3947889890625 0.40784606874999996 0.3683073109375 0.41645531093750005 0.36260277812499997 0.4190823390625 0.363234725 0.426987878125 0.36570840625 0.4355821234375 0.38002384375 0.45204245624999995 0.40868031250000003 0.45984937343750004 0.43205068906250005 0.45933263750000003 0.44536126875 0.4532029015625 0.45183722656249997 0.454831184375 0.4751734265625 0.43076508125
0 1 0.39932655625 0.9959627484375 0.39226120937500003 0.97564389375 0.3862498203125 0.95041185625 0.38659930937500003 0.9456381546875001 0.3893099625 0.9453392703124999 0.397131878125 0.9376136718750001 0.40376335 0.947793025 0.40624758437499997 0.9503264828125 0.4132774453125 0.9405001171875 0.42599920312500006 0.9283794015625 0.42543356875000005 0.905840228125 0.42864123125000003 0.883141646875 0.436020584375 0.8745250703125 0.4415255078125 0.8646389296875 0.4558116515625 0.86507161875 0.4689317984375 0.872219375 0.47742269843749996 0.8719404171875 0.48472315000000005 0.8641550421874999 0.49291900625 0.8759170953125001 0.5028709390625 0.8785103281250001 0.5083364171875 0.8923532249999999 0.5127195265625 0.9082968875 0.5110123484375 0.92265785 0.50183746875 0.9684079953125 0.502284759375 0.9783083890625001 0.5120694484375 0.9903494 0.514720925 1 0.5208742640625 1 0.444076034375 0.9995950203125 0.4438661265625 0.99890329375 0.437524971875 1 0.4348390421875 1 0.39932655625
0 1 0.1533315296875 0.9949890218749999 0.1488619875 0.9707077390625001 0.1487736375 0.96153891875 0.1442871828125 0.9540922796875 0.1436182015625 0.9427828421875001 0.1462649546875 0.9369388296875 0.15254220937500002 0.913349271875 0.1587950171875 0.8932581781250001 0.19571067656250002 0.8985585265625 0.228105159375 0.8935855671875 0.23603042031250002 0.90524799375 0.24858965781250003 0.920121346875 0.25044908593750004 0.9320428046875 0.25622933125 0.9610579375 0.2546499484375 0.9636710984375 0.25959396562500003 0.9755128546874999 0.2674600546875 0.9752139703125 0.2752819703125 0.983352334375 0.28229210937500004 0.979170725 0.29395121875 0.9835658421875 0.3011483296875 0.9890711218750001 0.30373590781250004 1 0.30454230312499997 1 0.1533315296875
0 0.456280496875 0.167442265625 0.4791925828125 0.1789191328125 0.4950166921875 0.180340721875 0.5198103671875 0.1914633734375 0.525176165625 0.19770118125 0.5343848359375001 0.201144715625 0.5616180125 0.19731224375 0.5753071765625 0.1812747515625 0.5709519125 0.1730347203125 0.5726655125 0.128189075 0.557598575 0.1069519671875 0.571859909375 0.10038439531250001 0.57487158125 0.09489919218750001 0.587982903125 0.093984065625 0.5966592578125 0.08691475625 0.5938126625 0.0636359796875 0.581279184375 0.0494287359375 0.55640580625 0.040391928125 0.526559471875 0.03928038125 0.5151703328125 0.044012978125000005 0.511168053125 0.050978940625000004 0.5008093687499999 0.05318785625 0.4830183 0.07879861875000001 0.473769778125 0.0763980078125 0.45178851875000003 0.06500476093749999 0.429448603125 0.0629978171875 0.413365459375 0.0683552234375 0.40661054218750003 0.0740273921875 0.4081334671875 0.0830594765625 0.40399170937499995 0.0936756671875 0.41933760312499996 0.10761231874999999 0.4295368828125 0.109575090625 0.43409140468749996 0.11260051093750001 0.43058159218750003 0.1311222390625 0.4218653875 0.13923446875 0.40877399218750005 0.1396281359375 0.39833560625 0.14392289375 0.3853039875 0.14275217499999998 0.3786487 0.1458170421875 0.37945997343750004 0.14902943125 0.38928066562499997 0.1608999640625 0.41045064687500005 0.169080821875 0.41884804375 0.1693119640625 0.42269091718749996 0.1665176890625 0.439625184375 0.16332975 0.45067559218750003 0.1674619890625 0.456280496875 0.167442265625
0 0.1435159625 0.163937296875 0.124028309375 0.16061683437500002 0.116049353125 0.1494350109375 0.1171993640625 0.14378256250000002 0.1405896671875 0.14274436562499998 0.14810175781249998 0.11725667343749999 0.134796853125 0.09879411875 0.118320871875 0.0899884546875 0.103387740625 0.0896934125 0.0877230359375 0.0841001359375 0.079305715625 0.084390453125 0.0689271078125 0.08712082812500001 0.057358634374999995 0.096546575 0.0460491984375 0.09919332812500001 0.0425223671875 0.1914919296875 0.0517111125 0.195456921875 0.0683664234375 0.1995694375 0.08337925625 0.1977786375 0.099462396875 0.19242123125 0.138358 0.20114800000000002 0.14691479999999998 0.19720745625 0.15440129062500002 0.196833515625 0.162067109375 0.191766428125 0.1633964515625 0.1814208296875 0.15533779375 0.172324846875 0.145138515625 0.1703620734375 0.1435159625 0.163937296875