0 0.23632808125000002 0.7697438437499999 0.2561187109375 0.7701471453125001 0.269455903125 0.7663257421874999 0.27571596249999997 0.7596404796875 0.2737987671875 0.749876646875 0.27080449687499997 0.746821278125 0.2524316 0.747683065625 0.24221291093750003 0.7447002453125 0.2354649109375 0.7463483531249999 0.206466046875 0.7634213125 0.19739356875 0.7744995796875 0.1991404375 0.7802766359375 0.21280676562499998 0.7809672015625 0.22598515625 0.7766206125 0.23632808125000002 0.7697438437499999
0 0.33495765781250003 0.7516522812499999 0.3345491203125 0.746877721875 0.3427712078125 0.7398341125 0.3576849390625 0.7378029875000001 0.368027865625 0.73092621875 0.3742879234375 0.7242409578125 0.370329296875 0.714572875 0.3579218890625 0.7146222140625 0.33674809843750003 0.7233386 0.32465830625000003 0.7244383125 0.3117975296875 0.729835275 0.2966583703125 0.758508765625 0.299358075 0.76743694375 0.3081590328125 0.7691546734375 0.32462625625 0.7619906421875 0.33495765781250003 0.7516522812499999
0 0.45904765468750003 0.6930124203125 0.4754572625 0.668540428125 0.4703985140625 0.6586576296875 0.4572086015625 0.6595426265625 0.4442005421875 0.66787599375 0.43795200625 0.678022846875 0.41226502500000006 0.69920155 0.4094641296875 0.7070561453125 0.4118346984375 0.711472359375 0.418753028125 0.7138110296875 0.4297427015625 0.7124965999999999 0.45904765468750003 0.6930124203125
0 0.5429583390625 0.6112560640625 0.5473242468749999 0.601730153125 0.5448224203125 0.58147418125 0.549420778125 0.571005253125 0.5438971328125 0.5630084859375 0.5288245953125 0.564514425 0.5198878796875 0.569194690625 0.502843046875 0.5915659375 0.5047602421875 0.6013297734374999 0.5216142171875 0.6159856687499999 0.5318213828125 0.6155068984375001 0.5429583390625 0.6112560640625
0 0.4229596671875 0.62501826875 0.4221425890625 0.6154691484375 0.41345434843750006 0.600430234375 0.40387088281250005 0.5995481625 0.39257512031249997 0.603273809375 0.3853737484375 0.6102695390624999 0.3898997234375 0.62523736875 0.385783546875 0.639012653125 0.38864205625000003 0.64846601875 0.398701940625 0.650923653125 0.411721521875 0.6460518765625001 0.4229596671875 0.62501826875
0 0.3344877234375 0.6576641000000001 0.32662807968749996 0.655635896875 0.3281815734375 0.6505029906249999 0.3162505875 0.6521278890625 0.30686049843749996 0.6621557796875 0.290846646875 0.6639721875 0.2779858703125 0.6693691515625 0.2712609171875 0.6779404421875 0.2745843203125 0.6855077781250001 0.283226471875 0.6867003203125 0.32292044375 0.6741857421875 0.3344877234375 0.6576641000000001
0 0.22156467656249998 0.7053053499999999 0.21329523749999998 0.6745340359374999 0.1994816234375 0.6767798765624999 0.18694998125 0.6866888046875 0.1874609703125 0.69864914375 0.1945496296875 0.7049745953125 0.18154156875 0.7133079625 0.17748175 0.7204226578124999 0.1710513625 0.7231211390625 0.17108593125 0.733505915625 0.1748627078125 0.7357256265625 0.1842873671875 0.7360825109375 0.19165906875 0.733073559375 0.22156467656249998 0.7053053499999999
0 0.1662961828125 0.662890015625 0.1738497375 0.6673294359375 0.1799740359375 0.667042171875 0.19141708125 0.66038011875 0.202406753125 0.659065690625 0.21620884375 0.6533582578125 0.229670275 0.6396772656249999 0.2282410203125 0.6349505828125 0.2222755265625 0.63576303125 0.2161397046875 0.6325887031249999 0.202326090625 0.6348345421875 0.19040662656250001 0.639921034375 0.163709190625 0.6406406546875 0.14754805625 0.6453934671875 0.1342223859375 0.6526764609375 0.131863340625 0.6517218421875 0.139486034375 0.676930815625 0.1413801828125 0.6797714671875 0.1582892578125 0.66379821875 0.1662961828125 0.662890015625
0 0.3092400703125 0.622096478125 0.3236658625 0.6150282 0.3275668765625 0.6073883203125 0.3250259796875 0.598985328125 0.3182664546875 0.5971718421875 0.3028878265625 0.601089 0.28110185625 0.614627821875 0.2627404828125 0.6189512015624999 0.247690990625 0.6273803250000001 0.243631171875 0.63449501875 0.24805469531250002 0.64227706875 0.264227353125 0.640985846875 0.2931019828125 0.6337724765625 0.3092400703125 0.622096478125
0 0.389840846875 0.583960853125 0.4049133875 0.582454915625 0.43471780625 0.5714694828125 0.4362597734375 0.5628749828124999 0.42556466562499995 0.5583166 0.41393977031249996 0.5575302796875 0.3897832328125 0.566652890625 0.37801105156250003 0.568802978125 0.35028263437499996 0.590077434375 0.34810544375 0.5965711875 0.3520525484375 0.6027776765625 0.357553146875 0.6038512578125 0.3726141640625 0.598883728125 0.389840846875 0.583960853125
0 0.5236943328125 0.564665578125 0.52603033125 0.5586970124999999 0.5206424468749999 0.5443022484375 0.533468653125 0.5285205093750001 0.5310865609375 0.5206427046875 0.5243270390625 0.5188292203125 0.5163201109375 0.5197374234375001 0.5022119328125 0.5278560765625 0.49674590468749996 0.5371672703125 0.4823316375 0.5476971421875 0.4825134875 0.5551455125 0.49418447812500005 0.5697782015625 0.5056620921875 0.573500925 0.5188404828125 0.5691543375 0.5236943328125 0.564665578125
0 0.5958117640625 0.5258625968749999 0.60696024375 0.5250733546874999 0.6065068703125001 0.530420978125 0.6198440656249999 0.526599578125 0.6184032875 0.5184113015625 0.6347001828125001 0.5072604921874999 0.641583940625 0.4992143859375 0.6415493734375 0.4888296078125 0.636978565625 0.4839839640625 0.628018803125 0.48174104531250006 0.610916353125 0.48680433125 0.6032385640625 0.4922245015625 0.5737171859375 0.49387553124999994 0.5613328281250001 0.5008480546875 0.55444906875 0.508894159375 0.563942865625 0.5300205984375 0.572437734375 0.5341495484375 0.5925229296875 0.5286800406250001 0.5958117640625 0.5258625968749999
0 0.6313123484375 0.5776245296875 0.6407370078125 0.5779814156249999 0.6565805296875 0.5721782281250001 0.6609579609375 0.5661139078125 0.6362443421874999 0.5494298125 0.6299612359375 0.5491918874999999 0.583236221875 0.5726889749999999 0.5845297171875 0.58381365625 0.5989785546874999 0.583668565625 0.6250177203125 0.5739250124999999 0.6313123484375 0.5776245296875
0 0.787649478125 0.5782959203125 0.7959740156249999 0.578438090625 0.8044458375 0.5756438546875 0.812123628125 0.5702236843749999 0.8160131187499999 0.5591222124999999 0.83089228125 0.546706309375 0.83133413125 0.53789709375 0.827239740625 0.5346270093750001 0.8187563953125 0.5339596546875 0.801812753125 0.5395481265625001 0.7908461265625 0.5477857390625 0.788510128125 0.5537543046875 0.767154484375 0.5550223171875001 0.7586826624999999 0.557816553125 0.7477160375 0.566054165625 0.7491568156249999 0.5742424421875 0.759534309375 0.57775045 0.779154609375 0.574166971875 0.787649478125 0.5782959203125
0 0.7463486687499999 0.51702685625 0.754855059375 0.524617396875 0.7674212703125 0.5250932453125 0.77965834375 0.521057128125 0.78780103125 0.5137509265625 0.7868366703125 0.5071382125 0.78148335625 0.5031282265625 0.7557041875 0.4966141890625 0.7419020984375 0.502321621875 0.734360065625 0.5013437953125 0.71694000625 0.5053567046875 0.7073911109375 0.5148594078125 0.7119734421875 0.5231666453125 0.7257985796875001 0.524382396875 0.7383417421875 0.5179350609375 0.7463486687499999 0.51702685625
0 0.7291676125000001 0.46705443750000003 0.74283394375 0.46774500156250004 0.752247078125 0.46464029531250006 0.7583483296875 0.4574298484375 0.756919075 0.452703165625 0.7397474890625 0.43699689375000006 0.7130385296874999 0.43425492187500003 0.7042490953125 0.4359987828125 0.694064978125 0.443400740625 0.69676468125 0.45232891718749996 0.7021179953125001 0.4563389046875 0.7128015796875 0.45743569375000004 0.7291676125000001 0.46705443750000003
0 0.6250450609375 0.43767175468749997 0.637553653125 0.42083964218750003 0.6336065468750001 0.41463315312500004 0.6144050515624999 0.4024842296875 0.6008975265625 0.40231885156249997 0.5874130484375 0.409076659375 0.5841357359375 0.41535569531250005 0.5860529328124999 0.4251195296875 0.5939241 0.4306093265625 0.5880046984375 0.4452681453125 0.591022015625 0.455246696875 0.6021820171875001 0.457919046875 0.6216319890625 0.450348790625 0.6250450609375 0.43767175468749997
0 0.50037288125 0.4943862796875 0.5107158046875 0.48750951093749995 0.508945890625 0.4748092703125 0.4983980671875 0.46731448125 0.50071101875 0.4544227328125 0.49329322500000006 0.4435853140625 0.48057973125000003 0.446045871875 0.46945429843750003 0.45375829999999995 0.46353489843749995 0.46841711718749995 0.45492731875 0.47760935 0.45762702187500004 0.4865375296875 0.47145215937499996 0.48775328125 0.4857767578125 0.497467778125 0.50037288125 0.4943862796875
0 0.3650595234375 0.5386345109375 0.37713779375 0.53407320625 0.38653940468750003 0.52750690625 0.3866866890625 0.5245705 0.4109905078125 0.5125114859375001 0.40098572343749994 0.4794247078125 0.3684931234375 0.4849435546875 0.332099509375 0.498102284375 0.336569128125 0.5197307015625 0.3493402375 0.53457810625 0.34920447656250003 0.5409761046875 0.3650595234375 0.5386345109375
0 0.285841909375 0.56765045 0.2833010109375 0.5592474562499999 0.2776070390625 0.547263909375 0.2705414265625 0.54786164375 0.2591765234375 0.5308177374999999 0.25053437343749996 0.5296251937500001 0.2400211203125 0.5325151828125 0.23015461250000002 0.5409675125 0.22767133125 0.549872484375 0.2334113984375 0.5757023984375 0.242042025 0.57343335 0.256513909375 0.58021144375 0.26876250625 0.5796369171875 0.28146447812500003 0.5737147671875 0.285841909375 0.56765045
0 0.1770017296875 0.615100190625 0.1743135484375 0.6096336046874999 0.17852065156250002 0.5995825078125 0.1731212421875 0.5817261499999999 0.166509003125 0.5769762578125001 0.1443478046875 0.5721567453125 0.1292867890625 0.577124275 0.12036159531249999 0.5852661359375 0.1244675078125 0.5919978125 0.11475980781249999 0.600975328125 0.1140349171875 0.619118946875 0.11878757656250001 0.6314129640624999 0.12350566562500001 0.6333222046875 0.1313537859375 0.6318888125 0.1770017296875 0.615100190625
0 0.14522368125000001 0.5468575390625 0.1541912140625 0.5273254078125 0.15115085 0.5104236703125 0.14815658125 0.5073683 0.136690490625 0.50710716875 0.12727735625 0.510211875 0.1199171765625 0.5166824203125 0.11963413437499999 0.526016825 0.130658378125 0.5350871734375 0.112202403125 0.544585553125 0.11532000312499999 0.559353125 0.14522368125000001 0.5468575390625
0 0.24928692031250002 0.5028910578125 0.2540050109375 0.5048002968749999 0.27345498125 0.497230040625 0.277979696875 0.48822931562500005 0.2917817859375 0.4825218828125 0.29095318593749997 0.46951117187499997 0.2771165265625 0.4648338265625 0.214660703125 0.480812921875 0.2046353875 0.4887400640625 0.19302201562500002 0.4914153375 0.197797721875 0.510632540625 0.2106815453125 0.5121587625 0.21226960625000002 0.51741063125 0.24928692031250002 0.5028910578125
0 0.36587986875 0.457116065625 0.37748171875000003 0.4509791984375 0.3904667328125 0.43572264687500006 0.3876082234375 0.42626928125 0.38194881718749996 0.4246705125 0.3723768765625 0.42725003125 0.35122613281250004 0.4428896015625 0.3281581890625 0.4487653375 0.319391803125 0.457432384375 0.32209150625 0.4663605609375 0.334034015625 0.46819725468750006 0.3476773 0.46196463281250005 0.36587986875 0.457116065625
0 0.4809134859375 0.43014861406250005 0.48431503593749997 0.4140099890625 0.4941815421875 0.40555765781249997 0.4965175421875 0.39958909375 0.4928765234375 0.390971384375 0.480616403125 0.38808431875 0.4669846421875 0.3977785296875 0.45291103125000004 0.416281959375 0.4482505578125 0.43168068281250005 0.45047384375000005 0.4390332984375 0.4646165921875 0.44129942499999997 0.474653428125 0.43683387500000004 0.4809134859375 0.43014861406250005
0 0.5890657874999999 0.38601110781250003 0.613993309375 0.372591246875 0.608310859375 0.36406929374999997 0.61002315625 0.359461571875 0.603569721875 0.3552368703125 0.585843571875 0.36166099687500003 0.57733718125 0.3540704578125 0.57027156875 0.354668190625 0.5374959265625 0.369521440625 0.5342416609375 0.38272366406249997 0.540287815625 0.4061423609375 0.5461175484375 0.41172790781249996 0.5837700875 0.39930908125000003 0.579051996875 0.39739984375000004 0.5890657874999999 0.38601110781250003
0 0.7025985703125001 0.358763578125 0.7102763624999999 0.3533434078125 0.7113303890625 0.33971175468750003 0.71867904375 0.32977961875 0.720674384375 0.3158374953125 0.7167503234375 0.3165541890625 0.7140967140625001 0.32147238125 0.7024948640625001 0.327609246875 0.688352115625 0.325343121875 0.6729850093749999 0.33272186875 0.669548890625 0.3384757203125 0.6755720015625 0.35497123125 0.6793603 0.360652534375 0.6880024515625001 0.361845078125 0.7025985703125001 0.358763578125
0 0.6048121640625 0.329794234375 0.6223564609375 0.315921734375 0.620280459375 0.3056327109375 0.608632515625 0.2979232078125 0.5624735859375 0.302751490625 0.558855615625 0.30105696718749997 0.5387704203125 0.3065264765625 0.5329752546875001 0.3113257078125 0.53222731875 0.322546140625 0.5372630218750001 0.3255057546875 0.5663655953125 0.33958712343749997 0.5784669124999999 0.341949003125 0.6048121640625 0.329794234375
0 0.49150236718749996 0.3556155578125 0.49446206718749997 0.3482861484375 0.48721460156249996 0.3414355109375 0.47308337656250005 0.3426309765625 0.46007531874999996 0.35096434374999996 0.45190958437499995 0.3513473609375 0.44702116406250003 0.3454513421875 0.4353962671875 0.3446650234375 0.4167288046875 0.3513996234375 0.41156886562499995 0.3582996 0.41441585 0.364291371875 0.44601323125 0.37292936718749997 0.4846070828125 0.3602000703125 0.49150236718749996 0.3556155578125
0 0.3616126296875 0.4019220953125 0.3805516125 0.3823915 0.3803582375 0.3714815375 0.3658978765625 0.36816503749999996 0.34818325 0.37805075781249997 0.3346872484375 0.3813469734375 0.336128028125 0.3895352484375 0.324673459375 0.392735709375 0.313230415625 0.3993977609375 0.306040565625 0.4098550859375 0.30793471562499997 0.4126957375 0.3140705390625 0.41587006718749997 0.3379325109375 0.4126202671875 0.3616126296875 0.4019220953125
0 0.21881602500000003 0.4397792265625 0.22979417500000002 0.43500320625000005 0.26055143125 0.42716889374999994 0.2696354296875 0.4195522203125 0.2711889203125 0.4144193140625 0.26504157500000003 0.40778339218750004 0.25185166406250004 0.4086683890625 0.23789076874999998 0.41385063437499997 0.2050459859375 0.40793433125 0.1903025828125 0.41395223437500006 0.187660496875 0.42233201875 0.19018986875 0.4272734171875 0.2018262890625 0.4315213296875 0.21159160781250003 0.439851775 0.21881602500000003 0.4397792265625
0 0.131920621875 0.474215334375 0.1483993671875 0.47051289687500003 0.1585834875 0.4631109390625 0.159025334375 0.4543017234375 0.14974795937500002 0.45100843125 0.14158222812500001 0.4513914484375 0.1105073609375 0.45817538593749996 0.07899064375 0.4737685421875 0.0747720171875 0.48035805 0.0790367375 0.4876149109375 0.0941092765625 0.4861089734375 0.125478709375 0.47345222343750004 0.131920621875 0.474215334375
0 0.1508225140625 0.39636285625 0.156219403125 0.36628210625 0.15552656250000002 0.346873396875 0.1377888890625 0.3498359328125 0.12102133906250001 0.36114198124999997 0.0733492484375 0.38321874375 0.082479340625 0.3894484421875 0.078090384375 0.39205116875 0.0760719984375 0.39907010625 0.079077790625 0.4055870671875 0.0718648953125 0.40912120625000004 0.0692112859375 0.4140393984375 0.0717521828125 0.4224423875 0.0766290796875 0.42487681562499996 0.1092689625 0.41642156249999995 0.134820184375 0.4016408578125 0.1508225140625 0.39636285625
0 0.216102278125 0.3794523484375 0.22832783124999997 0.37195463906250004 0.227340425 0.3584187421875 0.21177994375 0.354887525 0.2100100328125 0.342187284375 0.202603759375 0.3348114578125 0.1817360578125 0.341116625 0.1787648328125 0.3449844421875 0.1780168953125 0.356204878125 0.1829283625 0.36902408124999997 0.19631165 0.3790490484375 0.20715403906250002 0.380671025 0.216102278125 0.3794523484375
0 0.4506596625 0.3061319453125 0.458655065625 0.30176214687499997 0.45848473749999996 0.2977753671875 0.4539254515625 0.296391315625 0.4561026453125 0.2898975640625 0.4479253890625 0.28681898906250003 0.44306001562499997 0.28784615625 0.4240288484375 0.2796840109375 0.41319798125 0.28152362656249996 0.40520257812500005 0.2858934234375 0.4028665796875 0.29186198750000003 0.40571356718749996 0.2978537609375 0.4211382859375 0.30778297499999996 0.43275166093750006 0.3051077015625 0.4506596625 0.3061319453125
0 0.56632850625 0.2812652390625 0.5707731390624999 0.26401268125 0.5812973359375 0.248604971875 0.5801741687499999 0.2414670703125 0.572461809375 0.2365024625 0.5512764953125 0.24175725468749998 0.5531706453125 0.24459790625000002 0.5354905875 0.2648684046875 0.5362064765625 0.2912002984375 0.5451662374999999 0.29344321875 0.5574033140625 0.2894071 0.56632850625 0.2812652390625
0 0.7061564078125 0.2952130328125 0.7138457218750001 0.2932544546875 0.724971153125 0.28554202812499996 0.7212955671875 0.2665395421875 0.7244255953125001 0.2631969140625 0.7165313828125 0.250783934375 0.71428505 0.23650813125 0.7022067828125 0.24106943749999998 0.6978063031249999 0.240210571875 0.6747498859375 0.249547896875 0.677131978125 0.257425703125 0.669670609375 0.280679021875 0.6712701921875001 0.28939248281249996 0.6855602234375 0.2887222046875 0.693590196875 0.2947371859375 0.7061564078125 0.2952130328125
0 0.7478427671875 0.20955452812500003 0.749237453125 0.203896434375 0.7633571546875 0.199239375 0.7679279625000001 0.2040850171875 0.7727933359375 0.20305785312500002 0.7766713046875 0.18849478749999998 0.7662477156249999 0.17114041093750001 0.7671659828124999 0.1639067546875 0.7743673546875 0.156911025 0.75801284375 0.1507538734375 0.7421577984375001 0.15309546875 0.6949678890625 0.178478590625 0.6935732031249999 0.184136684375 0.701274040625 0.1856396984375 0.7039852671875 0.19802946875 0.6952534484374999 0.2170812921875 0.7017299296874999 0.22822918125 0.7304687999999999 0.22741380625000002 0.7334284984375 0.2200844 0.7478427671875 0.20955452812500003
0 0.6917002484375 0.154070690625 0.6901006640625 0.14535722812500002 0.6794055578125 0.1407988453125 0.6696171921875 0.125545215625 0.660498625 0.12277711250000001 0.6471614296875 0.1265985125 0.6388599375 0.133379528125 0.63561719375 0.15004334218749998 0.6392582124999999 0.15866105 0.67116168125 0.1648878234375 0.6826162484375 0.1616873609375 0.6917002484375 0.154070690625
0 0.587066934375 0.1889454515625 0.5837435296875 0.181378115625 0.56864794375 0.17596086875 0.569883825 0.1697775875 0.5653014921875 0.1614703515625 0.5549355203124999 0.16142393593749998 0.5412922375 0.16765655625 0.5370851359375 0.1777076546875 0.54122561875 0.19482410781249998 0.5508090828125 0.19570618125 0.557262515625 0.199930884375 0.5657458609375 0.20059824218750003 0.579241859375 0.1973020265625 0.587066934375 0.1889454515625
0 0.4709562421875 0.2226213703125 0.4742335546875 0.216342334375 0.47059253749999996 0.2077246265625 0.46067993906250004 0.2023305890625 0.45685706875000004 0.18626450781249998 0.44852100625 0.182660746875 0.4425555140625 0.1834731953125 0.4298535421875 0.1893953453125 0.42392261875 0.200592571875 0.42963964062500004 0.21949930312500002 0.44254650937499995 0.22794870937499997 0.4533888984375 0.2295706875 0.463902153125 0.226680696875 0.4709562421875 0.2226213703125
0 0.76409134375 0.0489526296875 0.773492953125 0.04238633125 0.7856057937500001 0.0482098046875 0.794077615625 0.04541556875 0.796719703125 0.037035784375000005 0.8098865671875 0.029227603125 0.8139463875 0.022112909375 0.8106229812500001 0.014545575 0.801969309375 0.009891440625000001 0.7870555765625 0.0119225640625 0.7628414218749999 0.0037372140625 0.7471451828125 0.0066039953124999995 0.7369610625 0.014005951562499999 0.7281716296875 0.015749812499999998 0.7206641671875 0.025156762500000002 0.7104685265625 0.0290971265625 0.7073384968750001 0.03243975625 0.7125790984375 0.049770928125 0.7217437609374999 0.06638540000000001 0.754201790625 0.050481776562500004 0.76409134375 0.0489526296875
0 0.7928205484374999 0.09062154375 0.801428128125 0.08142930937500001 0.8017226921875 0.0755564984375 0.7953819734375001 0.0580106125 0.78625188125 0.051780915625 0.7801506265625 0.058991364062499996 0.7599181500000001 0.067397278125 0.7560056140625 0.071575565625 0.7440746265625 0.0732004640625 0.7290251343749999 0.0816295875 0.724488896875 0.087168721875 0.728583284375 0.0904388046875 0.7273589312500001 0.10008367656249999 0.7201575578125 0.1070794109375 0.723492484375 0.1181083359375 0.7358998921875 0.11805899687500002 0.77449374375 0.10532970156250002 0.7928205484374999 0.09062154375
0 0.676965428125 0.075430253125 0.692673190625 0.07602506406250001 0.696426921875 0.0713215890625 0.69276285625 0.055780695312499996 0.6855153921875 0.0489300578125 0.6757846453125 0.050984390625 0.6375199281249999 0.0682256515625 0.6222770609375 0.0657448109375 0.6070572375000001 0.07018715156250001 0.59719073125 0.0786394828125 0.5989491218749999 0.0878781328125 0.608544109375 0.0922217984375 0.6308525890625 0.0941049046875 0.676965428125 0.075430253125
0 0.5379214109375 0.125697553125 0.539145765625 0.1160526796875 0.5345749578125 0.11120703437499999 0.5462779984374999 0.08828739218750001 0.544372325 0.0819851484375 0.538554115625 0.07986119375 0.5150212796875 0.087622959375 0.50064158125 0.10853760781249999 0.4981467765625 0.11398098593749999 0.505599140625 0.13520318125 0.5170767546875 0.1389259046875 0.5300963375000001 0.134054128125 0.5379214109375 0.125697553125