0 0.0885252109375 0.287796184375 0.0886634515625 0.29384635625 0.100629340625 0.30023206562500004 0.1332150609375 0.303767375 0.140079959375 0.3024505625 0.148784178125 0.29541451093750004 0.1663559875 0.2884926109375 0.16823300624999998 0.2844234171875 0.1670242984375 0.27463268125 0.15906379531249998 0.27110889375 0.1453214296875 0.27319250156249997 0.1268048265625 0.28187399062499996 0.1149394796875 0.2798884046875 0.10118454375 0.2814219953125 0.0885252109375 0.287796184375
0 0.194645490625 0.2522534984375 0.1868860640625 0.2575299625 0.1870997109375 0.2668802265625 0.2102123640625 0.2869113921875 0.223992434375 0.2864778328125 0.23571954062499997 0.28241324687499997 0.258354634375 0.2815438234375 0.2700566078125 0.27637920781249997 0.270800321875 0.26581936875 0.262839821875 0.2622955828125 0.2509744734375 0.260309996875 0.2362998796875 0.2647032078125 0.22638067187500002 0.2616735125 0.22529135312499998 0.257107925 0.21236810625000002 0.2519317875 0.194645490625 0.2522534984375
0 0.3450362375 0.2816206796875 0.3540546390625 0.2883350171875 0.368880040625 0.29054199375 0.381577075 0.28581785000000004 0.3832907171875 0.2745984546875 0.3602786015625 0.2589674125 0.3266601171875 0.253341584375 0.3159029390625 0.2567466109375 0.31010850625 0.2618039890625 0.309239115625 0.2668636734375 0.3143024015625 0.2729161484375 0.3450362375 0.2816206796875
0 0.46567592031249994 0.34792425 0.48033794687500003 0.34298102343750003 0.48307178593750005 0.33330213125 0.47550827656249994 0.3255984578125 0.471610834375 0.3059062890625 0.4645574234375 0.29897286562500003 0.4527549125 0.29973735625 0.4429927953125 0.3035828578125 0.43164271093749995 0.32414790781249997 0.43285141875 0.3339386453125 0.45581326562499996 0.34736962656250003 0.46567592031249994 0.34792425
0 0.316430484375 0.3660524796875 0.32537347968749997 0.369466725 0.3371634234375 0.3681522171875 0.3459179109375 0.36331622812500003 0.349458303125 0.345827578125 0.3472796671875 0.3366963984375 0.330200225 0.32205815000000004 0.3164327234375 0.32304172656249996 0.30771594062499996 0.32952776093749997 0.3079421515625 0.3394280421875 0.3160723140625 0.35037703750000004 0.316430484375 0.3660524796875
0 0.2108133578125 0.3563228953125 0.2264578796875 0.351270125 0.23839863125 0.35655580468750003 0.2501383046875 0.35304123593750003 0.2470902796875 0.3489697375 0.2538672078125 0.3438028171875 0.2378708015625 0.3334551515625 0.196618565625 0.338605940625 0.1888465734375 0.3433323875 0.188052590625 0.35169216406250003 0.1970332890625 0.3567564546875 0.2108133578125 0.3563228953125
0 0.0765404921875 0.34261983125 0.079714190625 0.3521914828125 0.086604225 0.35197470468750003 0.0926248703125 0.3568176046875 0.1074502734375 0.3590245796875 0.10272630625000001 0.367822525 0.10593770625000001 0.3790442234375 0.120800809375 0.382901246875 0.1345054734375 0.37916759375 0.1327940734375 0.34737623281249996 0.09605215624999999 0.334378815625 0.08817962812499999 0.3347051359375 0.0794125734375 0.3389911109375 0.0765404921875 0.34261983125
0 0.105432771875 0.4000543578125 0.0995755 0.402361659375 0.0938313375 0.4096190984375 0.086009078125 0.41214548281249996 0.06515046249999999 0.4045455890625 0.0642433734375 0.407955225 0.06484660625000001 0.43435597187499997 0.06677389375000001 0.43248684062500004 0.081574159375 0.433593784375 0.0982640140625 0.4311815515625 0.12363294843749999 0.42063323593749996 0.136430521875 0.42030921718750003 0.1501351875 0.4165755625 0.15493455625000002 0.4110777125 0.1608043953125 0.409320428125 0.1606912875 0.40437028750000004 0.143787790625 0.39743225625 0.129025225 0.397975359375 0.11826804843750001 0.4013803859375 0.105432771875 0.4000543578125
0 0.1754412859375 0.40327716875 0.18146193125 0.408120071875 0.19823975625 0.40955794687499997 0.216869465625 0.40582659843749996 0.24157008750000003 0.4091382125 0.257264878125 0.40628550625 0.2630718796875 0.40177814375 0.262870803125 0.39297789375000003 0.2568375875 0.3875849765625 0.24106739375 0.38713759062499997 0.2222617421875 0.383168721875 0.1928371515625 0.38865505312500004 0.1772051984375 0.3942578375 0.1754412859375 0.40327716875
0 0.28555616562499997 0.39430853125 0.2896118203125 0.39937051874999996 0.3222980796875 0.40730595 0.334050321875 0.40434139843750005 0.3596203359375 0.40259333125 0.37032724375 0.3969882421875 0.3789937578125 0.38830214375 0.374887834375 0.38104009375 0.34342284843750004 0.383445415625 0.328760825 0.3883886421875 0.3079273453125 0.3818887796875 0.29220741875 0.38364145625 0.2873577796875 0.38693924375 0.28555616562499997 0.39430853125
0 0.43142265156250004 0.35762579375 0.424947340625 0.3759930875 0.42707570781250004 0.3829242046875 0.4439038015625 0.38656214218749996 0.45192714062499995 0.39283600625 0.46772246875 0.394383425 0.47554472968750006 0.3918570375 0.4813517296875 0.3873496765625 0.4811632203125 0.37909944375000004 0.4642094515625 0.3699613515625 0.46484006093749997 0.3544513734375 0.46079697187499996 0.349939403125 0.45483916406249997 0.347846578125 0.4410842296875 0.34938016875 0.43142265156250004 0.35762579375
0 0.55145045625 0.3514118421875 0.54070584375 0.355366884375 0.5367381609375 0.3541550078125 0.5161308953125 0.3575554265625 0.5094042359375 0.3649224078125 0.5069845796875 0.38835168750000004 0.5159527109375001 0.3928659625 0.5297704828125 0.39408245000000003 0.558086903125 0.38320550781249996 0.566992196875 0.384969703125 0.5846645453125 0.382447928125 0.5924114015625 0.37662144999999997 0.595220646875 0.370242653125 0.592046946875 0.360671 0.5830788171875 0.356156725 0.5642857328125 0.352737871875 0.5631147265625 0.34459718125 0.5493723593750001 0.34668078750000003 0.55145045625 0.3514118421875
0 0.5896406828125 0.290967809375 0.583645171875 0.2872249375 0.5669301859375 0.2885371390625 0.5581631312499999 0.2928231140625 0.5533763296875 0.29887098125 0.525841325 0.30083813125000003 0.51218693125 0.3067718484375 0.5144032671875001 0.317553075 0.5656689671875 0.3195570953125 0.57151366875 0.3166997796875 0.5896406828125 0.290967809375
0 0.713009490625 0.2229309234375 0.705212365625 0.22655733906250003 0.69848570625 0.23392432031250002 0.6788986375 0.23886524531250003 0.6702069875000001 0.2464513109375 0.67137799375 0.2545920015625 0.684250971875 0.2575680765625 0.6930934296875 0.2565821953125 0.7136001578125 0.2487816546875 0.71764324375 0.253293625 0.730516221875 0.2562696984375 0.7482011390625 0.2542979390625 0.7559856968750001 0.2501215078125 0.7588326453125 0.24539275625 0.7556966468749999 0.2374711515625 0.7378483546875 0.23229270937500002 0.7307572421875 0.223709240625 0.7218519484375 0.2219450421875 0.713009490625 0.2229309234375
0 0.663599578125 0.3021460484375 0.6509528125 0.3090702515625 0.649201465625 0.31863960156250004 0.66112965 0.3233752671875 0.6787768640625 0.319753459375 0.6855789265625 0.31568657031249997 0.700341490625 0.3151434671875 0.72261213125 0.2983235921875 0.7264164390625 0.2923852671875 0.7252831359374999 0.285894621875 0.71535764375 0.282589921875 0.7025852046875001 0.28401397031250003 0.6908958000000001 0.2897286015625 0.685227040625 0.30028613437499996 0.67740478125 0.3028125171875 0.663599578125 0.3021460484375
0 0.670589865625 0.3925346078125 0.6794071890625 0.390448696875 0.7037182265624999 0.376709828125 0.7150431765625 0.355044746875 0.71493006875 0.3500946078125 0.706957 0.3460208046875 0.697132046875 0.347116228125 0.6844727140625 0.3534904171875 0.6720270265625 0.3692148703125 0.6623026125 0.3747104171875 0.65849830625 0.3806487421875 0.6587119515625 0.38999900625 0.670589865625 0.3925346078125
0 0.5582354703125 0.4328164484375 0.5683369046875 0.44382136875 0.5626178765625001 0.4521788390625 0.563826584375 0.461969578125 0.5688521671875 0.46637200625 0.5836398671875 0.466928934375 0.5963117671875 0.4611047609375 0.6106470421875 0.4418611296875 0.61244865625 0.4344918421875 0.5954697546875 0.42425372031249997 0.5883409390625001 0.4140202046875 0.567683403125 0.41522055937499996 0.5579966890625 0.42236615312500003 0.5582354703125 0.4328164484375
0 0.4229024640625 0.45893358749999996 0.43384815468750004 0.4637787953125 0.44394958906250004 0.474783715625 0.45681000000000005 0.47720977500000006 0.46954473593749996 0.474135678125 0.47318566874999995 0.4610471515625 0.4670267828125 0.450154078125 0.4746479640625 0.43882744531249995 0.472393925 0.426396171875 0.4605285765625 0.4244105859375 0.44582885 0.42770376718750003 0.43533558437500003 0.44265911874999997 0.42268881875000003 0.449583325 0.4229024640625 0.45893358749999996
0 0.3715335015625 0.479913653125 0.37074175781249996 0.44526267343750003 0.3441264140625 0.4443702046875 0.34308108125 0.44172966875 0.332198228125 0.439634540625 0.3194132203125 0.44050857499999996 0.30375613281249997 0.4450113296875 0.305859365625 0.45084241562500005 0.298414125 0.46986926718750005 0.300881809375 0.49165080312500004 0.3392242640625 0.48847868749999995 0.3715335015625 0.479913653125
0 0.20433559687499997 0.4478248625 0.1927970015625 0.4601396796875 0.183967109375 0.461675575 0.186535334375 0.4878572390625 0.191623753125 0.4950097453125 0.2035268046875 0.49864537656249996 0.214321684375 0.49689039687500003 0.22209367656249998 0.49216395 0.22753622187500003 0.4717061359375 0.2343759875 0.46928929375 0.2360393609375 0.4558698375 0.2358382828125 0.4470695875 0.22984277187500002 0.44332671718750005 0.2160501359375 0.44321026249999995 0.20433559687499997 0.4478248625
0 0.058800615625 0.45853695781250003 0.058119737500000004 0.4718468734375 0.0644042984375 0.4882401015625 0.07631991406250001 0.49242575000000005 0.07453086875 0.5003450546875 0.085451421875 0.504090228125 0.1011713484375 0.5023375531250001 0.12055733906249999 0.48859638125 0.1253190078125 0.48144848281249997 0.12489171562500001 0.46274795468749996 0.1178257390625 0.45526451718749994 0.11866999375000001 0.4491048046875 0.070490021875 0.452822328125 0.0626551921875 0.454798696875 0.058800615625 0.45853695781250003
0 0.1042176515625 0.5665136656249999 0.11404260468750001 0.56541824375 0.12476208281250001 0.5603631703125 0.1266391015625 0.556293978125 0.1242845234375 0.5394625796875 0.10980738281249999 0.5252526859375 0.0777826515625 0.5263098921875 0.0794055640625 0.5412096421875 0.0997221390625 0.5422011359375001 0.092138659375 0.555177815625 0.0952872234375 0.5636494375 0.1042176515625 0.5665136656249999
0 0.1719469921875 0.5562051734375 0.1837118015625 0.5537906359375 0.195602284375 0.556876253125 0.259363940625 0.5453558828125 0.27095280625 0.5352411265625 0.2677162703125 0.5229193953125 0.25295370625 0.5234625 0.2459128640625 0.5170790921874999 0.2252553265625 0.51827945 0.22140074843750002 0.5220177109375 0.18205066718750001 0.5241993375 0.1821763421875 0.52969949375 0.17051207031249999 0.53651415625 0.1719469921875 0.5562051734375
0 0.3124020109375 0.53871073125 0.3359441953125 0.5344316703125 0.3606950890625 0.5399433484375 0.37050747500000003 0.5382979109375 0.3753445484375 0.5344501046875 0.37511833437500003 0.524549825 0.358177134375 0.5159617484375 0.345354425 0.5151857343749999 0.32671215 0.51836706875 0.3119370171875 0.51836015625 0.30125524375 0.5250652765625 0.3014688890625 0.534415540625 0.3124020109375 0.53871073125
0 0.4399378890625 0.5162200078125 0.45890692031249997 0.5273390765625 0.47473995 0.5305365421875 0.4853965890625 0.5227313890625 0.4861654390625 0.5132715812499999 0.48212235156250005 0.5087596125 0.4702193015625 0.5051239796875 0.4620325875 0.49169991093750004 0.4540720875 0.48817612656250003 0.44323950312499993 0.4882810609375 0.430617871875 0.49630529687499997 0.43079381562499997 0.5040055125 0.4399378890625 0.5162200078125
0 0.52913669375 0.4812725453125 0.5253700875 0.4888609171875 0.526905546875 0.512952059375 0.5340469296875 0.5237355890625001 0.56950473125 0.523642178125 0.576344496875 0.5212253359375 0.58201325625 0.5106678015624999 0.600693234375 0.5091365156250001 0.6054674703125 0.5025386328125 0.6024320125 0.49901714999999996 0.6051532875000001 0.48878824375 0.5775303093749999 0.48690528750000006 0.564581928125 0.4806291171875 0.5684365062500001 0.47689085625 0.52913669375 0.4812725453125
0 0.668595384375 0.4791463359375 0.66801504375 0.49685637812500005 0.673028059375 0.500708790625 0.6897807515625 0.501046634375 0.70240238125 0.49302239999999997 0.7152250890625 0.4937984109375 0.719243040625 0.49721035156250004 0.7231604546875 0.49622216718749995 0.716976434375 0.48422906406250005 0.7069881062500001 0.4781742828125 0.70178658125 0.4660716359375 0.6928812843750001 0.46430743906250005 0.6781815578125 0.46760061875 0.670409565625 0.47232706718750006 0.668595384375 0.4791463359375
0 0.547756546875 0.579191559375 0.55469685 0.581174840625 0.5753041171875 0.5777744234375 0.578188765625 0.5746957171875 0.6231573390625 0.5597564953124999 0.6317484484375 0.5477703046875 0.6305271718750001 0.5374295499999999 0.609718828125 0.5320297203125001 0.5811510609375 0.5319063515625 0.570481853125 0.5391614875 0.5474172265624999 0.5643411390625 0.5435877859375 0.5691794328124999 0.547756546875 0.579191559375
0 0.41889885 0.5869414078124999 0.425889425 0.59112475 0.4455518984375 0.5894839203125 0.45625880781249994 0.5838788328125 0.45904291875 0.5764000031250001 0.46685261093749997 0.573323603125 0.48167801250000003 0.575530578125 0.49535754374999996 0.5706968921875 0.5000689421875 0.561348934375 0.49501822500000003 0.5558464734374999 0.4871079921875 0.5545227515625 0.446825684375 0.5590139828125 0.4197305390625 0.580231678125 0.41889885 0.5869414078124999
0 0.3035824453125 0.5838073984375 0.3135833421875 0.5904121921875001 0.32641861875 0.5917382203125 0.3381959953125 0.5898737 0.33936700000000003 0.5980143890625 0.3530968 0.59538076875 0.372834678125 0.5970400312499999 0.385431175 0.5879157640625 0.382244909375 0.577794096875 0.3583759703125 0.5677727531250001 0.33276825625 0.567870771875 0.30928890781249996 0.5748999109375 0.30448953749999996 0.5803977625 0.3035824453125 0.5838073984375
0 0.18908291875 0.6164244 0.188226096875 0.622034096875 0.19330195 0.6286365890625001 0.2090470109375 0.62798394375 0.238157415625 0.608747225 0.25290741250000004 0.6076541062499999 0.265604446875 0.6029299640625 0.26934591874999997 0.5942415624999999 0.26629789531250003 0.5901700640625 0.25538990625 0.586974903125 0.2240003265625 0.5926803203125 0.21218524843750003 0.5928947953125 0.20535805 0.595861653125 0.1987319296875 0.607628759375 0.18908291875 0.6164244
0 0.069987340625 0.6203287468750001 0.10448778437499999 0.621444909375 0.1358522296875 0.6146394640625 0.1436619234375 0.6115630640624999 0.15138364375 0.6046365546875 0.1482476484375 0.5967149484375 0.13636973125000001 0.5941793453125 0.119705015625 0.597691609375 0.113872878125 0.6010989421875 0.08041776875 0.6026233140625 0.0657557421875 0.6075665421875 0.0639792625 0.6160358609375 0.069987340625 0.6203287468750001
0 0.14484325468749998 0.663264525 0.11621265 0.660391078125 0.0828580796875 0.6663155781250001 0.07901606875 0.6706038546875 0.0792171484375 0.679404103125 0.08323509999999999 0.68281604375 0.091120196875 0.6830397375 0.0903010765625 0.6902994812500001 0.0943692984375 0.6959114843750001 0.0993069109375 0.696463803125 0.09263052187500001 0.7060308484375 0.1443497671875 0.7063300515625001 0.1636341 0.70969413125 0.18125617656249998 0.7049722953125 0.1759164109375 0.6868194765625 0.16154567656250002 0.6614023078125 0.14484325468749998 0.663264525
0 0.20372789687499998 0.6969526671875 0.2077207140625 0.6992645765625001 0.22932304375 0.6963046312500001 0.234021875 0.68640665625 0.23176783437499998 0.6739753828125 0.245334259375 0.6641915593750001 0.24208515625000002 0.6513198109375 0.2282548171875 0.649553309375 0.2194500625 0.6521892375 0.209738215625 0.6582348 0.200227446875 0.6730806109375 0.199559134375 0.686940540625 0.20372789687499998 0.6969526671875
0 0.432046071875 0.645028578125 0.43121438437500004 0.6517383078125001 0.43525747187499997 0.656250278125 0.44413763125 0.6569144453125 0.454907378125 0.6540594343749999 0.47031312031250005 0.63855636875 0.47521302656250003 0.6374586421874999 0.481964821875 0.6311916906249999 0.477909165625 0.6261297046875 0.4817763109375 0.6229414578125 0.48070584375000003 0.6192008906249999 0.4718256828125 0.6185367265624999 0.455274071875 0.6269991296875 0.4435092640625 0.6294136671875 0.432046071875 0.645028578125
0 0.5864737796874999 0.6355306640625 0.6080509734375 0.6314706890624999 0.6137825703125 0.623663234375 0.612636696875 0.6166225734374999 0.5979667109375 0.6068620578125 0.588453578125 0.5928508406249999 0.5775330234375 0.5891056640625 0.5647605828125 0.5905297140625 0.557013728125 0.5963561921875 0.5644692921875001 0.6208901109375 0.5873808687500001 0.632121028125 0.5864737796874999 0.6355306640625
0 0.698457590625 0.53592130625 0.6847906265625 0.5413050078125 0.6859742 0.5499957140625 0.7001815609375 0.56826268125 0.700370071875 0.5765129156250001 0.72497015625 0.57542440625 0.72884986875 0.572786175 0.7416348734375 0.5719121406250001 0.7393431328125 0.557830821875 0.7429463625 0.543092246875 0.7389661125 0.54133035625 0.7365612625 0.5222988953125001 0.7237008515625 0.5198728359375 0.7158534578125 0.5212991890625001 0.7041640515625 0.527013821875 0.698457590625 0.53592130625
0 0.799363284375 0.5856046921875 0.78462585625 0.5872478265625001 0.7815652640625 0.5826263125 0.7647371703125 0.578988375 0.7596864531249999 0.573485915625 0.7323650921875 0.5848033312500001 0.7297066562500001 0.5977823171875001 0.743813478125 0.611649159375 0.7450850234375 0.624189975 0.738295528125 0.6288068796874999 0.7413561203125 0.63342839375 0.7936420156249999 0.63697291875 0.8092991046875 0.6324701625 0.8228026906249999 0.6199362609375 0.8138596937499999 0.61652201875 0.8107614 0.6102504578125 0.8152214531249999 0.5899021859375 0.8070724390624999 0.5781281671875 0.8021725312499999 0.57922589375 0.799363284375 0.5856046921875
0 0.712344203125 0.70124828125 0.7260865703125 0.699164675 0.7338208578125001 0.6927881796875 0.7383311796875 0.674639971875 0.74699769375 0.6659538734375 0.745814121875 0.6572631671875 0.7349061328125 0.6540680078125 0.7231287562500001 0.6559325296875 0.695000846875 0.67505970625 0.6942319953125 0.6845195125 0.702431278125 0.6984935953125 0.712344203125 0.70124828125
0 0.6002516078125 0.6781078593750001 0.5914971203125 0.6829438484375 0.592881771875 0.7004348031250001 0.59994775 0.707918240625 0.61472288125 0.7079251531249999 0.6244724296874999 0.7035296375 0.6262237749999999 0.693960290625 0.6231506171875 0.6887887609375001 0.63569684375 0.67746443125 0.6364908265625 0.66910465625 0.6265402 0.664699921875 0.6128104015625 0.6673335453125 0.6050258421875 0.671509975 0.6002516078125 0.6781078593750001
0 0.478774075 0.7070915328125 0.47922650000000006 0.7268920921875 0.48827003593749996 0.7347064609375 0.502062671875 0.734822915625 0.507932509375 0.73306563125 0.5146717359374999 0.7262486640625 0.51331221875 0.7098577390624999 0.5209836703125 0.70073116875 0.5217525203125 0.6912713625 0.5167269375 0.686868934375 0.508829271875 0.6860952250000001 0.4980343921875 0.68785020625 0.4883225453125 0.6938957671875 0.478774075 0.7070915328125
0 0.8757919046874999 0.7142692328125 0.8669494468750001 0.7152551125 0.8573381390625 0.7257008 0.8464552890625001 0.7236056703125 0.8366680375 0.7263511390625 0.8011850984375 0.7253445203125 0.7976824078125 0.7444832171875 0.79809713125 0.7626337328125 0.8020773828125 0.7643956249999999 0.812897396875 0.7637406765625 0.822873159375 0.7692454390625 0.8316904828125 0.767159528125 0.8435683984375 0.7696951296875 0.8592380546875 0.76574239375 0.87951856875 0.7480415703125 0.8941931625 0.7436483578125 0.900907253125 0.7357313609375 0.9017012375 0.7273715859375 0.895680590625 0.7225286843750001 0.8808677578124999 0.7208717234375001 0.8757919046874999 0.7142692328125
0 0.8606506812499999 0.673193915625 0.8388472734375 0.6673536125 0.798564965625 0.67184484375 0.78686299375 0.677009459375 0.7871269078124999 0.6885597875 0.7960699046874999 0.6919740328125 0.8002009640625 0.700336109375 0.79735401875 0.7050648625 0.8033369609375001 0.7082577171875 0.8201147859375 0.70969559375 0.8318544593749999 0.7061810234375 0.8368297734375 0.708383390625 0.858482371875 0.7076235078125 0.8664554421874999 0.7116973093750001 0.8731318312499999 0.7021302640625 0.8736870359375001 0.68332019375 0.871596371875 0.6780391234375001 0.8606506812499999 0.673193915625
0 0.68008314375 0.7663684109375 0.6919861953125 0.7700040453125 0.7076935515625 0.767701353125 0.7212851109375 0.7590175578125 0.762650453125 0.7588169109375 0.772450271875 0.75662145625 0.7771616703124999 0.747273496875 0.7758147203125 0.7314325875 0.7708268406250001 0.72868020625 0.756215084375 0.73582349375 0.7070149140625 0.7380005140625 0.6865835890625 0.74910115 0.6788870046875 0.757127690625 0.68008314375 0.7663684109375
0 0.579910975 0.7793952734375 0.5999127671875 0.7926048625 0.62447515 0.78986630625 0.6292996546875 0.7854684875 0.6291488453125 0.7788683015625 0.6110492078124999 0.7626895484375 0.613858453125 0.75631075 0.60972739375 0.74794866875 0.5997767656249999 0.7435439374999999 0.586009265625 0.7445275140625001 0.5763476890625 0.7527731375 0.5758804546875 0.7754333171875001 0.579910975 0.7793952734375