0 0 0.284826584375 0.006523135937500001 0.28962022187500003 0.01116501875 0.28907099999999997 0.0112948078125 0.2787703640625 0.0195479671875 0.2665735546875 0.031152518750000004 0.267070571875 0.0444313734375 0.29074512656249996 0.048942846875 0.30797681875 0.075244990625 0.3273053984375 0.08156364687499999 0.3200126046875 0.09471518281249999 0.3240666859375 0.10142135781249999 0.3083128125 0.1090289625 0.306477665625 0.11470175625000001 0.3132866734375 0.12037393125 0.327575959375 0.13494358906249998 0.33426732656249997 0.1451284734375 0.35082774843750003 0.150414675 0.35487742187500004 0.1562172578125 0.351385790625 0.165113503125 0.3587484296875 0.18625954375 0.3599865625 0.1894845390625 0.34183949999999996 0.19580319531249998 0.3345467078125 0.1946446546875 0.3113081453125 0.19193820156250002 0.2957329359375 0.18162321875 0.29321328750000003 0.1714383328125 0.2766528625 0.1598340921875 0.2724157078125 0.1519693765625 0.26493102031250004 0.1461686453125 0.24598181874999997 0.14114048125 0.240031565625 0.1335350359375 0.21568574218749997 0.13482521875 0.20618283437499998 0.14294858906250002 0.2042866625 0.1487508640625 0.204535171875 0.152102871875 0.20974871875 0.185240053125 0.21424320468750002 0.18433893125 0.19658433749999998 0.17879561875 0.1832148328125 0.1728647890625 0.17830640625 0.1638384453125 0.1849845453125 0.12773584843750002 0.17803584687500001 0.08621942031249999 0.1511571453125 0.08080342812499999 0.1574081109375 0.07474095625 0.185241153125 0.0672609796875 0.2029566359375 0.061071804687499995 0.20368892968750002 0.050626412499999995 0.218950196875 0.0467570984375 0.232498365625 0.0413411078125 0.23874932968749998 0.042759228125 0.2413866171875 0.040824725 0.2462906328125 0.032701046875 0.25192694375 0.016841515625 0.25099834374999996 0.0110386234375 0.2582301125 0 0.25557333125000004 0 0.284826584375
0 0.2982774 0.0330793859375 0.2363856453125 0.040402332812500004 0.22877495312499999 0.079638865625 0.22193991406250002 0.09447296093749999 0.21188235 0.09753300937500001 0.20453216406250002 0.1049478515625 0.2006631578125 0.11475588125 0.1944736734375 0.11922831406250001 0.1764228375 0.1101437578125 0.1730702140625 0.1124104859375 0.1716511671875 0.12099361718749999 0.17319753437500002 0.132030959375 0.180546178125 0.14331681093749998 0.1857022796875 0.16140725625000002 0.19472738750000002 0.16968967343750002 0.21574425625 0.173748165625 0.230315146875 0.1654789796875 0.237021321875 0.14972510625 0.24901061093750002 0.175422290625 0.263580575 0.178373521875 0.2719607484375 0.189537321875 0.277375196875 0.20198705 0.2941370828125 0.2056139609375 0.30174530625 0.1962985359375 0.3293394859375 0.18368337343750002 0.33539887031250004 0.1932517171875 0.3461016796875 0.1835701453125 0.353321459375 0.19393621875 0.3589948703125 0.19326495 0.3627350125 0.1825371390625 0.35835301875000003 0.15874494687500001 0.3622232609375 0.1339763609375 0.3706043578125 0.1339197484375 0.38001636875 0.141221359375 0.38233808125 0.131596403125 0.38143665000000004 0.11767767656250001 0.387239234375 0.114186046875 0.38685295000000003 0.107686571875 0.38143819375 0.098976984375 0.37047765625 0.1068189984375 0.36557866250000004 0.09804838437499999 0.362999840625 0.09835350781249999 0.35590738125 0.1076079078125 0.3498470703125 0.10925998125 0.3299912140625 0.0985189390625 0.32573685 0.09060708125 0.3275427984375 0.081043146875 0.3223860765625 0.0704329765625 0.319550453125 0.057678128125000006 0.3040787484375 0.044548309375 0.2982774 0.0330793859375
0 0.44945058906249996 0.22141453437499997 0.44661249375 0.23858079375000002 0.429332371875 0.264936015625 0.423400925 0.26750786875 0.41695124375 0.300061853125 0.41759556406250004 0.304660746875 0.42932804999999996 0.31729795781250003 0.4299717546875 0.32937712812500003 0.42597388281250004 0.33826537968750003 0.428551471875 0.3529208109375 0.43525579375 0.35960777187500004 0.4594964234375 0.3604797546875 0.470069134375 0.364838959375 0.47406700468749996 0.35595070624999997 0.482706446875 0.350253371875 0.47999937812500004 0.342158440625 0.4801291671875 0.3318578015625 0.49818092968750005 0.3297219421875 0.5104297984375 0.3348178515625 0.5197126359375 0.3449398265625 0.531186778125 0.36321775624999997 0.535182796875 0.3767703375 0.5380193484375 0.378304771875 0.5425326734375 0.3730956328125 0.5429201921875 0.36463455312500004 0.5395681859375 0.3594210046875 0.5375060515625 0.3484446875 0.530414828125 0.3427385328125 0.5269345750000001 0.329124928125 0.53686389375 0.317664825 0.5456318921875 0.31662740624999997 0.54808246875 0.307922228125 0.54692361875 0.2884238046875 0.5402196046875 0.27799670781249997 0.5319676796875 0.27523296249999996 0.5290016468750001 0.2802590265625 0.522425571875 0.281972125 0.512368625 0.27755189375 0.502570021875 0.267490946875 0.49290182812500005 0.23964908125 0.4876153171875 0.2393395484375 0.47214484843750004 0.21124917656250003 0.4615721375 0.20688997343749999 0.452288375 0.2079884140625 0.44829081249999997 0.213136528125 0.44945058906249996 0.22141453437499997
0 0.28993841875 0.38521675 0.282459059375 0.395451953125 0.28465005468750004 0.407348046875 0.283746465625 0.4196102921875 0.29186890781249997 0.42893453593749997 0.2997339328125 0.43267908750000006 0.3038594328125 0.43967116562499997 0.30553528124999996 0.4441480109375 0.3029555328125 0.4556735484375 0.3061780578125 0.4674475953125 0.32010370312499997 0.46579993281250004 0.33144990625 0.47193767031249995 0.3394450296875 0.46164144374999994 0.3660064453125 0.4641088875 0.36807042968750003 0.45264437031250004 0.367168690625 0.44246578437500006 0.3732293109375 0.43707357187499996 0.37709739062500003 0.4384859578125 0.3848323171875 0.4562712828125 0.38895843281250003 0.45578308593749994 0.3979857046875 0.43788453125000004 0.3988889859375 0.429362428125 0.398760740625 0.42096237187499996 0.39295969999999997 0.405753309375 0.3876738078125 0.397963496875 0.37722934218750004 0.40200435 0.370395846875 0.39813775156250003 0.34899485625 0.3613988140625 0.346674378125 0.3560632171875 0.3487377453125 0.3520789796875 0.2983247640625 0.321577778125 0.289169865625 0.323596 0.283495528125 0.335487684375 0.284138303125 0.358787271875 0.2921312671875 0.3746720140625 0.28993841875 0.38521675
0 0.6001682125000001 0.380301659375 0.5983622640624999 0.3898655921875 0.6037773296875 0.39483504062499997 0.6031314671875 0.40893684218750004 0.591784028125 0.417759659375 0.5876569843749999 0.429468271875 0.5889446984375 0.449886471875 0.5943588375 0.4660763390625 0.5984846453125 0.46932828125 0.6002899765625 0.467244625 0.6160194078125001 0.4822140015625 0.6356184640625 0.47989506875 0.637038128125 0.46383166249999996 0.6335588000000001 0.4389976421875 0.6504510953125 0.4248436375 0.66025000625 0.431164446875 0.6792019640625 0.45790786875 0.6864232859375 0.4495732484375 0.6775292 0.41602963906249996 0.6599941296875 0.40688405781250003 0.6498080109375 0.40528419062500004 0.638978496875 0.3878650125 0.6382053125 0.382346340625 0.6414290734375 0.3791598328125 0.6400115703125 0.3690422703125 0.6429776015625001 0.3640162046875 0.621445896875 0.3487983234375 0.6084229156250001 0.3494041578125 0.60120159375 0.3577387796875 0.5973319703125 0.3750270859375 0.6001682125000001 0.380301659375
0 0.6863271421875 0.052198774999999996 0.6758832953125 0.0487593484375 0.6650519296875 0.0537810015625 0.6620858968750001 0.05880706718749999 0.6605376765625001 0.07021055625 0.6618266265625 0.075668203125 0.65331419375 0.104726146875 0.6428694203124999 0.1125071375 0.6450598000000001 0.1318835109375 0.6573071265625 0.15568011406249999 0.654727684375 0.163465515625 0.647248634375 0.169960578125 0.6349991484374999 0.1723449453125 0.6338381375 0.17902749375 0.628809046875 0.18429765625 0.6310003515625 0.19245361249999998 0.63938083125 0.1998772765625 0.6513722828125 0.1993934890625 0.6616878828125 0.1944328609375 0.6731629515625001 0.20149037656250002 0.675997959375 0.221725503125 0.6825734171875 0.22749268281249999 0.6861828453125 0.2382859265625 0.686181609375 0.25324648125000004 0.693401696875 0.25987241562499996 0.699202428125 0.2788216171875 0.7017809421875 0.2822566328125 0.7122250984375 0.28195592187499996 0.7193160140625 0.2914022140625 0.7224115265625 0.27981565 0.7270537171875 0.2755262921875 0.732340228125 0.2758358234375 0.737239528125 0.2808662984375 0.740334734375 0.273019875 0.7423993359375001 0.2540750828125 0.7452361953125 0.251869378125 0.7502643609375 0.25781963124999996 0.7550360328125 0.24696977343749998 0.752071234375 0.23703528281250003 0.7487189187500001 0.2355618734375 0.743175296875 0.22593250625 0.7442074437499999 0.2183301796875 0.751815975 0.2052746171875 0.7514300015625001 0.195035003125 0.7480779937500001 0.1898214546875 0.7420179921875001 0.187733390625 0.735444384375 0.159525378125 0.7157170828125 0.15344425625 0.707467009375 0.12823967812499998 0.7029561515625 0.10352770781250001 0.6863262156250001 0.063419190625 0.6863271421875 0.052198774999999996
0 0.4569123515625 0.424367234375 0.452012125 0.43055717656250003 0.4502049421875 0.45508166250000004 0.4367932109375 0.4791091328125 0.437824121875 0.4864673609375 0.43563158281250003 0.4932719578125 0.4282820140625 0.4932065234375 0.42351157656250005 0.48909582812499997 0.4171929203125 0.4963886203125 0.419126496875 0.5027050203125001 0.429183134375 0.5108653890625 0.4315033046875 0.519941125 0.43859514375 0.5181670031250001 0.44826519062500003 0.523568034375 0.4526493453125 0.5211792578125001 0.45484188437500006 0.514374659375 0.459870665625 0.5128446359375001 0.45948438437499994 0.5063451609375 0.46786625312499996 0.4969382015625 0.4781810828125 0.50132791875 0.48024259843749995 0.5197845125 0.48527045312499995 0.5294749046875 0.48372223437499995 0.54087839375 0.4917155046875 0.5530229984374999 0.50409385625 0.551558409375 0.5145389390624999 0.54003728125 0.5177633171875 0.5293704953125 0.5158297390625 0.5230540953125 0.508351615625 0.5183287453125 0.5064183453125 0.5082722046875 0.5089980953125 0.49674666562500003 0.5123504109375 0.498220075 0.51557448125 0.4912934296875 0.514801296875 0.48577475625 0.49816889062499997 0.47558734999999996 0.490304484375 0.46436252343750006 0.491981259375 0.4576189515625 0.49752611562500004 0.45228776406250004 0.49597943750000006 0.44499056093749995 0.46787227187499997 0.424005496875 0.4569123515625 0.424367234375
0 0.463343203125 0.61996170625 0.4575400015625 0.6309336140624999 0.4517380359375 0.6269449671875 0.440778115625 0.627306703125 0.43574995000000005 0.6213564500000001 0.4274977171875 0.62233284375 0.46114911875000003 0.645466996875 0.47120668437499996 0.642406946875 0.47146595625 0.6255458125 0.4771402921875 0.6136541265625 0.49699676718749997 0.6169148875 0.5049912734374999 0.6140989390625 0.509249340625 0.577129134375 0.5066711359375 0.569953978125 0.4981608640625 0.5728309546875 0.48861968281249996 0.5683497015625 0.4815287671875 0.55890340625 0.464766571875 0.559016634375 0.4527757390625 0.5520201453125 0.44864962343750003 0.5525083421875 0.444265159375 0.5586372578125001 0.4407812015625 0.5899053171875 0.4438751734375 0.597019446875 0.4606367515625 0.6043864953125 0.4638595859375 0.6124204046874999 0.463343203125 0.61996170625
0 0.236671290625 0.5663690171875 0.216164321875 0.633312134375 0.207266840625 0.6409100515625 0.21048998437500002 0.6452038203125 0.231249125 0.6474227546875 0.238212409375 0.640988715625 0.2413085421875 0.621921875 0.256524678125 0.607031165625 0.2640028015625 0.6117565171875 0.2695458046875 0.6288661624999999 0.280762528125 0.6415643984375 0.289788871875 0.6348862609375 0.2944316796875 0.6231166234375001 0.2924996453125 0.5980995296875 0.28721437031249997 0.58282944375 0.2935330265625 0.57553665 0.3046221203125 0.5723545515625 0.2979196515625 0.5432267609375 0.2927629296875 0.532616590625 0.28979720625 0.5339025171875 0.28605675625 0.5483704656249999 0.2796095421875 0.551003340625 0.258851328125 0.537563990625 0.2445390921875 0.5364523171875 0.23602789687499998 0.5505497078125 0.234479984375 0.5582130578125 0.236671290625 0.5663690171875
0 0.16563698437500002 0.42610463750000005 0.1551919015625 0.4376257671875 0.1510657859375 0.4381139625 0.1593177109375 0.4408777078125 0.1615093234375 0.44529352656250004 0.171567196875 0.4384933421875 0.17968964062499998 0.44781758437499997 0.178657184375 0.45916005000000004 0.170146296875 0.46951730156249993 0.1652448359375 0.4906677984375 0.1590556609375 0.4914000921875 0.1546711984375 0.497529009375 0.15815175937499998 0.5074024734375 0.166532240625 0.5148261390625 0.1728505890625 0.5112734828125001 0.18058675 0.514098253125 0.18574346875 0.5247084234375 0.1915457453125 0.52495693125 0.199409534375 0.5436620359375001 0.20456656406249998 0.5505320671875 0.2153982375 0.541770275 0.2212014375 0.5307983671875001 0.22687485000000002 0.530127096875 0.230487053125 0.50725909375 0.23577418125 0.50008835 0.2386107328125 0.5016227828125001 0.24299365 0.514194559375 0.253825325 0.505432765625 0.25640476562500003 0.49764736875000004 0.2549872609375 0.4875298015625 0.2503459984375 0.48059874531249996 0.24570596875 0.4587071359375 0.2422247890625 0.45631394687500004 0.243256934375 0.44871162187499997 0.2409367671875 0.439635884375 0.2320402125 0.436013384375 0.2316536203125 0.43325405000000006 0.21360247499999999 0.42790963125000003 0.1839480171875 0.40710764375 0.17453570000000002 0.40354616875 0.1689911515625 0.40513721562500005 0.165895946875 0.412983640625 0.16563698437500002 0.42610463750000005
0 0.050668709374999996 0.5672898890625 0.059951856250000005 0.5736717234375 0.060982767187499995 0.5810299515625 0.0578878703125 0.5851362375 0.06317438125 0.5854457703125 0.06897603906250001 0.5931745562499999 0.0758098421875 0.593301015625 0.0885741671875 0.6020760375 0.09076578125 0.6064918578125 0.10082396406250001 0.5959515328125 0.11629628437499999 0.6016010734374999 0.1266128125 0.5854200296875 0.1404099 0.5791124484375 0.151240340625 0.585311209375 0.149823453125 0.5677133671875 0.157173640625 0.560298525 0.12326605312500001 0.516624121875 0.121720303125 0.498106503125 0.08484513906249999 0.47815885781249995 0.0771083609375 0.4828143640625 0.0794288390625 0.4881499625 0.07620476875 0.49507660781249996 0.07568746093749999 0.5138383265625001 0.069625915625 0.530450953125 0.0581486859375 0.549574409375 0.04950924375 0.5552717421875 0.0482193671875 0.5610345125 0.050668709374999996 0.5672898890625
0 0.70240859375 0.48882301093749997 0.69918606875 0.477048965625 0.7071818078125001 0.45927246093749996 0.7026694078125 0.4532611828125 0.69880101875 0.45558893593749994 0.6891309734375 0.4501879046875 0.685392065625 0.44595515937499997 0.685263509375 0.44129524218749994 0.6734009234375 0.44269880781250004 0.67945845625 0.47470798125 0.6768783984375 0.4899736578125 0.6790693953125 0.5018697546875 0.6730081578125 0.5147422453125 0.6708146921875 0.5327672578125 0.6629484328124999 0.5439832625000001 0.665397775 0.5502386390625 0.6704268640625 0.5449684765625 0.6764868671875 0.5470565421875 0.70484713125 0.6259832421875 0.70433105625 0.6297844046875001 0.7105193062499999 0.640272525 0.711678465625 0.656030809375 0.70819605 0.6685981765625 0.719541946875 0.6784760515625 0.72212076875 0.6781709296875 0.7261189484374999 0.6655425375 0.731534940625 0.659291571875 0.7528092281250001 0.668929759375 0.7608055859375 0.643672978125 0.7584863421875 0.6233768265624999 0.753845078125 0.61644576875 0.7517829468749999 0.6054694515625 0.7463678812500001 0.600500003125 0.740695703125 0.5862107171875001 0.744565328125 0.568922409375 0.734895590625 0.5597812375 0.7355408359375 0.553159715625 0.743406478125 0.5494239875 0.7430201953125 0.5429245125 0.7303853515625 0.527588990625 0.7213611671875 0.5080861578125 0.7098861000000001 0.5010286421875 0.70240859375 0.48882301093749997
0 0.5519264703125 0.6010654265625 0.5813253625 0.5938468875 0.5913832359375 0.5870467015624999 0.599764334375 0.5869900875 0.6027300578125 0.5857041609375 0.6116284640625 0.5668858296875 0.6166569375 0.56909594375 0.6173034171875 0.547513865625 0.6091800484375 0.5494100375000001 0.596802315625 0.54339435 0.5783658125 0.520330040625 0.56444109375 0.5107572890625 0.5570915249999999 0.510691853125 0.5514171890624999 0.522583540625 0.5543804437500001 0.5512187234375 0.5436770156249999 0.568380571875 0.545094209375 0.582238275 0.5414826234375 0.597626 0.546768515625 0.6054158109375 0.55037886875 0.604988640625 0.5519264703125 0.6010654265625
0 0.6027316015624999 0.5670034703125 0.6047937343750001 0.5779797875 0.5983452875 0.5955732171875 0.6015678125 0.6073472640625 0.6009225671875 0.6139687875 0.5966669687499999 0.62101748125 0.591767359375 0.6197271468750001 0.5811934125 0.630328496875 0.5867367234375 0.643698003125 0.5931830109375 0.6522855437499999 0.6254162921875001 0.6727824078125 0.6300572468750001 0.683453603125 0.64346589375 0.6968275203125 0.6490104390625 0.695236471875 0.6545559125 0.6824250078125 0.670544615625 0.6805332468749999 0.670545234375 0.67305296875 0.6620355796874999 0.6684496656250001 0.654944665625 0.6590033734375 0.6515929671875 0.6500496859375 0.653398915625 0.640485753125 0.6585568703125 0.63613536875 0.6579125515625 0.6315364765625 0.6412801453125 0.6213490671875 0.6298056937500001 0.606811275 0.6268415140625 0.5893965062500001 0.6305810375 0.586148975 0.6120153640625 0.565905028125 0.60750265625 0.5636338875 0.6027316015624999 0.5670034703125
0 0.35270814375000004 0.67606306875 0.3515468234375 0.686485753125 0.3587669109375 0.6931116875 0.36714831718749996 0.689314934375 0.37913915 0.696311425 0.40351111250000005 0.6681820796875 0.409958015625 0.6692893421874999 0.41369785 0.662301671875 0.411635715625 0.6513253546875 0.40170763281250005 0.647824903125 0.393456325 0.6375808796875 0.38701065625000003 0.6215130640625001 0.3870118921875 0.6065525078125 0.3690899203125 0.59838773125 0.36302960781250004 0.6000398031249999 0.3604495515625 0.61530548125 0.35413089375 0.6225982734375 0.351035071875 0.6379249765624999 0.34046174218749997 0.64104605 0.33891414062499997 0.6449692609375 0.34445714375 0.6620789046875 0.35270814375000004 0.67606306875
0 0.3026817515625 0.6483212015625 0.3008754953125 0.661625271875 0.3026799 0.670762034375 0.3302728453125 0.6731074265625 0.335431109375 0.66501690625 0.33414370312499997 0.6408585640625 0.3300185109375 0.6301263453125 0.3039728625 0.627597878125 0.299717571875 0.630906434375 0.3026817515625 0.6483212015625
0 0.3506413796875 0.7211888296875 0.3597953515625 0.7303910250000001 0.3661137015625 0.72683836875 0.3648247515625 0.7213807250000001 0.3574758 0.7138350109375 0.35631664218750003 0.6980767265625001 0.3533512265625 0.6956225140625001 0.3536095734375 0.6899817953125 0.3511599234375 0.68746655625 0.33194715 0.6962849640625 0.330012646875 0.7011889796874999 0.3315590140625 0.712226321875 0.32962420312499996 0.7208704765625 0.3323306546875 0.7364456859375 0.345095596875 0.73774043125 0.345870634375 0.720818271875 0.3506413796875 0.7211888296875
0 0.85109371875 0.2776805109375 0.83226815625 0.28177797656250003 0.8272399921875 0.275827721875 0.8238886015625001 0.2631338984375 0.812026015625 0.2645374609375 0.800293528125 0.25190025 0.789204125 0.258822484375 0.7823690875 0.27365658125 0.777080725 0.29578788125 0.781076434375 0.31308059843749997 0.7676659375 0.322147515625 0.766633790625 0.3297498390625 0.7702429078125 0.3442832234375 0.7697265265625 0.3518245265625 0.7569606578125 0.3617501953125 0.75257526875 0.379099528125 0.7639202390625 0.40019781875 0.7778455734375 0.40229029531249993 0.7888058046875 0.3981884171875 0.79189915625 0.41278282656250004 0.795766928125 0.41793535000000004 0.8009248828125 0.41358496562499997 0.8116264578125 0.41886394843749997 0.8138177640625001 0.42701990624999997 0.8228437984375001 0.42408190625 0.8285169 0.427150775 0.8303222328125001 0.4250671203125 0.8290332828125001 0.419609475 0.8323865250000001 0.4098624671875 0.8326461046875 0.38926119375 0.83496781875 0.3796362359375 0.8472169953125 0.38099200624999996 0.852375259375 0.3729014828125 0.8514732109375001 0.366463034375 0.8385797140625 0.3605083703125 0.8339387578125 0.349837175 0.82530055 0.34057395625 0.8178233515625 0.3246281875 0.813440740625 0.308316271875 0.8173097484375 0.2985082421875 0.8371649874999999 0.3167295578125 0.8517352609375 0.31594065 0.8547019109375 0.303434309375 0.8536709984374999 0.29607608124999996 0.855347775 0.28933250625 0.8532853328125001 0.2820963296875 0.85109371875 0.2776805109375
0 0.8080108578124999 0.482873478125 0.813940453125 0.5027424578125 0.819097790625 0.5058723515625 0.8243846109374999 0.5024417453125001 0.8283812453125 0.508514046875 0.829669578125 0.521451971875 0.8208997265625 0.5449302203124999 0.8276046656249999 0.5441369015624999 0.828507640625 0.5393549359375001 0.8336655953125 0.5350045515625 0.8379218109375 0.520475578125 0.8464311562500001 0.5288190203124999 0.8478489687499999 0.5351964453125 0.8546824640624999 0.5390630437499999 0.8577764328124999 0.5461771718749999 0.8630629437499999 0.54648670625 0.8680911078125 0.552436959375 0.8733779281249999 0.549006353125 0.8715747578125 0.5249090390625 0.8802145093749999 0.515471565625 0.8804737812500001 0.4986104296875 0.89182029375 0.5010080265625 0.9003293296875 0.5130916078125 0.9094851546875 0.49985297187500005 0.9118074843749999 0.4827477375 0.9092298968750001 0.46809230625 0.890277321875 0.44882915937499995 0.8853783296875 0.4400585453125 0.872098240625 0.43134454843750003 0.8679727406250001 0.42435246718749997 0.8674575921875001 0.41693321406250006 0.8601089500000001 0.405647365625 0.84476549375 0.4009176015625 0.8340626828125 0.4105991734375 0.8215517625000001 0.45602564843750004 0.8100757703125 0.460188546875 0.801435709375 0.473366159375 0.80233775625 0.479804609375 0.8080108578124999 0.482873478125
0 1 0.574040303125 0.991614728125 0.5621324796875 0.9794971921875 0.528035240625 0.9811739671874999 0.5212916671875 0.9874923156250001 0.5177390125 0.9956153765625 0.5195829796875 0.9899425828125 0.512773971875 0.9867188234375 0.5159604796874999 0.9811104625 0.5096113625 0.9787261703125001 0.4963355984375 0.9809193265625 0.482050725 0.9738277953125 0.48008470625 0.965188659375 0.4820419046875 0.9401686734375 0.5504540203125 0.93513773125 0.5781650171875 0.9503513984374999 0.5931954140625 0.9580875593749999 0.5960201859375001 0.9606673078125001 0.5844946453125 0.96904840625 0.5844380328125001 0.9757536546875001 0.579904575 0.9836189875000001 0.579908984375 1 0.590382271875 1 0.574040303125
0 0.8161231156250001 0.615622296875 0.819087296875 0.6330370656250001 0.8117364921875 0.647932184375 0.8290141453125001 0.6514980687499999 0.842167221875 0.636851459375 0.8496456546875001 0.6378366718749999 0.85454495625 0.6428671453125 0.8625394625 0.640051196875 0.8643451015625001 0.6342274031249999 0.8621534875 0.6298115828124999 0.8662811484375 0.61062269375 0.8751773921874999 0.61798533125 0.88149605 0.6106925390625 0.8804651390625 0.6033343109375 0.8706674609375 0.5820529453125001 0.856355534375 0.577201134375 0.8472015609374999 0.5679989390625 0.8407558921874999 0.551931121875 0.8340512609375 0.5489843015625 0.8263141734375001 0.5573799484374999 0.8229609328124999 0.5671269546875 0.8232183515625 0.57270665 0.8266992234374999 0.5788399765625 0.8268274703125 0.5872400328125 0.8228296 0.596128284375 0.8166401140625 0.60060071875 0.8161231156250001 0.615622296875
0 0.14381884218750002 0.7568800921875 0.16071144375 0.7389859484375 0.159680225 0.7353678593749999 0.1471736265625 0.7284323921875 0.1439507921875 0.7203984828125 0.1452415921875 0.7034152984375 0.14292111406250002 0.6980797015625 0.12319381250000001 0.691998578125 0.11829358593749999 0.69818851875 0.11597125625 0.715293753125 0.11751731406249999 0.7300712328125 0.12447905781249999 0.7423378890625 0.12331835625000001 0.7452802984375 0.1270572640625 0.74951304375 0.1316992984375 0.7470937531249999 0.14381884218750002 0.7568800921875
0 0.1604571125 0.696004865625 0.165355178125 0.7159958953125 0.1995177171875 0.7951711031250001 0.20557771875 0.7972591687499999 0.21860100624999998 0.7929131953125 0.2162808375 0.783837459375 0.217312984375 0.7762351328125 0.21176936406250002 0.7666057656249999 0.2170586515625 0.73325405 0.22298979062500002 0.7344223359375001 0.21009721875 0.7172472562500001 0.2094528984375 0.712648365625 0.2142245703125 0.7017985062500001 0.21332252187499998 0.6953600578125 0.20391113125000002 0.680578165625 0.1992695578125 0.6773872484375 0.1861177140625 0.6770733046874999 0.16561691875 0.6692136515625 0.1604571125 0.696004865625
0 0.1849459 0.81466070625 0.1876538953125 0.8115352218749999 0.189589015625 0.7991509296875 0.18120915312500002 0.784246990625 0.18340261875 0.7662219765625 0.180179475 0.7619282078125 0.15258653125 0.7595828140625 0.14536428437499999 0.77913785 0.13775636875 0.7847131359375 0.1403345734375 0.7918882890625001 0.1451053203125 0.792258846875 0.1567111046875 0.777795309375 0.160192284375 0.7801884968749999 0.163414809375 0.7919625453125 0.1774674671875 0.8136754921874999 0.1849459 0.81466070625
0 0.0950792390625 0.7607768421875 0.09894608437499999 0.7771497828125 0.1004915265625 0.7994075406250001 0.11377346875000001 0.7856807078125 0.1173844390625 0.777773259375 0.1164826984375 0.7675946703125 0.12022284218749998 0.7568668609375 0.12073922343750002 0.749325559375 0.11841843593750001 0.7477301 0.0964992125 0.740973296875 0.0950792390625 0.7607768421875