0 0.0719114578125 0.9198396265625 0.0761707421875 0.9251455453125 0.08484048125 0.92835969375 0.0887145015625 0.9206178156249999 0.09170095625 0.8765576046874999 0.10001956249999999 0.8491035296874999 0.091785796875 0.8468853828125 0.0906290484375 0.8364996890624999 0.09416851875 0.8036582203125 0.102604171875 0.7864268875 0.10179951875 0.7779517234375 0.108541021875 0.7734422796875 0.109932821875 0.7755157609375 0.11197906875000001 0.7647043984375 0.11820071875 0.7601134796875 0.12578100625 0.7464587765624999 0.128833790625 0.7246731 0.132187959375 0.71684974375 0.1331779171875 0.7003067953125 0.13072982500000002 0.692501728125 0.124039034375 0.6849593765625 0.1227984078125 0.675488209375 0.1243247984375 0.6645953703124999 0.10723695468750001 0.6554234937500001 0.1027094515625 0.6472925203125001 0.09838287343749999 0.6484697625 0.0888070546875 0.6608840359375 0.0857542703125 0.6826697125 0.079616496875 0.6863461046875 0.066184203125 0.6833131953125 0.062813453125 0.685567915625 0.06006301562500001 0.6925582203125 0.061756200000000004 0.708594025 0.058586371875 0.7201569609375 0.051760990625 0.7255809296875 0.048336278125 0.7250441750000001 0.059771365624999996 0.8965704890625 0.0670152765625 0.9042294921874999 0.0719114578125 0.9198396265625
0 0.411675509375 0.697189771875 0.4214863796875 0.6764632859375 0.4302907109375 0.666711115625 0.426551278125 0.6614866734375 0.415366153125 0.6569506171875 0.40991599218749997 0.6588794328125 0.40778586875 0.6706053203125 0.401144825 0.6797688703125 0.38749406249999996 0.69061680625 0.3856994546875 0.6986845921875 0.3780187046875 0.7076851875 0.331349 0.7105750640624999 0.32380284375 0.706609340625 0.320834903125 0.698722796875 0.3098506984375 0.7034949546875 0.299101546875 0.6999549 0.2950431859375 0.703957196875 0.29551232656250004 0.71609046875 0.30800537499999997 0.72361453125 0.31939142343750004 0.7374588046875 0.32237594999999997 0.75091398125 0.3199776078125 0.759814815625 0.320866140625 0.7673754546875 0.3162206296875 0.777779434375 0.3168741109375 0.7936522859374999 0.3194899578125 0.7996283015625 0.335705853125 0.8068081734374999 0.3413062265625 0.826239365625 0.3429994125 0.8422751703125 0.349203515625 0.8608733125000001 0.3433339625 0.8673747609375001 0.3523050859375 0.8845512328125 0.3667263703125 0.8997988875 0.368973540625 0.898295740625 0.383664971875 0.8588530609375 0.3772423984375 0.8541357656249999 0.3746265515625 0.84815975 0.3784674078125 0.8292806046875001 0.3907936625 0.809876025 0.4025493546875 0.802441765625 0.4046794796875 0.7907158765625 0.40761425625000003 0.787465153125 0.40904018750000004 0.7719182078125 0.399481915625 0.7611434187499999 0.39684948593749997 0.7495987703125 0.397604390625 0.741368034375 0.4031725609375 0.7209042640625001 0.40946150625 0.7098301859375 0.411675509375 0.697189771875
0 0.623740878125 0.7308088796875001 0.6270950453124999 0.722985525 0.6274646890625 0.7017069921875 0.6319424421875001 0.6931320640624999 0.624379703125 0.6835977078125001 0.6127917671875001 0.6892029156249999 0.6024620078125 0.68109023125 0.5976487421875001 0.6933232640625 0.5905717265625 0.7014908109375 0.5898499875 0.7208588140625001 0.5799054875 0.7257939234374999 0.5693240953125 0.7204248171875001 0.56575241875 0.7133713234375 0.566474159375 0.6940033203125 0.5604543953125 0.6791447578125 0.553193040625 0.683572725 0.5414041828125 0.6798697171875 0.537462865625 0.6940947546875 0.5292788484375001 0.708582509375 0.531391425 0.7200456828124999 0.5266786203125 0.7369328234375 0.53590138125 0.7513657171875 0.5364378140625 0.7570158265625 0.54495638125 0.7676276625 0.553341321875 0.762448121875 0.5653818140625 0.7634075515625 0.5801883625 0.7917030031250001 0.5864090484375 0.8158697796875 0.5724061890625001 0.8248071875 0.5704604062499999 0.84027265625 0.5810749656249999 0.85677903125 0.5992698140625 0.8596307015625 0.60373001875 0.874244834375 0.6049872281249999 0.8892846359375 0.6135057953125 0.8998964703125001 0.61553449375 0.9122741703124999 0.61987765625 0.9166655609375001 0.62923500625 0.918132134375 0.6338970984375 0.9132967875 0.6365470734375 0.901652375 0.6222428328125 0.8966274609375 0.6148478484375001 0.8852640515625 0.613171246875 0.87479688125 0.6149161078125001 0.850023196875 0.6129878703125 0.8422996046875 0.6184575062500001 0.7596663375 0.623203478125 0.7539164656249999 0.622482703125 0.7445267734375001 0.623740878125 0.7308088796875001
0 0.9356847374999999 0.8195896125000001 0.94173863125 0.816827746875 0.9446734093750001 0.8135770234375 0.950292290625 0.7810614609375001 0.9490350812499999 0.766021659375 0.941807853125 0.7528291968749999 0.92222120625 0.7479040453125 0.9169553828125 0.7535724421875 0.9110692453125001 0.7545052578125 0.8480694906249999 0.6537194328125 0.849428128125 0.6446556484375 0.8436931640625 0.638190775 0.8431235625 0.621403396875 0.838528765625 0.619755584375 0.82997606875 0.6267641765625 0.82192664375 0.6282856109375 0.81191485 0.63970388125 0.805458146875 0.6526070125000001 0.804853453125 0.6821977578125 0.8078213953125 0.6900843015625 0.8159712828125001 0.6932169734375 0.8168598156250001 0.7007776140625 0.809598459375 0.705205578125 0.8078877265625 0.7123588359374999 0.8024541468749999 0.719856284375 0.79692010625 0.722699628125 0.7951079515624999 0.7539564734375 0.8017485109375 0.7591717703125 0.81041776875 0.7767647671875 0.8334756296875 0.7840893046875 0.840334175 0.789802603125 0.85448628125 0.8309829000000001 0.8652851828125 0.85122885625 0.8921175671875 0.8173997125 0.9043423984375 0.822098721875 0.9123918249999999 0.8205772874999999 0.918865109375 0.8132427906249999 0.9356847374999999 0.8195896125000001
0 0.6536905125 0.5480035734375 0.6541937828125 0.5425164140625001 0.647050434375 0.528409428125 0.646028275 0.5050574140624999 0.63323384375 0.483571025 0.6273477062499999 0.48450384062499996 0.617688009375 0.49783263906249997 0.6090016859375 0.48904985468750006 0.6102764421875 0.4809005953125 0.608432084375 0.47226247812500005 0.6118203828125 0.44681869531249996 0.6063370531250001 0.43761024531250003 0.59914299375 0.43555504999999994 0.5908419312500001 0.4398200640625 0.5823896984375 0.45148276249999997 0.576335803125 0.454244628125 0.5716229984375001 0.47113177031250003 0.5726285765625 0.48891514999999997 0.56652396875 0.503728809375 0.5593464906250001 0.5072422484375 0.552118303125 0.5228074828125 0.5627328625 0.53931385625 0.5725261859375 0.5417764328125 0.5852874531250001 0.5521255515625 0.5893789796875 0.559260521875 0.5971758078125 0.5892403609375 0.607438271875 0.60383620625 0.613156653125 0.6047324453125 0.63331483125 0.568929584375 0.6536905125 0.5480035734375
0 0.4235274390625 0.5852163421875 0.4395775046875 0.536709878125 0.44880122812499995 0.5223850765625 0.44861688906249997 0.5186454953124999 0.43786773749999996 0.515105440625 0.43293742812499997 0.5171157328125 0.42607887968749997 0.511402434375 0.41910328906250005 0.49546639218750005 0.423564459375 0.48132283124999997 0.4232796578125 0.4729291421875 0.4177290359375 0.47020385 0.410568140625 0.47928592343750004 0.4006236421875 0.48422103437499997 0.3901417453125 0.5122637296875 0.37909024687500004 0.523519046875 0.402498275 0.5902695046875001 0.4091051890625 0.59872638125 0.416383125 0.5998670500000001 0.4235274390625 0.5852163421875
0 0.23119509843750002 0.5170376140624999 0.2371992421875 0.497569846875 0.2439241625 0.4874917703125 0.24553443281249998 0.47568440624999997 0.24102351562500002 0.47312206718749994 0.23896068593750003 0.47836479687500005 0.2227945375 0.4878908234375 0.2197085875 0.49853923437500003 0.2148787390625 0.505203634375 0.2017478296875 0.5161330453125 0.1970691546875 0.5153997593749999 0.1933297234375 0.51017531875 0.1924411921875 0.5026146796875001 0.18870176249999998 0.49739023906249996 0.172955003125 0.5023436359375 0.16691769375 0.5106741343750001 0.1591199015625 0.509451990625 0.15182538125 0.502742690625 0.14736421093750002 0.5168862515625 0.1386271765625 0.5201552625 0.1376703859375 0.547835478125 0.13493653125 0.5603944171874999 0.1365292546875 0.5717761125 0.1406207796875 0.5789110843749999 0.144695725 0.5804774203124999 0.150045425 0.573894496875 0.16319291875 0.56853371875 0.17441120937500001 0.5842070421875001 0.1796594859375 0.6017277062499999 0.185746546875 0.6101031078125 0.20100661718750001 0.6162055 0.20706050937499998 0.6134436359375 0.20999528750000002 0.6101929125 0.2080670484375 0.6024693203125 0.2173590296875 0.5529036625 0.22319541874999999 0.5352649484375 0.231043921875 0.5244353 0.23119509843750002 0.5170376140624999
0 0.0884062359375 0.40652949843749997 0.11803880781250001 0.38241595156249997 0.1244955078125 0.3695128203125 0.1250826578125 0.3631111359375 0.10563059999999999 0.345219665625 0.0895142 0.3714515953125 0.080609409375 0.376549659375 0.0746062265625 0.36725973125 0.0705819953125 0.3536416015625 0.05168295625 0.3469688734375 0.049871764062500004 0.3494680234375 0.04532575 0.3932838078125 0.046063109375 0.40824213125000003 0.0492826875 0.413385096875 0.0590077515625 0.45108852656250004 0.068213928125 0.45995278749999996 0.07894649687500001 0.4579242078125 0.085503659375 0.44967518437500004 0.0916755625 0.42837836406249996 0.09157510156250001 0.42372425625 0.0873996953125 0.41750381406250003 0.0884062359375 0.40652949843749997
0 0.24556952656250003 0.42930628437499996 0.2560192234375 0.361368625 0.265193196875 0.330337921875 0.2730251171875 0.3139396390625 0.2679104671875 0.3122103515625 0.264204203125 0.3181231765625 0.2573622390625 0.3179785109375 0.25357209687500004 0.3248058640625 0.2383451921875 0.3298407375 0.22439304531249998 0.32672635156249996 0.215102990625 0.31877661874999996 0.207338365625 0.328691740625 0.2031795421875 0.32803993125 0.1994401140625 0.3228154890625 0.201234721875 0.31474770625000004 0.19647216875 0.31492894531250004 0.1921621734375 0.32167482187499996 0.1941742890625 0.3284838859375 0.19107079375 0.3623213578125 0.18266926875 0.3619322640625 0.18079078125 0.3709145734375 0.1840942375 0.37514301250000004 0.19336770781249998 0.3775241125 0.2050053921875 0.3886248046875 0.2219245171875 0.4283834296875 0.2311306921875 0.4372476890625 0.23797265781250002 0.437392353125 0.24556952656250003 0.42930628437499996
0 0.249011428125 0.3055376234375 0.25016914218749997 0.287165621875 0.2541104578125 0.272940584375 0.2532053453125 0.2598113125 0.2452397953125 0.2604182203125 0.23747613437499998 0.24157564687500002 0.2414174515625 0.227350609375 0.2339551734375 0.2224703609375 0.23325098125000002 0.2186493015625 0.22780081874999997 0.22057811875 0.2265767734375 0.21667558437499998 0.215659865625 0.21496458281250003 0.2091027015625 0.22321360625 0.20455765312500002 0.2382716953125 0.20737442343749998 0.2535559234375 0.20415388124999997 0.2771706546875 0.1977137625 0.29564241875 0.2039851609375 0.30775740156250003 0.1926820265625 0.32175629843750003 0.1929999953125 0.3412872546875 0.1958840578125 0.350088325 0.198483321875 0.35049570625 0.2019886640625 0.33527466562499997 0.21426420781250002 0.32792188125 0.21869124687500002 0.33139874687500004 0.24424791250000003 0.3344765578125 0.25744611562499997 0.3170639859375 0.2550984875 0.313913025 0.2517277359375 0.31616774687500004 0.249011428125 0.3055376234375
0 0.10006628437500001 0.25065265625 0.10373938437500001 0.2336025625 0.1117390609375 0.21537522656250002 0.114843521875 0.15278006093750002 0.11447484375000001 0.1453008984375 0.1101316828125 0.1409095078125 0.11045061249999999 0.13168276875 0.091484278125 0.1314932015625 0.0887172578125 0.132914871875 0.0889181796875 0.14222308749999998 0.0790409765625 0.14067503750000002 0.0738590328125 0.1454289078125 0.071242221875 0.1682105875 0.07308658125 0.17684870625 0.069715828125 0.1791034265625 0.0680050984375 0.186256684375 0.064465625 0.21909815156249998 0.0659578890625 0.22582574218749998 0.06423057343750001 0.227410365625 0.0683893953125 0.22806217499999998 0.0754322828125 0.2375150546875 0.0767567890625 0.246071696875 0.0833637 0.25452857500000003 0.09062505625 0.250100609375 0.095488071875 0.25457347656249996 0.10006628437500001 0.25065265625
0 0.220222459375 0.17671743281250002 0.2288424515625 0.16322568125 0.233051984375 0.1518256984375 0.2332031609375 0.1444280109375 0.2289272921875 0.13355345937500002 0.1682215640625 0.1342434765625 0.16555500625 0.1403192546875 0.1667117546875 0.150704946875 0.17088715937500001 0.15692539218749998 0.1737878078125 0.171295096875 0.1733849984375 0.18143636093749999 0.21249099999999999 0.1977698234375 0.22329086406249998 0.1892580828125 0.220222459375 0.17671743281250002
0 0.328285503125 0.171389965625 0.3351781796875 0.15948283593749998 0.3421879 0.1577984484375 0.34148370781250004 0.1539773921875 0.3236077921875 0.1418989828125 0.31004090781250004 0.15183239375 0.30531151875 0.1631509015625 0.30541198125 0.167805009375 0.3031648140625 0.16930815625 0.294914465625 0.1615213765625 0.2875526484375 0.1612952328125 0.2788653609375 0.18127014531250002 0.2772716734375 0.19864614375 0.2797870578125 0.1999680515625 0.2866963171875 0.1936295578125 0.3017720484375 0.1959923703125 0.30086596875 0.21162079218750002 0.3030624234375 0.2221694375 0.326120284375 0.2294939765625 0.325835484375 0.22110028750000002 0.32199559375 0.21122173906250002 0.333650821875 0.1991333703125 0.3364851390625 0.19122853906249998 0.3362842171875 0.1819203234375 0.3294588359375 0.18734429375 0.3270946234375 0.1786246984375 0.328285503125 0.171389965625
0 0.390479640625 0.29245831875 0.398579778125 0.2788850890625 0.41310249062500004 0.2700291578125 0.41429336875 0.26279442343750004 0.412281253125 0.255985359375 0.4078542140625 0.25250849375 0.39487447656249997 0.2560402203125 0.391268675 0.266607153125 0.3863383640625 0.268617446875 0.3834708828125 0.265385009375 0.381894740625 0.259571946875 0.3825326015625 0.2411184703125 0.376546003125 0.237397175 0.371364059375 0.24215104531249998 0.3594922875 0.2106048703125 0.362058384375 0.199874984375 0.35184566875 0.20198504062499997 0.34594295 0.19734921875 0.33945308125 0.1991150828125 0.3340195015625 0.2066125328125 0.334136546875 0.2168352734375 0.3260032421875 0.21927123437499998 0.324510978125 0.21254364531249997 0.3105422484375 0.20386062656249998 0.3072719578125 0.2107694546875 0.30790885625 0.22107367187500002 0.3278641828125 0.23347798593750002 0.3307482484375 0.24227905624999999 0.33208933749999997 0.25640433125 0.3367172984375 0.26918941093750004 0.3329769046875 0.292722665625 0.351372675 0.3048825484375 0.356922334375 0.3363655359375 0.369314921875 0.33923549375 0.37540198125 0.34761089375 0.38016453437500003 0.34742965625 0.37669332187500004 0.34503026875 0.37649239843750004 0.3357220546875 0.3817416390625 0.32448502343749996 0.3848948859375 0.307353453125 0.390479640625 0.29245831875
0 0.43910882031250004 0.365944690625 0.4340448828125 0.35216360625 0.4352191796875 0.339360240625 0.44134036875 0.330115215625 0.4381042078125 0.319403615625 0.42631535156249994 0.315700609375 0.4174105578125 0.320798671875 0.415984625 0.3363456171875 0.403842709375 0.3594897765625 0.3835684515625 0.3563122015625 0.386552978125 0.369767378125 0.37518255 0.3902494359375 0.384321428125 0.40559685625 0.38765805000000003 0.4209625609375 0.3984569515625 0.4412085171875 0.40712669218749997 0.44442266718749995 0.412912365625 0.43883574531249997 0.41708873593750007 0.4162984953125 0.42035902500000005 0.409389665625 0.42126510625 0.39376124375 0.4315616984375 0.3907366625 0.43691139999999995 0.3841537390625 0.43910882031250004 0.365944690625
0 0.5610060015625 0.3822665625 0.565702221875 0.3598107875 0.5718234125 0.3505657625 0.571974584375 0.343168075 0.5669106484374999 0.32938699374999997 0.55530613125 0.3294235671875 0.550208065625 0.3332629125 0.5476760953124999 0.3263723703125 0.5435172734375 0.3257205609375 0.536943528125 0.32840094999999997 0.511033803125 0.3521703046875 0.5106144125000001 0.3567429359375 0.515326253125 0.3686134890625 0.523055784375 0.40507648749999997 0.5376362968749999 0.42290019843750004 0.54698463125 0.443150725 0.551847646875 0.44762359375000005 0.560936778125 0.4462651125 0.5579854171874999 0.4439472015625 0.5573485203125 0.43364298437500004 0.560334009375 0.41834046718750006 0.5637886390625 0.41517122031250003 0.5597478265625 0.39598445625 0.5610060015625 0.3822665625
0 0.520309203125 0.2970360140625 0.522674378125 0.2769979125 0.5318483515625 0.245967209375 0.5376174453125 0.2348116546875 0.532586675 0.2321678390625 0.5280923375000001 0.235174134375 0.5263816078125 0.2423273921875 0.521551759375 0.2489917921875 0.51377055 0.2533382796875 0.5069461343749999 0.23000455468749997 0.49762291249999996 0.210917553125 0.485213740625 0.2024789625 0.471009959375 0.20210815625 0.467052059375 0.2107645609375 0.46116592343749996 0.2116973734375 0.45816385156250006 0.22143125624999999 0.4594044796875 0.23090242343749998 0.4504323921875 0.2424836484375 0.45212557656249996 0.2585194515625 0.45779324531250004 0.271467484375 0.4645679140625 0.278095309375 0.48500992812500004 0.2794438328125 0.48727367812500005 0.28350931875 0.4899899875 0.2941394421875 0.49082780625 0.3137518734375 0.488161246875 0.3198276515625 0.48801007187499995 0.3272253390625 0.49689731875 0.3453163375 0.5078308093749999 0.35259597187499997 0.522085303125 0.34091498593749997 0.534747071875 0.3178523015625 0.533254809375 0.31112471406250003 0.5259685796875 0.30719972812499996 0.520309203125 0.2970360140625
0 0.439819759375 0.16846188281250002 0.44367719687499996 0.155151371875 0.44163191562500004 0.13720503906249998 0.445170425 0.1331212640625 0.4379597796875 0.1254974375 0.4107596796875 0.123089721875 0.399943234375 0.126032828125 0.38979685000000003 0.15041741875 0.39231223437499996 0.151739328125 0.39338510625 0.163039546875 0.398164240625 0.16842694062500002 0.3951953359375 0.1892980921875 0.3867431 0.2009607921875 0.369420203125 0.20010112656249998 0.3614878203125 0.2118453015625 0.359525453125 0.2217421390625 0.3688486734375 0.2408291390625 0.3785415359375 0.23863760625000002 0.38809980781250003 0.24941239375 0.4445794203125 0.254553728125 0.4489898765625 0.252461959375 0.44746444687500003 0.23459710312499998 0.433378675 0.21569134218750002 0.43188641250000004 0.2089637546875 0.435223996875 0.195571765625 0.43919848124999994 0.1924839953125 0.439819759375 0.16846188281250002
0 0.5392793921875 0.1821948 0.539430565625 0.174797115625 0.543488928125 0.17079481875 0.5458033890625 0.162808509375 0.543271421875 0.15591796875 0.5391125999999999 0.155266159375 0.53713365 0.15959436093749998 0.5295201984375 0.162111796875 0.5253447921875 0.15589135468749998 0.52529504375 0.139185453125 0.521303978125 0.136704590625 0.49490756874999997 0.1715297359375 0.49312954062500003 0.185166153125 0.5176455359375 0.21683870781249998 0.5323857515625 0.22285962499999998 0.532285290625 0.2182055171875 0.5378193312499999 0.21536217500000002 0.539261846875 0.20538386250000001 0.54425945 0.196890409375 0.5449304765625 0.1895742 0.5392793921875 0.1821948
0 0.61604888125 0.2248400390625 0.6284755984375 0.2100895671875 0.6328528906249999 0.19686053125 0.6321486984375 0.19303947500000002 0.6271179265625 0.190395659375 0.62203740625 0.17104594374999998 0.6124284234374999 0.1723229484375 0.6068436687500001 0.187218084375 0.599481853125 0.18699194218749998 0.5947700109375 0.17512138906250002 0.5856477140624999 0.165342603125 0.5762396515625 0.17592782499999998 0.57375743125 0.1857431828125 0.5436557203125 0.19772346093749998 0.5390102109375 0.20812744218749998 0.5509151484375 0.250810884375 0.55594591875 0.2534547 0.57021603125 0.276100040625 0.5742909765624999 0.277666378125 0.579204703125 0.27008745156249997 0.5855268140625001 0.2701506421875 0.5800434859375 0.260942190625 0.5809661484374999 0.2508824015625 0.584974759375 0.23017420156249999 0.5909954875000001 0.21627507031249998 0.5985084765625001 0.209103525 0.6123260328125 0.22518422968750001 0.61604888125 0.2248400390625
0 0.64826220625 0.2530806296875 0.646686065625 0.24726756718749998 0.6510799375 0.239607165625 0.65592636875 0.2385114 0.647240046875 0.22972861562500002 0.6336731624999999 0.23966202656250002 0.6261270062500001 0.23569630312499998 0.622420740625 0.24160912968749998 0.6198712265624999 0.25790765000000004 0.614437646875 0.2654050984375 0.6088031453125 0.2635943328125 0.60670715 0.25769979374999996 0.6017602578125001 0.254141453125 0.5923356125 0.2591580390625 0.5857452828125 0.2562697953125 0.581971721875 0.26866578125 0.586583103125 0.2758822265625 0.5883601671875 0.29100350625 0.60078591875 0.30501073125 0.603066253125 0.31464485 0.6187447515625 0.34493230625 0.6276992921875 0.3565401453125 0.636268571875 0.3551001875 0.6465485828124999 0.346506971875 0.653877234375 0.335595846875 0.6569466015625001 0.3193788015625 0.6568295578125001 0.30915606093750003 0.649686209375 0.29504907343750003 0.6396744156249999 0.30646734375 0.633503478125 0.2990064671875 0.6387029703125 0.2710635359375 0.64826220625 0.2530806296875
0 0.6908052890625 0.28943390625 0.700129475 0.27976321249999997 0.7147536109375 0.2468036921875 0.7152402984374999 0.2357479015625 0.7140162531249999 0.23184536875 0.7007682984375 0.2325520390625 0.6993267484375 0.21377265625000003 0.702261525 0.2105219328125 0.7004337484375001 0.2074524484375 0.682791921875 0.215819521875 0.6750272953125 0.22573464687499997 0.67392029375 0.2320548546875 0.663975796875 0.2369899640625 0.6563457609375 0.23393876875 0.6478271953125 0.2233269328125 0.64264525 0.22808080312499998 0.6403307875 0.23606711093750002 0.642259025 0.2437907015625 0.6513979062499999 0.2591381203125 0.665786025 0.263248509375 0.6811797234375 0.28514227812500004 0.6908052890625 0.28943390625
0 0.7288023640625 0.369602965625 0.7273608125 0.35082358281250003 0.7369366312500001 0.33840930937499997 0.7358471765625 0.32154045625 0.7328626515625001 0.308085278125 0.7280835171875 0.302697884375 0.719765871875 0.3013942640625 0.713544221875 0.3059851828125 0.7020899140625 0.327381765625 0.68099345625 0.3389180859375 0.6786458265624999 0.335767125 0.677656834375 0.3235523796875 0.673833525 0.3192424640625 0.65870708125 0.32893144531249996 0.6573318640625 0.3324265984375 0.6600315890624999 0.33748808750000003 0.6596287796875 0.347629353125 0.6519314484375001 0.351061315625 0.6469504265625 0.3651234015625 0.649666734375 0.37575352500000003 0.6591079625 0.3763055703125 0.661069365625 0.39516642968750004 0.6758934609375 0.4002728203125 0.6963510937499999 0.435947671875 0.7065969765625 0.4449748828125 0.7144786453124999 0.4452825015625 0.7235346109374999 0.432786753125 0.7183277921875 0.429187671875 0.7096165953125 0.4120519390625 0.711981771875 0.3920138375 0.7148160875 0.3841090078125 0.7288023640625 0.369602965625
0 0.7958852000000001 0.2591372078125 0.7966401046875 0.2509064734375 0.8094023343750001 0.2324978953125 0.8110126046874999 0.22069053125 0.8073570546875001 0.21455156406250003 0.7948971703125001 0.2181647671875 0.7881225015625 0.211536940625 0.7792850062500001 0.21015184374999998 0.7615592984374999 0.21943344531250003 0.7558067875 0.2361576328125 0.7654489390625 0.24601789531249998 0.7669412 0.252745484375 0.764006425 0.2559962078125 0.7818150453125 0.274557775 0.78597386875 0.2752095859375 0.7977968546875001 0.261292165625 0.7958852000000001 0.2591372078125
0 0.83925839375 0.5451644765625 0.8411534640625 0.5417508 0.8475760359375 0.546468096875 0.85825885625 0.527733615625 0.8488849234375 0.520698409375 0.8428817421874999 0.5114084812499999 0.8401986015625 0.5119156265625 0.8334736796875 0.5219937015625 0.8171904890624999 0.5212969890625 0.8125615625 0.5372696046875001 0.8082349828125001 0.538446846875 0.7987605890625 0.5267575328125 0.785412175 0.5228100953125 0.78640213125 0.5062671484375 0.7836692421875 0.49006839218750003 0.782009221875 0.48516985625000003 0.774027090625 0.48020812968750004 0.763218934375 0.4859355515625 0.7561170453125 0.4857501484375 0.750364534375 0.5024743375 0.7155666015625 0.5369103875000001 0.7146273562500001 0.5414015421875 0.716907690625 0.5510356625 0.7238501171875 0.5558344375 0.7404771125 0.5556573609375 0.7964276156250001 0.5866905953125 0.815730428125 0.5544643640625 0.8335400109375 0.5442682359375 0.83925839375 0.5451644765625