0 0.5015375390625 0.1724718328125 0.4943789484375 0.1694284640625 0.4907756984375 0.1650051125 0.49379575625000005 0.1605060765625 0.4791696296875 0.1581433078125 0.46321190156250003 0.1590697359375 0.462992171875 0.16331354843749998 0.4501090171875 0.17663110625 0.45656050156249994 0.18660256875 0.4703424 0.189570253125 0.4769244046875 0.194778065625 0.4969727546875 0.195590703125 0.5163486984375 0.1869611109375 0.5184353140625 0.1825471546875 0.5156762921875 0.1775188859375 0.5061155359375 0.171526615625 0.5015375390625 0.1724718328125
0 0.64258143125 0.24303665468750002 0.6390194859375 0.2333298109375 0.650481825 0.222781609375 0.6508320765625 0.21377414843749998 0.639047578125 0.205872665625 0.6237143484375001 0.2104379859375 0.6078111359375 0.22825457968750001 0.60888830625 0.2455795078125 0.6187167046875001 0.2531313046875 0.63187410625 0.2524601 0.638717146875 0.2481406078125 0.64258143125 0.24303665468750002
0 0.729847421875 0.24330526406250003 0.7334919765625 0.24244512343750002 0.7379394546875 0.246263559375 0.750472359375 0.24195345937499999 0.7777206046875 0.240525975 0.7886542671875 0.23794554843750002 0.793095140625 0.23067715781250003 0.7914826875000001 0.21023317656249998 0.772574296875 0.1829180015625 0.7083039234374999 0.19511134218749998 0.7041372984375001 0.21502608906249998 0.7111240671875 0.22811660156250002 0.7179258 0.22908060156249999 0.729847421875 0.24330526406250003
0 0.8972441546875001 0.152548440625 0.893497175 0.13071508437499998 0.8657136453125001 0.129023521875 0.85944719375 0.13117856875 0.8414441531250001 0.1312354671875 0.8245050734375001 0.1264436375 0.799748209375 0.1313398671875 0.801889340625 0.1438160734375 0.8158083609375 0.153106934375 0.8258564921874999 0.15641492031249998 0.8972441546875001 0.152548440625
0 0.8831103375 0.2303926734375 0.8923555437499999 0.229022084375 0.9014636250000001 0.22132831562500002 0.8991027640624999 0.213095921875 0.8865632531250001 0.2063191921875 0.879089109375 0.195912965625 0.8364118140624999 0.1902991046875 0.8221012390625001 0.195299196875 0.8190811796874999 0.1997982296875 0.8235765671875 0.20941999843749998 0.850790115625 0.22436283281249997 0.8831103375 0.2303926734375
0 0.6243602015625 0.3136363546875 0.6381420999999999 0.316604040625 0.6524526765625 0.3116039515625 0.6558229812499999 0.2980974578125 0.6511970781249999 0.293239340625 0.6369691093750001 0.2876724421875 0.6371888390625 0.2834286328125 0.6316774046875 0.2844589265625 0.62740835 0.28168017343749996 0.6187050359375 0.297256640625 0.619377440625 0.3066988703125 0.6243602015625 0.3136363546875
0 0.8630200109375 0.6521221109375 0.861777625 0.6559311531249999 0.8643169140625 0.66520323125 0.872498159375 0.66868136875 0.8854771343750001 0.6669704765625 0.902141965625 0.6591159515625 0.9138785546875001 0.66121410625 0.9269467406249999 0.6600230578125 0.938278565625 0.6542385078125 0.9372972109375001 0.6485202484375 0.9248469125 0.6422633609374999 0.8928835484375 0.6383128874999999 0.88643866875 0.6394282546875 0.879019040625 0.6459121859375 0.8630200109375 0.6521221109375
0 0.7751509624999999 0.6569627484375 0.764574153125 0.661622540625 0.7653357749999999 0.671584609375 0.7735170203124999 0.6750627437500001 0.7852536078125001 0.677160896875 0.79880916875 0.6732855640625 0.8088126921875001 0.6763336296875 0.810504453125 0.6806672109374999 0.8237097640625001 0.6857993390625 0.8407793609375 0.6858275171875 0.847533184375 0.6809881843750001 0.8460165515625 0.672150871875 0.8208896203125 0.6527940796875 0.807643003125 0.65294544375 0.79688776875 0.656565553125 0.7751509624999999 0.6569627484375
0 0.713140728125 0.6823257625 0.7230517359374999 0.6793105734375 0.727938678125 0.6746413890625 0.7280691953125 0.6698777375 0.72233141875 0.664065009375 0.6914320140625 0.6552658109375 0.6817820421875 0.6487537 0.6671559171875 0.6463909296875 0.6555564546875 0.650615953125 0.6554738453125 0.6611829421875 0.6798870671875 0.6763809968750001 0.713140728125 0.6823257625
0 0.58486958125 0.6361322234375 0.59375793125 0.632682265625 0.6018367515625 0.6134669046875 0.5992974625 0.604194828125 0.5752410968749999 0.5910761359375 0.565639034375 0.5903673609375 0.5521726859375 0.594762534375 0.55088899375 0.60385506875 0.5592726234375001 0.6112745546875 0.565795975 0.6299510203125 0.5735790625 0.6366332796874999 0.58486958125 0.6361322234375
0 0.7000923218749999 0.6173420593750001 0.713249721875 0.6166708546875 0.720758565625 0.6107067609375 0.7191527171875001 0.6013496109375 0.7097670828125 0.5908536109375 0.707224490625 0.5760381171875 0.6981098015625 0.5726450546875 0.686908496875 0.573665953125 0.6791320171875 0.578070521875 0.678163875 0.5945259171874999 0.6815473953125 0.6031930765625 0.7000923218749999 0.6173420593750001
0 0.7876574421875 0.6083053390625001 0.8267727953125 0.604212353125 0.8336158328125001 0.5998928609374999 0.8332110671875 0.5920101609375 0.8238287375000001 0.587057575 0.810582121875 0.5872089390624999 0.7961823328125 0.5916891859375 0.7839104625 0.5864719843749999 0.773066015625 0.5895722484375 0.77658005 0.5934757578125 0.770759665625 0.59823001875 0.7876574421875 0.6083053390625001
0 0.908676140625 0.567709090625 0.893782371875 0.563786796875 0.8810710390625 0.5670572140625 0.8871788796875 0.5971229640625 0.9244818625000001 0.6100902875 0.9320386140625001 0.6099295312499999 0.9399043078125 0.6060448093749999 0.9421693515625 0.6026705328124999 0.9377631765625001 0.5935686046875001 0.9311398687500001 0.5936442859375 0.924647078125 0.5889563156250001 0.910020953125 0.5865935484375 0.91334995625 0.5783705453125 0.908676140625 0.567709090625
0 0.9406064765625001 0.516225428125 0.9390072328124999 0.517955103125 0.9245595328125 0.5166320171875001 0.9087802343750001 0.5185981328125 0.8857597374999999 0.5280878640625 0.8734465625000001 0.528154153125 0.860735228125 0.5314245671875 0.8568709437500001 0.5365285156249999 0.8514487171875 0.5380786515625 0.8522516437500001 0.5427572265625 0.8695475765625 0.5496284250000001 0.883727634375 0.5493919859374999 0.893638640625 0.5463767921875 0.9062194578125 0.5478700296875 0.9115524671875 0.5458000546874999 0.916082553125 0.5390515031249999 0.9232824468749999 0.536811378125 0.944490578125 0.5443819609375 0.9448887390625 0.5411778359375 0.9406064765625001 0.516225428125
0 0.7537462546875 0.5432875453125 0.7551736765625 0.5516050124999999 0.7617556765625 0.556812821875 0.7770476046875 0.55753099375 0.7957643546875001 0.5616328296875001 0.8234107609375 0.5570012171875 0.8377213375 0.5520011265625 0.8381608 0.543513509375 0.831668009375 0.5388255390625 0.8152642125 0.5371527625 0.7977964562500001 0.540328709375 0.773479053125 0.5367373203125 0.7587224078125 0.5391382015625 0.7537462546875 0.5432875453125
0 0.6436893109375 0.5538462187500001 0.6486720734375 0.560783703125 0.678720646875 0.5591009921875 0.6921869921875 0.55470581875 0.7132166953125 0.5612367140625001 0.72815176875 0.559875515625 0.7323729078125 0.556850934375 0.7330800125 0.54992284375 0.7284541078125 0.545064721875 0.69577703125 0.536955515625 0.68484336875 0.5395359390625 0.6603954484375001 0.5407082015625 0.650841296875 0.5458027578125 0.6436893109375 0.5538462187500001
0 0.5499521421875 0.5486785921874999 0.5449759875 0.552827934375 0.5463141953124999 0.5606255609375 0.5639669859375 0.5695761265625 0.5655315296875 0.5842167703125 0.5700682234375 0.588555046875 0.57611494375 0.59064380625 0.58918313125 0.5894527593750001 0.5973577718749999 0.5818440687499999 0.601037025 0.5646136046875 0.5980103609375 0.5580258125 0.5812497078125001 0.554273665625 0.5726223921875 0.548196321875 0.5571520375000001 0.5464384703125 0.5499521421875 0.5486785921874999
0 0.51078888125 0.5469682437500001 0.4972746265625 0.5455600828125 0.471453803125 0.5553050374999999 0.4626067546875 0.5534715015625 0.4458940109375 0.55552269375 0.43922940156249995 0.56088186875 0.43741042812500003 0.5668553515625 0.4418166015625 0.5759572796875 0.4511097171875 0.5803900234375 0.4697372546875 0.583972021875 0.47200890156249997 0.591684571875 0.48498787656250003 0.5899736828125001 0.48231807031249996 0.58546525625 0.4921398609375 0.5819302234375 0.4961412703125 0.5831494484374999 0.515565125 0.580323196875 0.521028653125 0.5734895671875 0.5200819984375 0.5514009890625 0.51078888125 0.5469682437500001
0 0.5264904593749999 0.6283729578125 0.5228393 0.61814626875 0.473051321875 0.6152923796875001 0.4678075265625 0.6178821937500001 0.453908321875 0.6418518171875001 0.46022268281249995 0.6455001 0.4761804109375 0.6445736703125 0.4840461078125 0.6406889437500001 0.48782117812500003 0.635065153125 0.5141359828125001 0.6337227390625 0.5264904593749999 0.6283729578125
0 0.36722397500000004 0.671632034375 0.35882299687499997 0.672397709375 0.340112853125 0.6793827 0.3355761609375 0.675044421875 0.3227277046875 0.6719916640625 0.3059257484375 0.673523009375 0.2989934953125 0.6773226593749999 0.296906878125 0.6817366171875 0.3010454125 0.6892790234375 0.3190071484375 0.6945056171874999 0.32705787656249996 0.702747403125 0.335904925 0.7045809390625 0.34430590156249996 0.7038152656250001 0.35132736875 0.70053545625 0.3567908984375 0.6937018328125 0.3750136671875 0.6894011265625 0.38234408124999997 0.6823973515625 0.38007243125 0.6746847984375 0.36722397500000004 0.671632034375
0 0.34361696406250003 0.6169383515625 0.3244673546875 0.6324109609375 0.321625725 0.637949678125 0.3236297328125 0.644102703125 0.333677865625 0.647410690625 0.34581260937499997 0.6463047171875 0.356300203125 0.6411250828124999 0.3602950078125 0.6312574828125 0.36749490156250003 0.6290173578125 0.38091994375 0.629905678125 0.39216255312500004 0.6236012875 0.3925128 0.6145938265625001 0.380330146875 0.609896465625 0.36379583125 0.6129873375 0.3577970203125 0.6167019140625001 0.34361696406250003 0.6169383515625
0 0.3422357453125 0.5867934421875 0.3535675671875 0.5810088921875 0.36338275468750003 0.56638703125 0.37200346562500003 0.5613775515625 0.3748450953125 0.5558388328125 0.37332845937500003 0.5470015218750001 0.36150265937500003 0.544383528125 0.353280109375 0.546188884375 0.331728334375 0.5587125921875 0.32382794062500003 0.5789676359375 0.324630865625 0.5836462124999999 0.3329013265625 0.5876441906250001 0.3422357453125 0.5867934421875
0 0.4236235921875 0.48099637968750003 0.41247680468750003 0.49890744062500003 0.4117697015625 0.5058355328124999 0.42960091718750004 0.51582578125 0.4379192859375 0.5256270921875 0.457699996875 0.5248802046875001 0.466053065625 0.5183111953124999 0.4643580015625 0.508434203125 0.45306087812499996 0.49784843125 0.45741253750000005 0.490060196875 0.4548732453125 0.48078811874999994 0.44940311250000003 0.47653491406250004 0.4350446265625 0.47573167187500004 0.4236235921875 0.48099637968750003
0 0.5500083265625 0.49376429687499995 0.544235853125 0.504321890625 0.54815465625 0.5161081015625 0.55989124375 0.5182062546874999 0.57362523125 0.5153706062500001 0.5816627484375 0.5014387359375 0.59290535625 0.4951343453125 0.5913887203125 0.486297034375 0.5801395078125 0.48151459843750005 0.5688423828125 0.47092882812500003 0.5560831421875 0.46839590624999994 0.5442160359375 0.47106140625000004 0.5425341875 0.48335806718749996 0.5500083265625 0.49376429687499995
0 0.708399015625 0.50168225 0.70555078125 0.4961341390625 0.7100742609374999 0.47829876093749996 0.704638825 0.4576752375 0.6680561593750001 0.459953475 0.6380555 0.467439521875 0.64367596875 0.5001895546874999 0.6695033968749999 0.5015314265625 0.6708829093750001 0.5040455609375 0.681686053125 0.5062287875 0.6939100140625001 0.50564265625 0.708399015625 0.50168225
0 0.78749543125 0.4543473859375 0.7806523921874999 0.458666878125 0.7782634374999999 0.47789163281249997 0.7719969843750001 0.48004668281249996 0.7722712328125 0.4926930328125 0.77369865 0.5010105015625 0.7800130171874999 0.5046587875 0.79334884375 0.5050272640625 0.8040148671875 0.5008873171875 0.8134318953124999 0.4894695828125 0.8217436578124999 0.48818406562499994 0.8155945093750001 0.4634018078125 0.8096783078125 0.45654939843750003 0.797674078125 0.4528917203125 0.78749543125 0.4543473859375
0 0.8960010421875 0.45132172031250006 0.8792056890625 0.4639398953125 0.8756090453125 0.47060337187499995 0.8786423140625 0.48827799218749995 0.8865146171875 0.495480096875 0.8865625250000001 0.5012834296875 0.932568825 0.498674290625 0.9398579328125001 0.49695400625 0.94305641875 0.49349465625000005 0.941848728125 0.4809333765625 0.9334824484375 0.46532873124999996 0.9213890078125001 0.4611512125 0.9220068984375 0.45370327499999996 0.9109361125 0.449960521875 0.8960010421875 0.45132172031250006
0 0.9152280265625 0.42911304687499996 0.911572775 0.4150066578125 0.8918141734375 0.41368927031249997 0.89731900625 0.40157215468749996 0.893091259375 0.3935099078125 0.8840657843749999 0.39063668906250004 0.874731365625 0.3914874390625 0.8650880000000001 0.3960621546875 0.8638456140624999 0.399871196875 0.8684781234375001 0.41581614218749996 0.8844499875 0.4295116890625 0.9152280265625 0.42911304687499996
0 0.7464648640625 0.428520475 0.7541587359374999 0.4346828953125 0.7739394484375001 0.43393600625 0.7771379328125 0.43047665625000003 0.8148324671875 0.429153028125 0.8139403265625 0.42395460937499996 0.8242494953125 0.41773529375 0.8201043562500001 0.39910606406250004 0.8090814796875 0.401166646875 0.7971664656249999 0.398028809375 0.7372064453125 0.407717409375 0.7274325625 0.41705577812500005 0.73228480625 0.42875691250000003 0.7464648640625 0.428520475
0 0.6459020343749999 0.4336347375 0.658393634375 0.4346081328125 0.675950603125 0.4319520265625 0.6902198765625001 0.4322354265625 0.6995955984375 0.4261011859375 0.6980789640625 0.417263875 0.6869189640625 0.41300128125 0.6647839984374999 0.41660260468750004 0.640109740625 0.41093184843749997 0.6308645359375 0.41230243906249997 0.6267326093750001 0.41584686406250004 0.6283384578125 0.42520401718749995 0.6459020343749999 0.4336347375
0 0.5392220046875 0.44177374687500004 0.549009096875 0.45460903437500005 0.55719034375 0.4580871703125 0.5676366328125 0.458191028125 0.5787008140625 0.45084695625000004 0.5774518203125 0.44356916875 0.5669097109375001 0.43185864062499996 0.5470331828125 0.42099885937500003 0.5312951859374999 0.41768148125 0.522097890625 0.42485540625 0.5226810828125 0.43377779062500005 0.5272177765625 0.43811606875000003 0.5392220046875 0.44177374687500004
0 0.4304860078125 0.43444151875000003 0.41266139375 0.43553810000000004 0.4089755359375 0.441681734375 0.412400359375 0.4450654015625 0.41120588125 0.4546777796875 0.43814518125 0.456974259375 0.45152892343750006 0.4631460703125 0.44833043593750005 0.4666054203125 0.48566811562499995 0.46320242812499995 0.48824210468749996 0.4561041828125 0.4833832546875 0.43331621875000004 0.47497567187499995 0.4229950640625 0.44074726406250003 0.42241886875 0.4344808109375 0.4245739171875 0.4304860078125 0.43444151875000003
0 0.29984948125 0.4445833796875 0.296204925 0.44544352187499997 0.30385749687499997 0.45688943281250005 0.31435169531249996 0.4627966265625 0.32107082187499997 0.47432761562500003 0.32991786875 0.4761611515625 0.343651859375 0.473325503125 0.3504949 0.46900601093749994 0.3512912171875 0.46259775937500003 0.34936981718750004 0.44587774687500004 0.343988896875 0.44214438593749994 0.32776352656249996 0.4415112921875 0.3166993484375 0.44885536718749997 0.3042077453125 0.44788197187499995 0.29984948125 0.4445833796875
0 0.3798859421875 0.40825026875 0.4007372203125 0.41374148125000004 0.4283423203125 0.4143933625 0.437628828125 0.4077392796875 0.4563736734375 0.3843839671875 0.45939373124999994 0.3798849359375 0.4539648984375 0.37034823906250003 0.44698473437499997 0.3683445546875 0.4275608828125 0.371170809375 0.42520662343750004 0.37402524375 0.38387414375 0.387295840625 0.3772574390625 0.3984583484375 0.3798859421875 0.40825026875
0 0.5182897890625 0.3750450609375 0.5057568828125001 0.3793551578125 0.5025170953125 0.388098003125 0.5081656546875 0.3933908875 0.5159900484375 0.39478965625 0.55426116875 0.3913015875 0.5774534906250001 0.3717647109375 0.577316365625 0.36544153437500004 0.5699793484375 0.361358484375 0.5512212937500001 0.3625401375 0.54166714375 0.367634696875 0.5400265953125001 0.3746478640625 0.5329159156250001 0.377407828125 0.5182897890625 0.3750450609375
0 0.620385215625 0.3567644421875 0.6094994640625 0.3651481984375 0.6139948515625 0.3747699671875 0.6384493765625 0.38468453125 0.6631649390625001 0.3850717953125 0.6848538343749999 0.37887126250000003 0.6887181203125 0.373767315625 0.68911628125 0.37056318906249996 0.6785328671874999 0.364136153125 0.6659520515625 0.362642915625 0.6548399609375 0.36418365625 0.6525683124999999 0.35647110312499997 0.639678553125 0.3587018375 0.620385215625 0.3567644421875
0 0.723111746875 0.353209540625 0.720716184375 0.36134746562500003 0.724230221875 0.3652509765625 0.7352117921875 0.36847388593749997 0.7647250828125001 0.3636721265625 0.7761048140625 0.3636909109375 0.782282053125 0.3610160203125 0.7870318703125 0.350023659375 0.7951172984375 0.341895125 0.7951585984375 0.3366116328125 0.7893316109375 0.3302790640625 0.7742181125 0.3306005765625 0.748802053125 0.3482282375 0.734711209375 0.3489845171875 0.723111746875 0.353209540625
0 0.849139625 0.3638980875 0.8647404984374999 0.3608922921875 0.869895084375 0.357782634375 0.9019889671874999 0.35696945625 0.9154553140624999 0.35257428125 0.9159839890624999 0.34460650625 0.9095804140625001 0.3404383796875 0.8761070203125 0.3387374234375 0.8467721593749999 0.3445788703125 0.8396614765624999 0.347338834375 0.8331752921875 0.35373769374999997 0.8373138265625 0.36128009687499996 0.849139625 0.3638980875
0 0.88038434375 0.2807985421875 0.8801580078125 0.273955525 0.8754428875 0.2685775640625 0.87059725 0.26796325468750004 0.875703921875 0.2590502625 0.825716865625 0.2577984328125 0.806622609375 0.254258971875 0.790266721875 0.25838953125 0.797967203125 0.2756387765625 0.8154068671875001 0.29991997812500004 0.83127538125 0.2984737046875 0.8593265499999999 0.30172479375 0.8907067234375001 0.29675288125 0.8938159921875 0.2927736890625 0.892388571875 0.2844562203125 0.8880303093749999 0.2811576265625 0.88038434375 0.2807985421875
0 0.73904305 0.3079357984375 0.7526465203125 0.309863803125 0.7607798546875 0.3075386046875 0.769311353125 0.3020092796875 0.7764154265625 0.2881624859375 0.775118525 0.27508136250000004 0.76968969375 0.26554466875 0.765509859375 0.263285759375 0.7450633468750001 0.26567725000000003 0.741912771875 0.2749399359375 0.7458315734375 0.28672614531249996 0.7341015921875 0.2957148203125 0.73904305 0.3079357984375
0 0.51585459375 0.316662021875 0.5102126375 0.32245596249999997 0.5148385421875 0.3273140796875 0.51155084375 0.33025359062500004 0.5131087828124999 0.3338074078125 0.521777403125 0.33460125937499996 0.53657535 0.326916884375 0.5475982265625 0.32485630468750004 0.5564799703125 0.3103195171875 0.5563428484374999 0.303996340625 0.5518061546874999 0.29965806562499997 0.5431375359375 0.2988642140625 0.5331373171875 0.301359559375 0.5204325890625 0.31571680468749996 0.51585459375 0.316662021875
0 0.42382050937500004 0.36042428125 0.43595525312500005 0.359318309375 0.44261986562500005 0.3539591328125 0.4319819359375 0.3306419328125 0.408282425 0.3196026109375 0.40868058593749995 0.316398484375 0.388412503125 0.31982965625 0.3839716296875 0.3270980515625 0.3860648515625 0.33377091875 0.40159942812500005 0.343266696875 0.41274972187500003 0.356681528125 0.42382050937500004 0.36042428125
0 0.2799812265625 0.3730059671875 0.267757265625 0.37359209843749996 0.271943709375 0.38693783593750003 0.2705294984375 0.400794021875 0.2746201234375 0.40253308906249996 0.2796094890625 0.420557403125 0.29236873281250003 0.423090321875 0.29974705625000003 0.42188988125 0.31023465 0.41671024843750004 0.31449709531250003 0.408402175 0.3269407859375 0.403572234375 0.32457992343750003 0.3953398390625 0.3083000375 0.37781658125 0.30696182968749997 0.3700189546875 0.2833581390625 0.3705863015625 0.2799812265625 0.3730059671875
0 0.27565094375 0.34937575781249997 0.26008476875 0.3360112359375 0.257099409375 0.3241399484375 0.26300900625 0.3199055328125 0.25940575625 0.31548218281249996 0.2084166953125 0.3111538375 0.19392769375000002 0.31511424374999997 0.1826437828125 0.3267021265625 0.19175846875 0.3300951875 0.1956293609375 0.33607806875 0.194173846875 0.35521774375000004 0.2036933 0.3664935078125 0.2082712984375 0.365548290625 0.2100902703125 0.3595748078125 0.22409189999999998 0.358298684375 0.2276951515625 0.3627220375 0.244455803125 0.36647418125 0.2501043671875 0.37176706875 0.2749025328125 0.36158734375 0.27565094375 0.34937575781249997
0 0.262742115625 0.29610455468749997 0.2738542046875 0.29456381249999997 0.2983368234375 0.2770212328125 0.29775363125 0.2680988453125 0.28787732187500004 0.254743715625 0.27791840625 0.2519555703125 0.26493943125 0.2536664609375 0.2583640328125 0.259545475 0.25655166406249996 0.276605790625 0.24939968124999998 0.28464925 0.25176054375 0.2928816421875 0.262742115625 0.29610455468749997
0 0.362105975 0.2604544390625 0.3657984390625 0.26539763125000004 0.3552695390625 0.27586075781249997 0.3556743046875 0.28374346093749997 0.3659008640625 0.28809113124999997 0.3787906234375 0.28586039531249996 0.3857228765625 0.2820607484375 0.389408734375 0.275917115625 0.39718521562500003 0.27151254687500004 0.3933969328125 0.254962684375 0.3855246328125 0.24776058281250002 0.3712553609375 0.2474771796875 0.3624562234375 0.251446978125 0.362105975 0.2604544390625
0 0.46891652031250003 0.24755177968750003 0.46278719218750003 0.25603000468750003 0.463370384375 0.264952390625 0.46884051875 0.26920559375 0.476575696875 0.27008451875 0.48675434375000004 0.26862885468750003 0.495285840625 0.2630995296875 0.5026575578125 0.2508122625 0.499445859375 0.2320979546875 0.48961746093749997 0.2245461609375 0.47628163125 0.22417768593749998 0.47085940624999995 0.225727815625 0.4653066625 0.2320416 0.46891652031250003 0.24755177968750003
0 0.18944872968749998 0.2095118515625 0.1865046734375 0.1923570703125 0.18241405156249998 0.1906180015625 0.172056975 0.1910339828125 0.161651990625 0.1856466296875 0.1534294390625 0.1874519890625 0.1416036390625 0.18483399375 0.1270254203125 0.1882745578125 0.1099211265625 0.2046167 0.09636556406249999 0.208492034375 0.09099125 0.2158455 0.09139601562500001 0.2237282015625 0.09788880625 0.2284161734375 0.1124257203125 0.2302591 0.11825270624999999 0.23659166874999998 0.12665368593749998 0.2358259953125 0.1344714703125 0.226137934375 0.145274615625 0.22832116406249997 0.15434139375 0.22591089062499997 0.18874823125 0.22752676875 0.18944872968749998 0.2095118515625
0 0.19320321093749998 0.2511709609375 0.1952898265625 0.24675699999999998 0.18906467656249998 0.24362855468750003 0.1726608796875 0.241955778125 0.1618164328125 0.24505604062500003 0.156703153125 0.242882209375 0.13589978593750002 0.24319432968750002 0.127629328125 0.23919635156250002 0.12252265312499999 0.2481093453125 0.1246224796875 0.26586904218749996 0.1273815015625 0.2708973109375 0.1386307171875 0.27567974687499996 0.1605046484375 0.2816057265625 0.198775771875 0.27811765781250003 0.2093525765625 0.273457865625 0.20747908593750003 0.2625411875 0.1983643984375 0.259148128125 0.19320321093749998 0.2511709609375
0 0.2088745265625 0.20726037968750002 0.21239516875 0.22225071875000002 0.21759766093750002 0.22494439531250002 0.230707153125 0.2184698515625 0.27791453593750004 0.217335159375 0.296089396875 0.2072311203125 0.3023971546875 0.199792578125 0.299947078125 0.191040340625 0.2879428484375 0.18738266406249998 0.2730969890625 0.1892637015625 0.2611885828125 0.197212696875 0.221270309375 0.196627103125 0.212114315625 0.1985175359375 0.2088745265625 0.20726037968750002
0 0.3653095234375 0.2017829234375 0.3704707125 0.20976009218749997 0.3806972703125 0.2141077625 0.3938546734375 0.21343655625000002 0.40202931406250003 0.2058278625 0.3993049890625 0.18442927656250002 0.3948575109375 0.180610840625 0.37369068437499997 0.167756765625 0.35035463437500003 0.1698836375 0.3463119203125 0.17394790468750002 0.3473824875 0.1801860078125 0.3671285 0.19580943906249998 0.3653095234375 0.2017829234375