0 0.6920621984374999 0.11032081406250001 0.7234417625 0.09572418906249999 0.7249857796875 0.08952631562499999 0.73066475625 0.0875046875 0.7393842296875001 0.08690071875 0.7439212171875 0.0959339171875 0.7447056437499999 0.12241430312499998 0.741748859375 0.12985585 0.742477475 0.150430096875 0.7372284328125 0.160261753125 0.7271520015624999 0.168015534375 0.7227070109375 0.18756109375000002 0.7133230109375 0.193216503125 0.7159697640625 0.20949676093749997 0.72277938125 0.23290633125000001 0.7315546687500001 0.23820850624999998 0.74097485625 0.25522571250000003 0.761557653125 0.24752817187499998 0.767873246875 0.2375020328125 0.7748337390625 0.239190925 0.7786979203125 0.23355601875 0.783142909375 0.21401045624999998 0.7953245390625 0.2029146265625 0.7960645015625001 0.1870028453125 0.7993675015624999 0.1785121109375 0.8075537015625001 0.1780053875 0.8196123609375 0.19158330625 0.831288621875 0.183537790625 0.840063909375 0.18883996249999999 0.8595718734375 0.1616173625 0.8581508265625001 0.14314149062499998 0.8632324359375 0.115591415625 0.8745903875 0.11154815625 0.8869673562499999 0.12112381718750001 0.89062485 0.1313034453125 0.8954243328124999 0.1304282484375 0.9019269890625001 0.121354046875 0.9000284781250001 0.1088815578125 0.8970913203125 0.099556628125 0.8920489640625 0.0935737453125 0.88018564375 0.1006673171875 0.8719436328124999 0.0952679 0.8565065359374999 0.10104105625 0.8465055421875001 0.09793450000000001 0.8429038578125001 0.0936610109375 0.8434092281250001 0.090610696875 0.835887553125 0.08606597656250001 0.8274026703124999 0.0738084765625 0.8117981390625 0.0618632125 0.805398828125 0.06303014375 0.7918994953125 0.04774283125 0.776968878125 0.0230213 0.7645772984375 0.0226541421875 0.7367850109375 0.056807054687500004 0.703300246875 0.0747457265625 0.6920456390624999 0.0708817171875 0.68783524375 0.07756581093750001 0.6869082203125 0.0925256515625 0.6920621984374999 0.11032081406250001
0 0.4757729859375 0.0497276546875 0.4731066046875 0.0502138765625 0.4712442796875 0.06041400625 0.45766950937499995 0.05598703125 0.45527390624999997 0.066284403125 0.45711660624999995 0.07285075468749999 0.4640770984375 0.074539646875 0.46794955937499993 0.0886242875 0.473553096875 0.097462996875 0.48040196718750006 0.0873396109375 0.48874732187500003 0.08483175937500001 0.5010767609375 0.108220828125 0.5048737828125 0.1331658078125 0.5122642078124999 0.1426647265625 0.51813024375 0.1415950375 0.521751553125 0.129102046875 0.535700446875 0.13543290624999998 0.5384422625 0.1240863453125 0.570176321875 0.1281600828125 0.580925559375 0.1350744078125 0.5963347484375 0.1263481828125 0.5974488328125 0.1123402859375 0.6019496328125 0.0987008640625 0.61541278125 0.0913155578125 0.6185204421875 0.062153334375 0.6305791015625 0.0757312515625 0.6478868046875 0.0794775140625 0.6673751421875 0.06902139375 0.673503678125 0.058043309375 0.672428846875 0.0385182484375 0.6758630953125 0.0250733171875 0.6748653828125 0.0199960109375 0.505892865625 0.01498941875 0.505066978125 0.0217066 0.5101372390625001 0.0306425515625 0.5086211281249999 0.039793495312499996 0.49257531875 0.056524234375 0.48598894374999996 0.0567392234375 0.4757729859375 0.0497276546875
0 0.3919691453125 0.32882994375 0.39317522656250004 0.3434008046875 0.3880853375 0.3512313296875 0.3897967890625 0.3627518765625 0.388252771875 0.36894974999999997 0.39153614375 0.37722549375000003 0.39780420625 0.3810127625 0.400096465625 0.37862265625 0.39942366093750004 0.36395455 0.4045610796875 0.342310615625 0.4103154921875 0.329428646875 0.420738140625 0.3206256796875 0.43940279843749996 0.317222128125 0.44306029375 0.32740175625 0.4431440109375 0.33626096875 0.4536782796875 0.339270278125 0.460694584375 0.34686531249999997 0.469704465625 0.3393060203125 0.49348691718750004 0.3310250140625 0.49785646874999995 0.32233979218750003 0.49539677656250003 0.30701147500000003 0.4883804703125 0.299416440625 0.48488213281250003 0.287235684375 0.4922084671875 0.2711089140625 0.4912731625 0.2663492046875 0.47371431093750005 0.236025309375 0.46694087656249994 0.23528835781250002 0.4407462640625 0.214427640625 0.4320464125 0.1982651296875 0.43036286874999996 0.1896976515625 0.42462808281250003 0.1858131421875 0.415029115625 0.1875635390625 0.406019234375 0.1951228328125 0.40027310156249996 0.2277243484375 0.395127403125 0.229648734375 0.39506024375000004 0.26022861875 0.38877255625 0.2732078328125 0.380295953125 0.2806698828125 0.373176303125 0.280982115625 0.3685080703125 0.2769031171875 0.36125717343749997 0.28216955 0.35816913906250003 0.29456529531250003 0.3636972375 0.31426434375 0.369113715625 0.322151109375 0.37817940625 0.32049795468750003 0.3919691453125 0.32882994375
0 0.5766914578125 0.41149957343750004 0.5782830062500001 0.391488290625 0.5816418171875 0.3889036984375 0.5895097078125 0.39239923125 0.59210065 0.4027733484375 0.5980783093750001 0.41351594062499997 0.6236197437500001 0.402942071875 0.6350893171875 0.4107110953125 0.64425835 0.4011506734375 0.658656803125 0.3985250765625 0.6578248421875 0.3858580984375 0.6513139078125 0.3752127515625 0.6514451578125 0.3702585515625 0.6531483296875 0.36205955156249997 0.6596788890624999 0.355938421875 0.6645538109375 0.3442028828125 0.65945564375 0.3323138609375 0.6575571328125001 0.3198413703125 0.6466208359375 0.311975103125 0.6408302375 0.3021844546875 0.643329184375 0.2839798109375 0.6359862890625 0.2606674875 0.6262756984375 0.250605603125 0.6164896718749999 0.251404059375 0.5768567484375 0.29708729218749996 0.5802713703125 0.30040883906250004 0.57979390625 0.306412225 0.57111889375 0.34940835937500003 0.565654884375 0.355335 0.5538949109375 0.3545213046875 0.551312246875 0.36386673593749996 0.55075934375 0.380730459375 0.553509440625 0.38910345 0.5573260906249999 0.397281946875 0.5724252515625 0.412277528125 0.5766914578125 0.41149957343750004
0 0.323684059375 0.4704548453125 0.3287346953125 0.4961572765625 0.3356476546875 0.5116595796875 0.35591214375 0.507964296875 0.3664102265625 0.4883009875 0.3689174515625 0.48981589375 0.3719021421875 0.48532741718750005 0.37173470625 0.467608996875 0.366019546875 0.44695800781250006 0.357908784375 0.43660439218749997 0.3436136765625 0.43132272031249996 0.3381413890625 0.4175298140625 0.3418185078125 0.41094296249999995 0.3367482484375 0.402007009375 0.3377589890625 0.39590638125 0.3279925875 0.3799383578125 0.3179636875 0.37387873125 0.30481885000000003 0.37726178125 0.28864178749999997 0.39894671875 0.2933100234375 0.403025715625 0.2953676890625 0.413497078125 0.299661803125 0.41567219218749996 0.3007841671875 0.42138384375 0.2959929609375 0.44197859375000004 0.28642190156249997 0.44668205937499994 0.272135071875 0.4611199359375 0.2747901046875 0.4971197421875 0.2848190046875 0.5031793687499999 0.2944851296875 0.4708490828125 0.3020543375 0.4615803953125 0.323684059375 0.4704548453125
0 0.15221299375 0.3202893203125 0.1607536890625 0.3384529609375 0.16651638124999998 0.34529054062500003 0.1696602265625 0.338800934375 0.1748059234375 0.33687655 0.180886925 0.339711875 0.1879311359375 0.3502599796875 0.19173950625 0.3387189296875 0.202217965625 0.3358221015625 0.2036028265625 0.33162535625 0.2028742109375 0.3110511109375 0.2077770390625 0.30226864375 0.202650965625 0.28742655 0.2025393421875 0.27561426875 0.20709595468750003 0.2678809890625 0.20298062187500002 0.24693826562500001 0.2119625953125 0.236425903125 0.2239096328125 0.238191540625 0.23598792031250002 0.23500297812499998 0.2417702375 0.22507408125 0.241153246875 0.2163121140625 0.23435190781249998 0.21262209375 0.230909378125 0.20634747656250002 0.21792369531250003 0.20772939687499997 0.20826891718749999 0.2035736546875 0.20303949999999998 0.1966388296875 0.20705455625 0.16928324374999998 0.20259301093749998 0.149389709375 0.18955151406249998 0.144865490625 0.171141075 0.11864109687499999 0.1705519875 0.1128322015625 0.165107603125 0.10199236249999999 0.1604393703125 0.0979133640625 0.14795905781250002 0.096244971875 0.13876211562500002 0.102852321875 0.14260667031250002 0.11398389375 0.1398256 0.1588634125 0.1438096828125 0.18476033125 0.144247896875 0.21228990312499998 0.1267335046875 0.22435817500000002 0.12986600312500002 0.254354596875 0.12456114843749999 0.25828011093750003 0.12301713437499999 0.264477984375 0.1261413515625 0.27475485625 0.13817210468750002 0.285379703125 0.1418016953125 0.29260626093750003 0.13959315156250002 0.30385557812499997 0.136767615625 0.3063429265625 0.13722545625 0.31710602187500003 0.14568243281249998 0.32641045 0.14863921875 0.318968903125 0.15221299375 0.3202893203125
0 0.503654421875 0.5401862656249999 0.5074348859375 0.525692146875 0.501990503125 0.5148523109375 0.50366576875 0.5037002390625 0.49939128125 0.48475864375000005 0.508134525 0.4772479734375 0.519683675 0.48401643125 0.5215263734375 0.4905827796875 0.5270461937500001 0.4905622796875 0.531555275 0.49664240625 0.536728878125 0.49767109062500003 0.5444851468749999 0.4893543453125 0.5521380703125 0.488944865625 0.551334015625 0.47923095781249997 0.5585291031249999 0.4680583859375 0.55828623125 0.46120030156249997 0.54951094375 0.45589813125 0.5461800375 0.46143579375000005 0.5389012359375001 0.46374915781250003 0.5343921546875 0.45766902812500004 0.532895671875 0.45005349375000003 0.5113413875 0.43031870625 0.501145053125 0.40654065937499995 0.49415665468750003 0.401898696875 0.48314492031249995 0.4048927671875 0.4624112484375 0.434310984375 0.46337445625000007 0.44202376406250005 0.4707090703125 0.4456165421875 0.4746848734375 0.45179391406249997 0.47071734843749996 0.465336090625 0.457684134375 0.48053142031249996 0.458806496875 0.486243071875 0.464382128125 0.4921287125 0.46720766406249997 0.4896413625 0.4737185984375 0.5002867109375 0.4752429875 0.510855315625 0.46943276406249995 0.5178311421874999 0.46967563593749995 0.5246892265625 0.4765327859375 0.5342853875 0.49085579843750005 0.5425201296875 0.503654421875 0.5401862656249999
0 0.54861396875 0.605941740625 0.5546474390625 0.6225904718749999 0.5656870796875 0.6225494703125001 0.5911923296875 0.589302984375 0.5826599156250001 0.5908588921875 0.57970313125 0.5983004421875 0.5686913953125 0.6012945125 0.5642939375 0.6070266671875 0.554770409375 0.5979167265625 0.551674096875 0.5905929249999999 0.55212365625 0.58163646875 0.5662513296875 0.56919971875 0.5668879484375 0.5611952062500001 0.5527158109375 0.5312397890625 0.5462606875 0.52650058125 0.5419944796875 0.5272785359375 0.5324792296874999 0.5378881437499999 0.5157885203125 0.5429038453125 0.5119801500000001 0.5544448937500001 0.504036821875 0.5618096984375 0.49459701093749997 0.56155896875 0.49449366718750004 0.5694662359375 0.511387996875 0.604841575 0.5202945328124999 0.6051895484375 0.5389033796875 0.5958798578125 0.54861396875 0.605941740625
0 0.7503431593750001 0.5474627109375 0.749988665625 0.52879235 0.7557988890625 0.5218165234375001 0.77601584375 0.531934646875 0.7856230890625 0.549903796875 0.7947445921875 0.554156784375 0.8146070546875 0.5456045484375001 0.8163381296875001 0.5403586140625001 0.8048964640625 0.5355426624999999 0.76159255625 0.475401596875 0.7609755609375 0.46663963124999996 0.756812696875 0.4595103171875 0.7435283312500001 0.44812801562500004 0.7296910609375 0.4536094390625 0.7136731546874999 0.47329324687499996 0.7063664468749999 0.4726535390625 0.6976945031249999 0.4594440984375 0.6943077859375 0.459075621875 0.6928195828125 0.471179634375 0.6961391390625 0.5021279984375 0.70824533125 0.5018925078125 0.71702061875 0.5071946796875 0.7170009921875 0.523961159375 0.72365145625 0.5493718578125 0.7322954937499999 0.559628228125 0.7435501015625 0.5634922375 0.7503431593750001 0.5474627109375
0 0.73748658125 0.4117597359375 0.7397788390625 0.40936962968749996 0.7474875734374999 0.414866290625 0.758909615625 0.43644872343749996 0.7647756515624999 0.43537903437500003 0.7742991828125 0.4444889734375 0.7880610124999999 0.44986789062500004 0.7908307359375 0.4414744 0.792235225 0.42051117656250003 0.7979141984375 0.41848954687499995 0.7994024046875 0.40638553593750004 0.8061200265625 0.40121634687499996 0.8136137953125001 0.4028079953125 0.8193961140624999 0.3928791 0.8194715515625 0.3820187609375 0.813016428125 0.377279553125 0.8066171171875001 0.378446484375 0.7945026453125 0.3589624265625 0.782499796875 0.35129065000000004 0.7775886890625 0.3403535671875 0.7824636109374999 0.3286180296875 0.79478476875 0.3322875515625 0.7954492937500001 0.3272361078125 0.8027001921875 0.321969675 0.798433984375 0.3227476296875 0.7841109703125 0.3145128890625 0.77935901875 0.301574678125 0.7735963265625 0.2947370984375 0.7675432296875 0.2948548453125 0.7594128421875 0.30126770625 0.7370793421874999 0.33097765625000003 0.7209777203125001 0.34180225468750003 0.7215389015625 0.3446580796875 0.7139417890625 0.3509736984375 0.7147458421875 0.3606876078125 0.7183754312499999 0.3679141640625 0.7157369578125 0.3713534578125 0.7186265828125 0.3944917953125 0.716390134375 0.40278804218750003 0.7184478015625 0.413259403125 0.7236772171875 0.420194228125 0.7374390484375 0.42557314375 0.73748658125 0.4117597359375
0 0.8932446437499999 0.47352939843749997 0.9066798875 0.463191021875 0.9202825656250001 0.470571065625 0.9209470906250001 0.46551962343750003 0.9306214953125 0.4529088875 0.937367021875 0.4506927703125 0.9404829609375 0.44125009375 0.9456286609375001 0.4393257078125 0.941147484375 0.43619865156250004 0.9396510015624999 0.42858311406249994 0.9466869328125 0.41941167031250004 0.9469773375000001 0.4124563453125 0.9437218671875 0.40713367187499994 0.9331875999999999 0.4041243578125 0.915234996875 0.388663059375 0.903522553125 0.3740359546875 0.8965816859375 0.35558058125 0.8910060546875 0.34969494375 0.89148351875 0.343691559375 0.8822028609375 0.34143970156250003 0.8524034968749999 0.37251107031249997 0.8572112609375001 0.39135541875 0.8384877234375001 0.44505840625 0.8483295609375 0.4501660921875 0.8529502656249999 0.4680585 0.8615860234375001 0.458595321875 0.8774530531250001 0.460632190625 0.8932446437499999 0.47352939843749997
0 0.309337428125 0.7235284328125 0.3176352515625 0.734833990625 0.32030163125 0.7343477703125 0.3281891484375 0.721076825 0.32042460156249997 0.7096740234375 0.31617801874999996 0.6936854984374999 0.3187327765625 0.6813869968749999 0.31691798125 0.6777737171875 0.318054759375 0.5907937671875 0.3233596125 0.5868682515625 0.330160953125 0.590558275 0.33045135625 0.5836029484374999 0.31879472343750004 0.5748819843749999 0.3104410890625 0.5576702874999999 0.3000101625 0.54675370625 0.2981116515625 0.53428121875 0.2903191984375 0.519925346875 0.28537190625000003 0.48631564687499995 0.273106559375 0.488552265625 0.2745751375 0.49321472968749996 0.2723107859375 0.49855790625 0.2645545171875 0.506874653125 0.25991418906249997 0.5057487234375 0.25749068125 0.5130930265625 0.27152329062499997 0.5282830953125 0.27235525 0.5409500734375 0.2691080640625 0.5553469484375 0.2601260875 0.5658593125 0.25784210937499996 0.587968965625 0.250543678125 0.60704880625 0.25238637812500003 0.6136151562500001 0.2614799765625 0.6149150718749999 0.264389228125 0.6212869328124999 0.257914478125 0.6333142015625 0.2676808796875 0.6492822265625 0.2669409171875 0.6651940078125 0.263263796875 0.6717808578125 0.2649752484375 0.6833014046875 0.2627388 0.6915976500000001 0.2673874078125 0.712443128125 0.2839830546875 0.73505424375 0.3018157546875 0.7189837140625001 0.309337428125 0.7235284328125
0 0.4079520859375 0.6069404921875 0.4162974390625 0.604432640625 0.42861859999999996 0.6081021625 0.46029684531250004 0.6062697609375001 0.46317819218749995 0.60968855 0.46691112500000004 0.609007840625 0.4694937875 0.5996624078125 0.46063478281250003 0.585501025 0.45729559843749995 0.571319140625 0.4407836703125 0.557567234375 0.433918240625 0.528251525 0.42420764999999994 0.518189640625 0.416928846875 0.5205030046875 0.40637495156250003 0.5342601703125001 0.3959605828125 0.5627826875 0.38572499531250004 0.5725375968749999 0.3770055203125 0.5731415656250001 0.3850408453125 0.59435551875 0.389279146875 0.5906244953125 0.40456536875 0.6065720156250001 0.4079520859375 0.6069404921875
0 0.40216363125 0.7292805421875 0.410902734375 0.711910096875 0.4118576640625 0.6999033265625 0.43685754218749995 0.66970715625 0.44031969687499994 0.6592152921875 0.44124671875 0.644255453125 0.42711076718749996 0.6369726531250001 0.422685403125 0.6397517359375 0.41604322031249996 0.6340605874999999 0.41313396874999997 0.6276887265625 0.4123020109375 0.6150217484375 0.399869228125 0.599539946875 0.398157778125 0.5880194000000001 0.3922638359375 0.5861360171875 0.388558809375 0.589769796875 0.37704998437500004 0.61553373125 0.3818773734375 0.6176116031250001 0.38489825 0.6357957453124999 0.3784793109375 0.653729153125 0.36544609375000003 0.6689244859375 0.3663813984375 0.6736841953125 0.37299567499999997 0.6764222765625 0.3780659375 0.6853582281249999 0.37780343906249997 0.695266625 0.37399506875 0.7068076734375001 0.3671182921875 0.713977990625 0.3696813296875 0.7213990359375 0.386212884375 0.7183844625 0.3961105359375 0.7293982875 0.40216363125 0.7292805421875
0 0.6645746578125 0.6479033828125 0.674089909375 0.6372937750000001 0.68371678125 0.6384964453124999 0.6886196078125 0.6297139781250001 0.6838955624999999 0.619728840625 0.68730190625 0.6033308374999999 0.686947409375 0.584660475 0.6840660640625 0.581241684375 0.6724931484375001 0.58137993125 0.6641674203125 0.567121303125 0.6553921328125 0.5618191312499999 0.6475996796875 0.5474632578125 0.6410133078125 0.547678246875 0.62600614375 0.5612614265625 0.631132215625 0.5761035203125 0.6302330984375 0.5940164296875 0.6255452359375 0.606703909375 0.6168815734375 0.613214015625 0.6185930234375 0.6247345640625 0.62470193125 0.630522959375 0.630727121875 0.62745214375 0.6645746578125 0.6479033828125
0 0.730441446875 0.58954790625 0.72408966875 0.5769014296874999 0.72106879375 0.5587172890625001 0.715708128125 0.5567366625 0.6906999703125 0.5672132859375 0.690278315625 0.579122809375 0.69727499375 0.6034843234375 0.705170790625 0.6099329265625 0.7317787765625 0.5991645703125 0.730441446875 0.58954790625
0 0.706019309375 0.6620390031250001 0.7125860546875 0.678590490625 0.724823496875 0.6734008015625 0.72217674375 0.6571205453125 0.717293540625 0.64913653125 0.7150488140625 0.6377132296875 0.71144713125 0.633439740625 0.6893399437500001 0.6305686765625 0.6877680234375 0.6338134796875 0.6899569390625 0.6393306421875 0.687851740625 0.642672690625 0.692098321875 0.6586612140625 0.6873825546875 0.6683956234374999 0.6879716421875 0.67420451875 0.6954654125 0.6757961671875 0.701406884375 0.6638661421875 0.706019309375 0.6620390031250001
0 0.1088689109375 0.4820174875 0.11618389843750002 0.50237674375 0.12285398750000001 0.5110209640625001 0.12344307343750001 0.516829859375 0.1259502984375 0.518344765625 0.13053481718749999 0.51356455625 0.14050790625 0.5137180406249999 0.13989091250000002 0.5049560765625001 0.14871373125 0.496444840625 0.155328009375 0.49918292031249994 0.15740530156250002 0.492887803125 0.155478884375 0.4774622453125 0.1677721375 0.47817869375 0.1808890703125 0.471842575 0.18493203281249998 0.44744005937500003 0.17463235625 0.43156928125 0.158550359375 0.4256274015625 0.155454046875 0.4183035984375 0.15406090625 0.40278079375000003 0.1504313171875 0.3955542359375 0.1340031046875 0.39066154218750004 0.132048784375 0.3722829125 0.119213975 0.3519441578125 0.10734237499999999 0.33931818125 0.093954665625 0.3358431484375 0.0866283296875 0.3519699203125 0.0743629828125 0.3542065390625 0.075382003125 0.367825459375 0.07242521874999999 0.3752670078125 0.052319887499999995 0.3769611625 0.0516553625 0.3820126046875 0.0520852953125 0.389822628125 0.0560610984375 0.3960000015625 0.057557582812499994 0.4036155359375 0.0647888546875 0.4151155828125 0.07953351875 0.4114408 0.09301629375 0.387289015625 0.10021966093750001 0.395835990625 0.10145364531250001 0.41335992343749994 0.0994879765625 0.4314673203125 0.094079778125 0.4433001015625 0.09312485000000001 0.45530687187499996 0.0823559875 0.465159025 0.08366541093749999 0.47182261875 0.09156120625 0.47827122343750006 0.1032653734375 0.47317877812500003 0.1088689109375 0.4820174875
0 0.08836369375 0.610985390625 0.098814246875 0.6051354921875001 0.10484771875000001 0.6217842234375001 0.11666350625 0.6285040609375 0.123126909375 0.6529628171875 0.1295541265625 0.6547489546875 0.132510909375 0.64730740625 0.137656609375 0.6453830218750001 0.138293228125 0.637378509375 0.1437572359375 0.6314518687499999 0.142981090625 0.6246910296875 0.14857634687500001 0.6138101890625001 0.15778156875 0.6269223875 0.1643958453125 0.6296604671875 0.1669309765625 0.63412844375 0.1738635640625 0.6328642671875 0.1571087625 0.61225428125 0.15395663906249998 0.5990243390625001 0.155846871875 0.591777278125 0.16227408906250002 0.59356341875 0.166325328125 0.5888804515625 0.165409653125 0.5673542609375 0.1699941703125 0.5625740515625 0.16868474687499999 0.5559104593749999 0.1555874390625 0.5454801 0.1427609109375 0.54486089375 0.1147711296875 0.5036204171875001 0.10082223906250001 0.4972895609375 0.087199934375 0.5066759937499999 0.0837656859375 0.520120928125 0.0857954484375 0.5276392171875 0.08409227500000001 0.53583821875 0.0738845953125 0.5485462 0.0720222671875 0.5587463296874999 0.059793106250000005 0.5836555671875 0.0622528 0.5989838828125 0.0704193734375 0.6152436375 0.0840499546875 0.625576753125 0.08836369375 0.610985390625
0 0.0089810140625 0.6146144546875 0.0040824984375 0.6149856828125 0.0241970109375 0.7173474390625 0.0320090875 0.71493683125 0.0402231953125 0.717383178125 0.04856855 0.714875328125 0.055079484375 0.7255206765625 0.06179710625 0.7203514890625 0.07176191562499999 0.7007854265625 0.0572714671875 0.6748322640625 0.0089810140625 0.6146144546875
0 0.161957921875 0.7296963734374999 0.16129339843749999 0.7347478171875 0.1650821390625 0.739973246875 0.17398867812500002 0.7403212203125 0.177132521875 0.733831615625 0.1842242640625 0.7305663109375 0.2023081140625 0.7410734125 0.2182505828125 0.7322499437500001 0.20584570625 0.7197212109375 0.20282483281250002 0.701537071875 0.1971654828125 0.686792221875 0.189484653125 0.6842486296875 0.18246834843749998 0.676653596875 0.179718253125 0.6682806078125 0.1810752078125 0.6611307937500001 0.17941956718750002 0.6555163859375 0.1727494796875 0.6468721656249999 0.16218730312500002 0.6409097828125 0.156536234375 0.6458844828125 0.155637115625 0.66379739375 0.1496956421875 0.6757274171875001 0.1371398921875 0.6849193640625 0.134696759375 0.7090301453125 0.1361932421875 0.7166456796875 0.14496852968750001 0.7219478546875 0.1512841234375 0.7119217124999999 0.161957921875 0.7296963734374999
0 0.933222775 0.6235659921875001 0.935487128125 0.61822281875 0.9333261171875 0.6156587250000001 0.9360400296875 0.6013590953125 0.932513784375 0.58622526875 0.9243472109375 0.5699655140625 0.9173588125000001 0.56532355 0.899844421875 0.577391821875 0.8993669578124999 0.5833952046875 0.90646698125 0.5998494515624999 0.9060174203125 0.6088059046875001 0.8959688937499999 0.6195127578124999 0.8961838609375 0.6234177703125 0.9190951 0.63600274375 0.9277825312499999 0.6225859296875 0.933222775 0.6235659921875001
0 0.88369526875 0.6020298281249999 0.881713040625 0.580698128125 0.867409653125 0.5556969078125 0.849736109375 0.5697663078125 0.8367783296875 0.5741012999999999 0.833260365625 0.5786870234375 0.8289745296875 0.5962314546874999 0.8302839546874999 0.6028950484375 0.83874093125 0.6121994796875 0.8396762343749999 0.6169591875 0.832751928125 0.6379429125 0.8382438406249999 0.634969340625 0.8549232046874999 0.666439665625 0.8527146625 0.6776889828125 0.8563442515625 0.684915540625 0.8571483046875 0.694629446875 0.8715746609374999 0.6949569234374999 0.8768795140625001 0.6910314078125 0.88369526875 0.6020298281249999
0 0.911645796875 0.676803259375 0.9108138359375 0.6641362828124999 0.9134523109374999 0.660696990625 0.929936334375 0.6714958249999999 0.9345487578125 0.6696686828125 0.9346521015624999 0.661761415625 0.9251843828125 0.658557615625 0.911310928125 0.6413664203125 0.884702940625 0.6521347765625001 0.8829718640625 0.65738070625 0.8913254984375 0.674592403125 0.8881062171874999 0.6919423484375 0.8942709343749999 0.7036368828125 0.8980317734375 0.7059092421875001 0.9051235156249999 0.7026439390625 0.911645796875 0.676803259375
0 0.9588086734375001 0.65538429375 0.9767054640625 0.6649394531249999 0.9706161828125 0.64238458125 0.9688489203125 0.6249578921875 0.960654440625 0.60574506875 0.9411940078125 0.619154259375 0.9394350250000001 0.62144711875 0.9425313375 0.6287709234375 0.9499217640625 0.638269840625 0.9525127046874999 0.64864395625 0.9588086734375001 0.65538429375