0 1 0.7269788312500001 0.9949804421874999 0.726595928125 0.9827409093749999 0.701959696875 0.9791055890625 0.6842038687499999 0.9532929593749999 0.6635626515624999 0.9464124375 0.6707965484375 0.9331862875000001 0.6662066609374999 0.9254276015625 0.6820701953125 0.917538875 0.6836852140625 0.91212195625 0.676536375 0.9071314812500001 0.661746571875 0.8926044078125001 0.6544143578125 0.8831257234375001 0.63715065625 0.877947296875 0.632833628125 0.8718112093749999 0.6362022984375 0.8631275031250001 0.6283779578125 0.8415609109375 0.626391765625 0.8372280078125 0.6448186765624999 0.8303474859375 0.6520525703125 0.8302100765624999 0.6758299234375 0.8320927578124999 0.69183209375 0.8425038328125 0.6947578015625 0.851982521875 0.7120215015625 0.8636150234375 0.716745603125 0.8712363015625 0.724659421875 0.8760930515625001 0.74421364375 0.8808992578125 0.750463284375 0.8872954249999999 0.7755916453125 0.8854343281249999 0.7852546968749999 0.8770143875 0.7869144546875 0.871091525 0.7864626453125 0.8679584609375001 0.7810227234375 0.8343076484375 0.7753011046875 0.8342244687499999 0.793370103125 0.83913544375 0.8072159703124999 0.8449245812499999 0.8124321968749999 0.8545406765625 0.8059185453125 0.891086059375 0.8142482781249999 0.9320364734375 0.84312090625 0.9379340640624999 0.836920425 0.9457217046874999 0.8086962468750001 0.9543838250000001 0.7908553640625 0.9607584062500001 0.7903184984375 0.972315096875 0.775085728125 0.9770454875000001 0.7613784984375 0.98294308125 0.7551780171875 0.9816421578125001 0.7524356875 0.983900740625 0.747492315625 0.99253390625 0.742012075 1 0.7426996703125 1 0.7269788312500001
0 0.8409632671875 0.8797368375 0.842903859375 0.8710177203124999 0.8419498843750001 0.859690490625 0.8350730437499999 0.84791145 0.8308270078125 0.829256425 0.8220638031249999 0.8204881484375001 0.8007899328124999 0.8156254078125 0.78540996875 0.823575125 0.7776512828125 0.839438659375 0.7668463984375 0.8127803390624999 0.7521061046875 0.8092686046875001 0.744166834375 0.7975790421875 0.73933535625 0.7846771109375 0.7223907046875 0.7804003984375 0.71407553125 0.78965638125 0.685122471875 0.8016011109375001 0.6794670578125 0.7916204671875 0.6679645953125 0.8011448812499999 0.6611672546875 0.7903097765625 0.6553238890624999 0.790801903125 0.6508862171875001 0.8016325859375 0.654015596875 0.8260854421875001 0.648645534375 0.85125411875 0.640066596875 0.8510260046875 0.6308516734375 0.8432464 0.6279281515624999 0.8529989328124999 0.6280581921875 0.8672474484375 0.621922103125 0.8706161218749999 0.6219473765625 0.8772684109375 0.626992075 0.8863498609375 0.638653534375 0.8787133171875 0.64316701875 0.8878395046875 0.6458230953124999 0.8876158109375 0.653607053125 0.8784045671875 0.6599021328125 0.8769237656250001 0.6796076328125 0.8885730109375001 0.6835104046875 0.8968 0.6811180953125 0.90650779375 0.6857905765625001 0.917521853125 0.6879659796875 0.9306474781249999 0.7030495375 0.94458724375 0.7076109671874999 0.9548729671875 0.7725126109375 0.9494069671875 0.7820994859375 0.9113120046875001 0.789937671875 0.89639240625 0.8004029765625 0.8936097593750001 0.8083459296875001 0.8862863859375001 0.8128631000000001 0.876399640625 0.819450903125 0.872042290625 0.837403759375 0.88193788125 0.8409632671875 0.8797368375
0 0.5643701109375 0.758961378125 0.568251296875 0.7415231437500001 0.5874329484375 0.71519125625 0.5936485312500001 0.7127665203125 0.6021011140625 0.6797331859375 0.6017036250000001 0.67501350625 0.5904180671875 0.661704503125 0.590447021875 0.6493438578124999 0.5950436921875 0.6404010484375 0.5932405078125 0.6253428125 0.5867611578124999 0.6182834500000001 0.5620072765625 0.616565690625 0.5514372046875 0.6117521125 0.5468405359374999 0.620694925 0.5376761546875 0.6262199015625 0.5399852843749999 0.634581109375 0.5392661171875 0.645098621875 0.520673590625 0.646664478125 0.5084303765625 0.6410411796875 0.499508175 0.63038503125 0.48880806093749996 0.6113229359375 0.4854907296875 0.5973428515625 0.4826756578125 0.5956786734375 0.47776099843750003 0.6008457421875 0.4768828359375 0.60947538125 0.4800159 0.614915303125 0.48150108906250005 0.6261977953125 0.48843215625 0.63226848125 0.49121827187499995 0.646293303125 0.4804060203125 0.6576608515625 0.47137536406249997 0.6584214109375 0.46837234375000003 0.66723000625 0.46844815625 0.6871868765625 0.47471428125 0.6980667203124999 0.4830005 0.7011713828125 0.4863215140625 0.69613853125 0.4931478109375 0.694612990625 0.5031866703125 0.6994713078125 0.5126400859375 0.7100827187500001 0.520947890625 0.7388526046874999 0.5263395390625 0.7393491515624999 0.54057020625 0.7685708499999999 0.551140278125 0.773384428125 0.56070215 0.7725791296875 0.5650855921875 0.7674567999999999 0.5643701109375 0.758961378125
0 0.7369107359375 0.5970822124999999 0.7451464109375 0.58688229375 0.7435817218749999 0.574655865625 0.7452043234375 0.5621610031250001 0.7374240484375 0.5523593140624999 0.7295895484375 0.5482659765625 0.725766275 0.5409829234375 0.724306353125 0.5363527203125 0.7276020984375 0.5246675796875 0.724974978125 0.5125306296875001 0.710632171875 0.513738578125 0.6993718890625 0.5070818640625 0.6906049999999999 0.5173265234375 0.6635672625 0.513899846875 0.6608027328125 0.5255402484375 0.6611459953125001 0.5359682828125 0.654637690625 0.5412695656250001 0.650760190625 0.539694865625 0.6438580796875 0.5212635359375 0.6396083578125 0.5216214453125 0.62935259375 0.5395965453125 0.627943215625 0.548270925 0.6275962671875 0.5568558234375 0.632666240625 0.5725895624999999 0.6376314421875 0.580727075 0.6485484625 0.5769557546875 0.655320534375 0.5811385687499999 0.6751271156249999 0.619396975 0.6771977484375 0.6249263734375 0.6748596671875 0.6289258125 0.724707009375 0.6618022984375 0.7341893828125 0.6600530640625 0.7406724140625001 0.648099490625 0.741341040625 0.6242773984375 0.734066709375 0.6077786781250001 0.7369107359375 0.5970822124999999
0 0.4191973078125 0.5915184906250001 0.42158961718750004 0.5818107 0.41633169375 0.5765497328125 0.41779529843749996 0.562167 0.42990847499999996 0.5535417828125 0.4347978640625 0.5417224234375 0.43464254999999996 0.52082161875 0.4300242953125 0.5040992046875 0.42598779843749995 0.50063663125 0.42402193437499996 0.5027034593749999 0.4087793796875 0.486875821875 0.3885932109375 0.48857589375000005 0.3862261734375 0.504935978125 0.3883726203125 0.530422246875 0.3702823546875 0.5443040109374999 0.36061571406250004 0.53751308125 0.34274604062499997 0.50954849375 0.33488258437499996 0.5178158015625 0.3420737328125 0.5523835203125 0.35949537343750004 0.5623238484375 0.36982695312499997 0.56430561875 0.379916353125 0.58246851875 0.3803933421875 0.5881321328125 0.3769133296875 0.5912771109375 0.377787809375 0.60166040625 0.37446679375 0.6066932578124999 0.39563221249999997 0.6229727046875 0.408992084375 0.622798171875 0.416855540625 0.6145308625 0.4217991546875 0.597003153125 0.4191973078125 0.5915184906250001
0 0.3123604578125 0.9237308765625001 0.3228510328125 0.9276005203125001 0.334219771875 0.9228405234375 0.3375407875 0.9178076734375 0.3397741015625 0.906212009375 0.33876589687499997 0.90059313125 0.349130115625 0.8712013234375 0.360260359375 0.86360951875 0.3591221171875 0.8437421265625 0.3479450140625 0.819016415625 0.3510275359375 0.8111517578124999 0.3590499875 0.8047723187500001 0.3717196484375 0.8027546546875 0.373288021875 0.7959681484375001 0.3787338984375 0.790756340625 0.376955984375 0.7823503953125 0.36880349375 0.774481315625 0.35650605 0.774566371875 0.3456685265625 0.779281628125 0.3343287453125 0.7716809812500001 0.3325797875 0.750914390625 0.32617993749999996 0.7447989671874999 0.3231011015625 0.733650690625 0.3239539921875 0.7183687625 0.3169434265625 0.7113541390625 0.31208667968750003 0.69179991875 0.3096438265625 0.6882031296875 0.298940028125 0.68815396875 0.2922221859375 0.6782627999999999 0.2883952265625 0.68999268125 0.28340106875000004 0.6942158125 0.2780094203125 0.693719265625 0.2732827125 0.688413559375 0.269668978125 0.6963229578125001 0.266478003125 0.7156043249999999 0.2634497078125 0.717760628125 0.2586435015625 0.7115109890625 0.2531434 0.7224311484375 0.255611525 0.7326802265625 0.25895781093750003 0.734299665625 0.2640820078125 0.74432505 0.2625931328125 0.75205549375 0.25406473749999997 0.765131959375 0.2538767859375 0.77560473125 0.25700985 0.781044653125 0.2630917078125 0.7833843359375 0.268212221875 0.8124226515625 0.2880514453125 0.8193074796875001 0.2950583234375 0.8453350359374999 0.2982672 0.870731828125 0.313000128125 0.9122694296875 0.3123604578125 0.9237308765625001
0 0.568288140625 0.551393796875 0.5736545171875 0.5452380531250001 0.57689971875 0.5202483328125 0.5919906453125 0.4961622296875 0.5913546609375 0.488610740625 0.5939854640625 0.4817347578125 0.601501971875 0.48205235 0.6061491828125 0.48641411874999996 0.6130297078125 0.4791802265625 0.611410790625 0.47266215 0.6015851546875 0.4639833515625 0.59972774375 0.45463346875 0.5923702328125 0.4562037484375 0.5827830921875 0.45035675781249995 0.578161153125 0.452647278125 0.57553035 0.45952326093750007 0.570297696875 0.4609145859375 0.57032296875 0.46756687656249996 0.561210971875 0.47688996718750004 0.55090650625 0.47205401875 0.5498477625 0.4531305609375 0.545254778125 0.4430604390625 0.5474880921875 0.4314647734375 0.540000540625 0.41878653593750004 0.5272513796875 0.4198602671875 0.5159079125 0.4312725546875 0.5120014562499999 0.4420585 0.513620371875 0.448576571875 0.5210031546875 0.45365858281250004 0.5224088484375 0.46399714062499997 0.5191131046875 0.47568228125 0.51576681875 0.47406284374999996 0.5120735859375001 0.4810283046875 0.512550575 0.48669192031249997 0.5289892828125 0.49766566093750003 0.5363973375 0.5093999640625 0.5342977484375 0.516231209375 0.5283206578125 0.521487753125 0.529487859375 0.5289945031250001 0.5570531265625001 0.5513893750000001 0.568288140625 0.551393796875
0 0.5728421531250001 0.35137770156250003 0.5794046828125 0.34036806249999996 0.5851143249999999 0.3446403546875 0.5963493375 0.3446447765625 0.60115554375 0.35089441875 0.6096549859375 0.350178596875 0.5765390703125 0.32539930625 0.5660737671875 0.3281819515625 0.5648486562499999 0.34539649375 0.5583656234375 0.3573500671875 0.5382336796875 0.3533417859375 0.5298932375 0.3559454796875 0.5234317875000001 0.393564278125 0.52566141875 0.40098155 0.5345330781250001 0.39833311875 0.544040721875 0.40323617343749996 0.5507585640625 0.41312734375 0.567916440625 0.413583571875 0.5797874375000001 0.42113948125 0.5840371578125 0.420781571875 0.5888723203125 0.41467056874999997 0.5942171109375 0.3828496 0.5914562640625001 0.37547706875000003 0.574724834375 0.3673798734375 0.5718844921875 0.3590634046875 0.5728421531250001 0.35137770156250003
0 0.801726853125 0.41385537812499995 0.8265207453125001 0.3461736890625 0.8360573453125 0.33871609999999996 0.833003778125 0.33422011406249996 0.811888903125 0.331245246875 0.804397665625 0.33757994375 0.8001442624999999 0.3569507890625 0.783727140625 0.371642271875 0.77634435625 0.3665602609375 0.771646603125 0.3488939109375 0.7608922625 0.335540171875 0.7512761671875 0.3420538234375 0.7458555640625 0.35391792031249997 0.7464083640625 0.37953840625 0.750947121875 0.395316884375 0.744066596875 0.402550778125 0.7325388625 0.405422903125 0.737738875 0.435405159375 0.7424113578125 0.4464192171875 0.74551915 0.44520685000000004 0.7501700437500001 0.43055568437499997 0.7569168421875 0.42808620781249995 0.77739205 0.44252252187499996 0.791973346875 0.4441463828125 0.801484675 0.4300365046875 0.8035047656250001 0.42226132187500004 0.801726853125 0.41385537812499995
0 0.8664261109375 0.5595567890625001 0.8777695781249999 0.5481445 0.8820192984374999 0.547786590625 0.8737330812499999 0.5446819296875 0.8717419453125 0.5400964640625 0.86106341875 0.5466995953125 0.8532831453125 0.5368979031250001 0.8549852437500001 0.5253469796875 0.8642833484375 0.5150575828124999 0.87050261875 0.4936199109375 0.876877196875 0.4930830453125 0.8817123609375 0.4869720421875 0.8787130203125001 0.4767677015625 0.870560528125 0.46889862187500003 0.8638932265625 0.47231203437499997 0.8561382249999999 0.46916263437500005 0.8514657437500001 0.45814857499999995 0.8455428796875 0.457696765625 0.838561271875 0.4383214984375 0.83367556875 0.43112792187500004 0.8220936078125 0.4397084015625 0.8155310765625 0.45071803906249996 0.8096877093750001 0.4512101640625 0.80468986875 0.47444623124999996 0.7988717750000001 0.481590646875 0.796056703125 0.4799264703125 0.7922876546875 0.4669350609375 0.7807056953125 0.475515540625 0.7776231734375 0.4833801984375 0.778497653125 0.4937634953125 0.7828521421875 0.5010018109375001 0.786353740625 0.5235220578125 0.7897795249999999 0.5260854312500001 0.7882906484375 0.5338158734375 0.790148059375 0.5431657546875 0.7990449875000001 0.547169615625 0.7992834828125 0.550001421875 0.8174495609375001 0.5560765296875 0.8466084765625 0.578337184375 0.856036621875 0.5822963046875 0.8618004875 0.58086024375 0.865414225 0.5729508453125 0.8664261109375 0.5595567890625001
0 0.99210101875 0.41926075156250003 0.9829655953125 0.412425084375 0.9823296109375 0.404873596875 0.9857301218750001 0.40078468125000005 0.9803384765625 0.40028813437500005 0.9748420578125 0.3921953609375 0.9678567640625 0.391833028125 0.95529555625 0.3824339859375 0.953304421875 0.377848521875 0.9424126718749999 0.3882721359375 0.9269026671875 0.381973334375 0.9154254765625 0.398150040625 0.9009489468749999 0.40412240468749994 0.890219878125 0.3974209546875 0.8906679109375 0.415445215625 0.88272495625 0.4227685859375 0.91493375 0.46853816249999997 0.9154612796875 0.4875063578125 0.9520572062499999 0.509140671875 0.9602386515625 0.5046491078125 0.9581680203125 0.49911970781250004 0.9618612531249999 0.49215424687500003 0.9634585828125 0.47300709531249996 0.9706065562499999 0.4562443640625 0.9834388984375 0.43710163281250003 0.9926032796875001 0.43157665781250004 0.99425115 0.425734084375 0.99210101875 0.41926075156250003
0 0.320760371875 0.4771773953125 0.323387490625 0.4893143484375 0.31419415625 0.50719996875 0.31846914531250003 0.51349435 0.3225598703125 0.5112485671875 0.3321470109375 0.5170955609375001 0.3357317921875 0.52154680625 0.335598065625 0.5263112249999999 0.3478160125 0.5252822328125 0.3434399359375 0.4923786921875 0.34694890156249997 0.47687306874999996 0.3453842125 0.464646640625 0.3523189640625 0.45170439218749997 0.3555894359375 0.43336695937499997 0.364276828125 0.42217836562500005 0.3621266953125 0.4157050328125 0.356680821875 0.4209168375 0.3505989609375 0.41857715625 0.326073040625 0.3369871765625 0.326817478125 0.3331219546875 0.321082565625 0.322197371875 0.3207935296875 0.306060984375 0.3250722046875 0.293342428125 0.31402514375 0.2828652359375 0.3113690703125 0.2830889296875 0.306559178125 0.2958522234375 0.30066158593750003 0.3020527046875 0.27944194218749996 0.29148161093749997 0.2698221625 0.3170081984375 0.27103990312500004 0.3378195265625 0.2753943921875 0.34505784375 0.2768795828125 0.35634033593750003 0.2821375078125 0.361601303125 0.28712798125 0.37639110625 0.2821843640625 0.39391881562500003 0.29155828281249996 0.40358629218750003 0.2905211234375 0.410328059375 0.2822601796875 0.4138756859375 0.28228545 0.420527978125 0.2943407140625 0.4366240484375 0.3024642515625 0.4568537734375 0.31380403437500004 0.4644544203125 0.320760371875 0.4771773953125
0 0.48112622343749994 0.3676576734375 0.450633746875 0.37402826718750004 0.4399552203125 0.380631396875 0.4313762828125 0.3804032828125 0.428268490625 0.38161565 0.4180922234375 0.40053468593749997 0.41307279374999994 0.398105528125 0.41118274218749995 0.420129225 0.41960268593750005 0.41846946875 0.4319254 0.42503670156249995 0.4494770828125 0.449225546875 0.46318021875 0.45947904843750004 0.470696725 0.45979664062500003 0.4771797609375 0.44784306718750005 0.4757777515625 0.4184915765625 0.487706659375 0.4013261953125 0.4870454046875 0.38712241875000003 0.4916167984375 0.37152731562499997 0.486651596875 0.363389803125 0.48293309375 0.3637029734375 0.48112622343749994 0.3676576734375
0 0.4272023765625 0.4007180625 0.425717184375 0.389435571875 0.43331687656250006 0.37168416406250004 0.4306897546875 0.3595472140625 0.4317269140625 0.3528054453125 0.436482578125 0.3457505078125 0.441422509375 0.3472357296875 0.4528454734375 0.336767378125 0.44793449843750005 0.3229215109375 0.44182736875 0.313929540625 0.4100123796875 0.291892578125 0.4058711125 0.28083378125 0.3929124140625 0.2667150578125 0.387148546875 0.268151121875 0.3807450125 0.2810486296875 0.3642773453125 0.2824355328125 0.3638509015625 0.2900764984375 0.37229611406249996 0.29506903281249997 0.37901395625 0.3049602 0.381933796875 0.3142206046875 0.3795414875 0.323928396875 0.37401611562500003 0.3281962671875 0.37441360625 0.3329159453125 0.390852315625 0.34388968750000004 0.40176565000000003 0.3591313 0.4038073296875 0.37702134374999996 0.3997961015625 0.3802110640625 0.41764050468749997 0.40152336093749996 0.4221287203125 0.403997259375 0.4272023765625 0.4007180625
0 0.689239834375 0.29784568437500003 0.69102143125 0.2872386953125 0.6840108640625 0.280224071875 0.6752187046875 0.2838164390625 0.66334770625 0.2762605296875 0.63680854375 0.3041626953125 0.63027496875 0.3028116890625 0.62605051875 0.3098218890625 0.6275357109375 0.32110438281250003 0.637495071875 0.3250187625 0.6453548421875 0.3357643890625 0.651035528125 0.3523973265625 0.650182634375 0.36767925468749996 0.66805599375 0.376630909375 0.6743510765625 0.375150109375 0.67786004375 0.359644484375 0.6847405671875 0.352410590625 0.6887807484375 0.3368602265625 0.6997772671875 0.33403284218749996 0.701584134375 0.3300781421875 0.6968863828125 0.31241179375 0.689239834375 0.29784568437500003
0 0.7388486828125 0.3278903625 0.7414542156249999 0.31436208906249996 0.7401280203125 0.30496746875 0.71202785 0.30163026875 0.7062892546875 0.3097186234375 0.7062313453125 0.3344399109375 0.709841396875 0.3455434484375 0.7363479203125001 0.34901486406250004 0.740890359375 0.34578040625 0.7388486828125 0.3278903625
0 0.6939233687499999 0.2518209375 0.6850806656249999 0.24210872656250002 0.678413365625 0.2455221375 0.6794215671875 0.2511410140625 0.6865116296875 0.259099571875 0.6868006656250001 0.275235959375 0.689695234375 0.2778440734375 0.6891097937499999 0.28359716874999996 0.691473146875 0.2862500203125 0.7116340453125 0.27789765625 0.71389263125 0.27295428125 0.7129386546875 0.2616270515625 0.7154104625000001 0.2528631953125 0.7135277796875 0.2368610234375 0.7005401265625 0.23510294687500002 0.6987838 0.252362225 0.6939233687499999 0.2518209375
0 0.1566033640625 0.6877833203125 0.1760993234375 0.6842401125 0.1809055296875 0.6904897531249999 0.1836121453125 0.703570640625 0.1958300921875 0.7025416484375 0.207115646875 0.7158506515624999 0.21885660312500002 0.7091580421875 0.2266947875 0.6942384453125 0.233365775 0.671812096875 0.230261665625 0.6540115328125 0.24449970312499997 0.6452073578124999 0.2459885765625 0.637476915625 0.24312296249999998 0.6225081578125 0.244080625 0.6148224531250001 0.257707946875 0.6051190828124999 0.2631827765625 0.5875466312500001 0.25277538437499997 0.565607990625 0.238645803125 0.56299545625 0.2271975671875 0.5668115171875 0.22486316875 0.5517980203125 0.22119889062500003 0.5464028359374999 0.2156735171875 0.5506707078125 0.205023946875 0.5449131921875 0.2032460328125 0.5365072468750001 0.19384315937500002 0.5392004171875 0.18821301875000002 0.5358720609375001 0.1862471546875 0.5379388875 0.18725535625 0.5435577656249999 0.183269403125 0.5533997734375 0.18183106875 0.574434796875 0.1789075453125 0.5841873265624999 0.16645110624999998 0.5823845109375 0.16071250937499998 0.5904728640625 0.1612689953125 0.597080415625 0.17412292499999998 0.6036029109375 0.1782641921875 0.614661709375 0.1865756796875 0.6244186609375 0.19331879375 0.6409621203125 0.19687461875 0.6577740109375 0.1923574484375 0.6676607578125 0.1730783984375 0.6483705468750001 0.1581248796875 0.6486792968749999 0.15437742031249999 0.6613531140625 0.155013403125 0.6689046015625 0.1529138140625 0.675735846875 0.154612228125 0.68319785625 0.1566033640625 0.6877833203125
0 0.21236724062499998 0.47965182031250003 0.20743099375 0.4591536609375 0.202332065625 0.45578056875 0.1967271953125 0.45910450156250004 0.1929834203125 0.45276538281249995 0.1924016609375 0.4395055421875 0.2027116546875 0.41582208749999994 0.195805859375 0.416403690625 0.1946097046875 0.4212575875 0.18908433125 0.4255254578125 0.183902221875 0.4402213625 0.17567023125 0.43140834687499996 0.17458252968750002 0.4248455328125 0.16781045781249998 0.4206627171875 0.16504961406250002 0.4132901859375 0.1596579671875 0.4127936390625 0.1548517625 0.406543996875 0.14924689062500002 0.40986793125 0.14972019375 0.4345444828125 0.140342590625 0.4438899421875 0.13911748125 0.46110448281250005 0.1276439734375 0.4582682546875 0.11962520624999999 0.44563475625000004 0.109503165625 0.45884543593749993 0.10615319375000001 0.47623893281249996 0.107956378125 0.4912971671875 0.1262524984375 0.5116207921875 0.13076598281250001 0.5207469796875001 0.14385840625 0.5301012828125 0.1476816828125 0.5373843359375 0.14778644999999999 0.5449805624999999 0.154663290625 0.556759603125 0.17009379687499998 0.5621144671875 0.18159625937499999 0.552590053125 0.19698359062499998 0.5066144687499999 0.2089630421875 0.5027536687499999 0.21855386718749997 0.4895877265625 0.2179973828125 0.4829801765625 0.21236724062499998 0.47965182031250003
0 0.051492278125 0.4751386734375 0.0809876046875 0.40611040000000004 0.087712815625 0.3779756984375 0.07300147812499999 0.362103321875 0.065246475 0.3589539203125 0.06195073125 0.3706390609375 0.05337179374999999 0.3704109453125 0.046252775 0.3748130328125 0.038205053125 0.374540178125 0.024324953125 0.3648743046875 0.025827246874999998 0.38740869375 0.02901171875 0.3924258 0.0394696515625 0.42766902343749996 0.0373700640625 0.4345002671875 0.0307027640625 0.43791367968749995 0.02916729375 0.43750940937499994 0.02943508125 0.4415262140625 0.0313929734375 0.4397568140625 0.0367701453125 0.4464336828125 0.03845408125 0.4600760140625 0.035396831249999997 0.47459296406249996 0.04254111875 0.47684316875 0.051492278125 0.4751386734375
0 0.21162332031250003 0.3437742078125 0.20958164375 0.3258841640625 0.2179510421875 0.31091982812499996 0.200475175 0.306687853125 0.18618291250000002 0.3212003796875 0.1785869078125 0.31993885 0.173860196875 0.314633146875 0.1655197546875 0.3172368390625 0.1633406671875 0.323124146875 0.165331803125 0.3277096109375 0.16001596875 0.3471699328125 0.15133226093750002 0.3393455921875 0.1444517359375 0.3465794875 0.14508772187500002 0.354130975 0.15390146875 0.3762038296875 0.16826954375 0.381648175 0.1771122484375 0.3913603875 0.1827929328125 0.40799332499999996 0.18948550625 0.411232203125 0.1978801765625 0.4029201546875 0.20186613125 0.393078146875 0.2019203578125 0.3873697921875 0.198707796875 0.38098593593749996 0.1990547453125 0.372401034375 0.2036514109375 0.3634582234375 0.2102392140625 0.3591008765625 0.21162332031250003 0.3437742078125
0 0.907580253125 0.22241923749999998 0.8892767640624999 0.240121484375 0.8901259687499999 0.24385248750000002 0.9025281828124999 0.251363659375 0.9053685249999999 0.2596801265625 0.9030809859375 0.27698414531250004 0.90515161875 0.28251354375000004 0.9249908390625 0.2893983703125 0.9303572171875001 0.2832426265625 0.9337071874999999 0.265849134375 0.932966434375 0.25070141874999996 0.9265413109375 0.23793370625 0.9278964625 0.2349676796875 0.9243116828125 0.230516434375 0.9194241359375 0.23282932343749999 0.907580253125 0.22241923749999998
0 0.8870903078125 0.2840346640625 0.883216490625 0.263447028125 0.8527677062500001 0.18140523749999998 0.8466858484375 0.17906555625 0.8331127515625001 0.183060571875 0.8349701625 0.192410453125 0.8334812859375 0.20014089687499997 0.8386054843749999 0.21016628124999998 0.8312948312499999 0.24405407656250003 0.8252924687500001 0.24265833125 0.8375067312500001 0.2606422734375 0.8379042203125 0.265361953125 0.8324041187500001 0.2762821125 0.8329606046875 0.2828896640625 0.84174908125 0.29831023125 0.84631679375 0.301728065625 0.8597561640625001 0.3024974671875 0.8802855968750001 0.311225428125 0.8870903078125 0.2840346640625
0 0.8687873390625 0.1619940734375 0.8658385421875 0.1650943140625 0.8631535109374999 0.177678653125 0.8708795593750001 0.1931886984375 0.8676090875 0.21152613125 0.8706626515625 0.216022115625 0.8987628203125 0.219359315625 0.90726594375 0.19963055937500002 0.9153678953125001 0.19419505937499998 0.9131382640625001 0.18677778750000001 0.9082778312500001 0.1862365 0.8955792140625001 0.20061481250000002 0.8921534296875 0.1980514390625 0.8895263109375 0.18591448593749998 0.87638334375 0.1632556046875 0.8687873390625 0.1619940734375
0 0.957673459375 0.22010166406249998 0.9546488484375001 0.203245034375 0.9543345406249999 0.180456353125 0.9399627796875001 0.1940249484375 0.935817828125 0.20197908281250002 0.93616109375 0.2124071171875 0.9317234203125 0.2232378015625 0.9307657609375 0.230923503125 0.9330496171875 0.2326324203125 0.9550931953124999 0.24028222812500002 0.957673459375 0.22010166406249998