0 0.8562661078125 0.1892007046875 0.8829573265624999 0.1775178859375 0.889178665625 0.16026241875 0.8881322953125 0.15244981562499998 0.8694193828125 0.14060646875 0.8611372812500001 0.14432205625 0.841561875 0.136656721875 0.83684966875 0.131480228125 0.8431189765625 0.117352746875 0.8401717328125 0.106426884375 0.8317377328125 0.1002371828125 0.81129983125 0.0967498609375 0.795622103125 0.10156701718750001 0.7864855000000001 0.109981946875 0.7829515765624999 0.1212200171875 0.7765503578125 0.1267455359375 0.76913075 0.1262831109375 0.7625896265625001 0.12268533749999999 0.750561740625 0.1238237234375 0.7255075703125 0.1214158796875 0.721825746875 0.12300932656250001 0.723255859375 0.15584581718749999 0.7167786921875 0.15641869218749999 0.714039309375 0.15904743593749998 0.7113878703125 0.1674108234375 0.7189034125 0.1741292203125 0.753134159375 0.1707287890625 0.7560094515625 0.176962671875 0.7755688671875001 0.18358534375 0.8266196515625 0.1894363328125 0.8562661078125 0.1892007046875
0 0.5130321796875 0.223212371875 0.5250200921875 0.21946733125 0.53785450625 0.210501615625 0.5367521734375 0.199039696875 0.532974415625 0.194377171875 0.52367791875 0.1923654796875 0.4992703890625 0.1717036875 0.4990145609375 0.1550210921875 0.50717674375 0.14348554062500002 0.490412671875 0.1378834390625 0.48207460625 0.137949709375 0.474702965625 0.1406152703125 0.46261112656250003 0.137583009375 0.4571163703125 0.1417978375 0.43484155468749996 0.139367903125 0.42569695625000004 0.1472615015625 0.4118081765625 0.1478932828125 0.40723987343749996 0.15210074843750002 0.40740776093750003 0.1630487 0.424395684375 0.18324806875 0.41268758437499997 0.20523969687500002 0.3969778765625 0.2079715296875 0.39239358593749996 0.21113633125 0.3861642515625 0.22787046718749998 0.409557390625 0.24280498437500003 0.44479453593749996 0.24461050156250003 0.456790440625 0.24138679062500001 0.46222923125 0.23352264531250003 0.46958488281250005 0.22981442031250002 0.5130321796875 0.223212371875
0 0 0.166393596875 0.0025643296875 0.167309146875 0.011772884375 0.16358619531250002 0.016269234375 0.1546867515625 0.033791871875000004 0.1493335375 0.045835745312499995 0.1492378140625 0.054229773437499997 0.1528208625 0.0802103953125 0.1552213421875 0.1107753109375 0.154457021875 0.135741540625 0.1511302234375 0.1532242046875 0.14317035625000002 0.15594759687499998 0.1394989484375 0.1538628484375 0.1243950734375 0.16291950625 0.11076683437499998 0.1933485109375 0.10113988437500002 0.1998656515625 0.10317366562500001 0.2053204328125 0.09635218281249999 0.20428205625 0.0890609125 0.1958000890625 0.0797432234375 0.16336628125 0.07947960937500001 0.1578635328125 0.08317310781250001 0.14490120312500002 0.083797525 0.1347901796875 0.08909183125 0.12183584375 0.09023758125 0.11640504843749999 0.09862305625 0.109009421875 0.0997246265625 0.09225334375000001 0.09464385625 0.084705821875 0.08584013593749999 0.058701215625000004 0.08187566093750001 0.05121765 0.0772425890625 0.0354040125 0.07319711875 0.020580785937500002 0.07331493125 0.0084649609375 0.06871867499999999 0 0.069846646875 0 0.166393596875
0 0 0.3116465125 0.0066637218750000005 0.313788440625 0.0012009484375 0.32008859218749997 0.0040122828125 0.32215182656249997 0.00862055625 0.3205510171875 0.028108021875 0.3224817109375 0.025528531249999997 0.335537075 0.010809234375 0.34243219375 0.01181563125 0.347638140625 0.025848317187499997 0.35639031718749997 0.039713115625 0.3541945421875 0.07094065625 0.3362189328125 0.1055198875 0.33542270625000004 0.1219594625 0.3399845984375 0.15247640625 0.3360922890625 0.168034215625 0.3234551671875 0.16700383593749998 0.316685228125 0.152947165625 0.30636905625 0.15740354375 0.294862959375 0.15362578437500002 0.29020043281249996 0.13965705625 0.2856189046875 0.1302726203125 0.27787257187500003 0.11918717812499999 0.28004625625 0.1174382015625 0.2868382875 0.0989251578125 0.2880282140625 0.09333446875 0.285987071875 0.06923872812500001 0.2856571875 0.0553979140625 0.2894169546875 0.04884879375 0.28529784999999996 0.0524266875 0.2769271 0.036581071874999996 0.2707963046875 0.03277933125 0.26456978593749997 0.022508414062500003 0.2594374734375 0 0.2547066203125 0 0.3116465125
0 0.5756739171875 0.38069705468750004 0.5886522359375 0.3811153 0.6071253078125001 0.377318715625 0.6088183203125 0.36687736718749997 0.5947616499999999 0.3565611984375 0.5863996015625 0.355063475 0.57160035625 0.3567452828125 0.5624237796875 0.36255355625 0.545787621875 0.3652927515625 0.5347661375 0.371637084375 0.5002955499999999 0.359397584375 0.46505040937500003 0.3570707359375 0.45657643593749997 0.34827437968749997 0.44258372343749997 0.34212885625 0.4378795125 0.33747369374999997 0.402682340625 0.3382748328125 0.3953027046875 0.3404190640625 0.38611813281249996 0.3457060078125 0.378842428125 0.3546275421875 0.3893531828125 0.3753997875 0.3987056390625 0.38106079375 0.41384865312499997 0.401796221875 0.4102947453125 0.411730965625 0.4391266734375 0.418801334375 0.4513464296875 0.43017489375 0.47464363125000003 0.4388534375 0.4802023421875 0.43880925781249996 0.4893629296875 0.43195832031250003 0.515343553125 0.43435880156250006 0.5245601 0.43115718281250004 0.5529203484375 0.407469021875 0.56097060625 0.388634834375 0.5756739171875 0.38069705468750004
0 0.8214634453125 0.39699235312500003 0.908374028125 0.384830915625 0.9350492609375 0.3721054328125 0.94003235625 0.33452541875 0.9184521484375001 0.316969521875 0.9236271171875 0.29190145156249997 0.920759821875 0.2861888984375 0.908588034375 0.2779433265625 0.8909294890625 0.2744339140625 0.8743253093750001 0.27925843437500003 0.8631199484375 0.273612153125 0.84465486875 0.27793006875000004 0.8307580921875 0.27804051875 0.817923675 0.28700623125 0.810711928125 0.300098415625 0.7783820515625 0.3066121046875 0.76180985 0.3135219484375 0.755700434375 0.3380760515625 0.7594622046875 0.3416959140625 0.7678322484375 0.3437149671875 0.77257643125 0.35097678593750004 0.7652447640625 0.3562490015625 0.7534807015625 0.3745913125 0.7639115109375 0.3901502453125 0.775116871875 0.3957965265625 0.7825444765625 0.3967802828125 0.8214634453125 0.39699235312500003
0 0.972444953125 0.514670328125 0.9603930843749999 0.51424471875 0.9491957187500001 0.5091197703125 0.9427025609375 0.5086499828125 0.9252198984375 0.5166098515625 0.8882177890625 0.5205537031249999 0.8725240703124999 0.524328196875 0.8641540265625001 0.52230914375 0.858507375 0.5166186828125 0.83441963125 0.516810128125 0.82795045625 0.5179043359375 0.8114262234374999 0.5279421640625 0.812480590625 0.5362760984375 0.8070657812500001 0.5457042375000001 0.7969227796875 0.5489132203125 0.7923544796875001 0.553120684375 0.7878261484375 0.55993480625 0.7879780484375 0.56984009375 0.7993512968750001 0.586434328125 0.8142784531249999 0.5930938171875 0.824509396875 0.5956194765625 0.8281832265625001 0.5935046984375 0.8402191046875 0.5928876437499999 0.8569831750000001 0.5984897453125 0.8627897203125 0.6146068265625 0.8693788124999999 0.6213325859375 0.879585771875 0.6222942515625001 0.8917015953125 0.62689050625 0.9138644875 0.6220218078124999 0.9198264625 0.6180639625000001 0.9350529578125 0.614032484375 0.9302767953125001 0.60468534375 0.9337987265625 0.592665275 0.9560015906249999 0.59040323125 0.980046784375 0.58318126875 0.98196640625 0.5313514875 0.9817654328125001 0.5182460109375 0.972444953125 0.514670328125
0 0.625298284375 0.595638603125 0.6510710468750001 0.584484478125 0.6565817890625001 0.5813123109375 0.6555354171875 0.5734997109375 0.65262815 0.565180503125 0.6375730765625 0.5501797171875 0.608773125 0.5451946703125 0.5856518046875 0.5479854093750001 0.5727934046875001 0.5553871296875 0.566292253125 0.5543960109375 0.5444571421875 0.580639284375 0.52035340625 0.57978806875 0.5184205562499999 0.5745894859375 0.5110089421875 0.5746483921875 0.5035493609375 0.5715793125 0.499723634375 0.5637888015625 0.5042839421875 0.5590600046875001 0.5032535609375001 0.552290065625 0.49953176250000003 0.55127685625 0.49848539374999995 0.5434642546874999 0.49194426875 0.5398664796875 0.4687270109375 0.536401246875 0.4519629390625 0.5307991453125 0.4306385578125 0.5299258421874999 0.42139802499999995 0.53156346875 0.39292585468749996 0.54795299375 0.39046628437500003 0.5688283249999999 0.4008651140625 0.5823019359375 0.38252795 0.594961146875 0.375348178125 0.610138653125 0.37914992187499996 0.6163651734375 0.39226415000000003 0.62564604375 0.41173562500000005 0.626534075 0.42012965468749996 0.6301171234375 0.415569346875 0.63484591875 0.40176051093750004 0.640691009375 0.39812665625 0.6454124421875 0.39819860625 0.6501044203124999 0.4076310109375 0.6609787390624999 0.4087973015625 0.67661130625 0.41539438906250004 0.6838583984375 0.4238124015625 0.6890054375 0.4507594484375 0.6940052125 0.47483120625 0.6927711015625 0.48862405156250005 0.6858833484375 0.509908459375 0.6841499984375 0.52184040625 0.6767556406249999 0.522423090625 0.6543310421874999 0.5288123171875 0.648023528125 0.540808221875 0.6447998171875 0.569544215625 0.645614215625 0.57600539375 0.643998678125 0.5851579859375 0.6366264109374999 0.58312120625 0.6246505234375 0.5737927328125 0.620553509375 0.5709334296875 0.6153622890625 0.592944425 0.6005883 0.6123119703125 0.594699028125 0.625298284375 0.595638603125
0 0 0.6199787171875 0.008601196875 0.6213958374999999 0.0168513203125 0.615594925 0.024310903124999998 0.6186640046874999 0.025333289062499997 0.6249126125 0.0191279390625 0.64321074375 0.0221151546875 0.6567432609375 0.030653084375 0.669710265625 0.051098981249999995 0.673718921875 0.07607320468749999 0.6709134546875 0.080657496875 0.6677486515625 0.080537578125 0.6599286859375 0.0878372671875 0.6525711453125 0.0776223140625 0.6510881484375 0.0747390296875 0.6443329359375001 0.0837956859375 0.6307046953125 0.0958315625 0.630087640625 0.11798646093750001 0.6246976109375 0.1400773984375 0.61513693125 0.148319528125 0.6088146890624999 0.157352203125 0.5936224546875 0.156225884375 0.58059654375 0.14869435312499998 0.572835484375 0.148582428125 0.56553685 0.15585813125 0.556615315625 0.143678353125 0.5478484109374999 0.14081905 0.5426571906250001 0.12687430625 0.5396396546875 0.11117259374999999 0.5428928171875 0.097435709375 0.5534298890625 0.05209553593750001 0.5574400093749999 0.041768659375 0.5486583796875 0.0297008 0.5471901109374999 0.009150975 0.5364041546875 0 0.5360090640624999 0 0.6199787171875
0 0 0.9325299093750001 0.004029521875 0.9274907859375 0.0028392484374999997 0.910294225 0.0138367484375 0.9023859 0.0202979265625 0.9007703640625 0.032373778125 0.9027599640625 0.0445615546875 0.9120481984375 0.0686173234375 0.9097714265624999 0.07793780312500001 0.913347109375 0.0853494171875 0.913288203125 0.096410875 0.9095505265625 0.1018656546875 0.9027290421874999 0.1248990359375 0.8942036625 0.14283646875 0.8554778984375 0.135863634375 0.8237282499999999 0.1403679796875 0.8153501375 0.128148225 0.8039765765625001 0.11331700156249999 0.8035730593749999 0.10120117656250001 0.7989768046875 0.07254513124999999 0.8033757171874999 0.06969382187499999 0.7987058265625 0.0575460203125 0.792024246875 0.0574261 0.78420428125 0.0489920984375 0.7780145796875 0.0525140296875 0.7659945125000001 0.047777840625 0.7592540265625 0.042187151562500004 0.75721288125 0.009769334374999999 0.7579919296875001 0 0.7656831296875 0 0.9325299093750001
0 0.63582073125 0.8588592296875 0.64879105625 0.8587561421875 0.65522025625 0.85505528125 0.6542458359375 0.8519346593750001 0.6438869796875 0.8410677046874999 0.622482653125 0.8349810890624999 0.614152584375 0.8355686906249999 0.6104947421875 0.8387261296874999 0.5938905640625001 0.8435506500000001 0.582725175 0.8405110234375 0.5771744578125 0.8410765343750001 0.5538692609375 0.831876659375 0.5381195796875 0.8320018375 0.512969475 0.8233380203125 0.5073228249999999 0.8176475578125 0.4980183328125 0.8151145359375 0.4712471671875 0.8215840468750001 0.4585406640625 0.8388910578125 0.46329284218750005 0.8466742046875 0.46398038125 0.8915086750000001 0.48003385625000006 0.9111940781250001 0.466257 0.91912449375 0.46356558437500006 0.9248812234375 0.4506272375 0.9270696359375 0.4424090921875 0.934955871875 0.44646666250000006 0.95786498125 0.45963685312499997 0.970795171875 0.48475498124999994 0.9773736640624999 0.5143774546875 0.97557404375 0.5254069343750001 0.9697510421875 0.529000815625 0.9624229546875 0.5391438171875 0.9592139718749999 0.5554042296875 0.93197221875 0.5646927296875 0.9334625765625001 0.587071475 0.942669815625 0.6093063187500001 0.9424930937499999 0.62495206875 0.9355906140625001 0.6313412953124999 0.9292830984375 0.629352484375 0.9204351984375 0.6328904015625 0.90945779375 0.6169488515625 0.897071025 0.6067418921875001 0.8961093609375 0.6020696609375 0.893539521875 0.604561209375 0.874749515625 0.6127633671875 0.8658206156249999 0.6257097093749999 0.8641535359375 0.63582073125 0.8588592296875
0 0.9449269156250001 0.774543534375 0.9292811671875001 0.781446015625 0.890290246875 0.7765419671875 0.8820241328125 0.781300215625 0.87462850625 0.7824017828125001 0.8673048328125 0.7881953312500001 0.8665382734374999 0.7986293171875001 0.875004253125 0.8069043421875 0.8852112125 0.8078660078125001 0.8871600515625 0.814107253125 0.906639521875 0.8155166171875001 0.91513748125 0.8258769656249999 0.9142989703125 0.8316189703125 0.8911856421875 0.834931040625 0.8851002125 0.8610491359375001 0.8992608125 0.878142609375 0.9160488671874999 0.885308703125 0.93085610625 0.884148228125 0.94666974375 0.8881936984375001 0.9549918203125 0.88708476875 0.9651268265624999 0.8833544515625 0.9690693828124999 0.8795711265625 0.9730065765625 0.7732668890625 0.959702175 0.7712977359375001 0.9449269156250001 0.774543534375