0 0.20900225468750003 0.1703374015625 0.2061645203125 0.1376338265625 0.20230614687499998 0.1365057 0.177768146875 0.1419557359375 0.1656906765625 0.1422993390625 0.1596691671875 0.14666352968750002 0.15236993125 0.1480292265625 0.1453046453125 0.14333854375 0.14034285156249998 0.1326381234375 0.130189940625 0.1254197265625 0.1140155203125 0.12256552031250001 0.094196109375 0.128520225 0.08663310156250001 0.135683590625 0.0851260515625 0.14686754062500001 0.09317546875 0.160095675 0.0891726125 0.165800059375 0.07075021406250001 0.1757881015625 0.0620539640625 0.1731204625 0.0450285828125 0.187141840625 0.045003389062499996 0.19500919375 0.0534106734375 0.21134185625000002 0.081398790625 0.2196501265625 0.1108343140625 0.21625702656249998 0.1607108859375 0.20421607812499998 0.1792525703125 0.1952628796875 0.18129641875 0.188735721875 0.2156891078125 0.1879169765625 0.2222726109375 0.1803422234375 0.21855872187499997 0.17238158750000002 0.2155009203125 0.17011258125 0.20900225468750003 0.1703374015625
0 0.523443234375 0.1812777609375 0.5089799890625 0.1609245140625 0.5232113421875 0.1388364640625 0.5219588109375 0.1279706171875 0.5168823546875 0.12436141875 0.503024809375 0.1254345140625 0.49293154375 0.11873353906249999 0.471153125 0.12386547031249999 0.4651568078125 0.12036230625 0.45355649375 0.12484528125000001 0.445899390625 0.1231064484375 0.43762065000000006 0.12406075937500001 0.42171925625 0.1316610125 0.43131017343750006 0.142089971875 0.43321879062499996 0.158647453125 0.41168820312500004 0.1821011984375 0.40272818125 0.18523122812499998 0.39958553750000003 0.1903121578125 0.3999778546875 0.201801459375 0.41386985000000004 0.20911314218750002 0.426245540625 0.2113566421875 0.470194696875 0.21258208281250002 0.4779710875 0.2153557546875 0.4843849140625 0.22248086875 0.4967009625 0.2242069484375 0.5314170671875 0.21810795624999998 0.5526838828125 0.20045187812499998 0.54433624375 0.1846366390625 0.5393790765625 0.1820622828125 0.523443234375 0.1812777609375
0 0.8585561328125 0.0157687359375 0.833277203125 0.0228770703125 0.826932278125 0.0325215078125 0.8109712390625001 0.0396043390625 0.8034930687499999 0.0394177703125 0.7970195999999999 0.0317752375 0.78402226875 0.0322248765625 0.773307365625 0.028217040625000002 0.7603696796875 0.029184103125 0.754433009375 0.026198359375 0.7222975515625001 0.0304269859375 0.715092409375 0.040694878125 0.71500756875 0.0480448109375 0.72130210625 0.054135081249999994 0.72750255 0.051323154687500004 0.75893153125 0.057137603125000005 0.769680884375 0.0695302125 0.76957085 0.0847475 0.772747940625 0.0880513453125 0.791119946875 0.093798009375 0.8163140359375 0.094039609375 0.8467290625 0.0910578953125 0.872186925 0.085501828125 0.8800481546875 0.0809255671875 0.8920063359375 0.0795471203125 0.9100801203125 0.08270667968749999 0.915693375 0.09097266875 0.9253094875000001 0.093534275 0.9455716015625001 0.083334165625 0.9495744593750001 0.077629778125 0.9414297515625 0.0069735531249999995 0.8750276671874999 0.0064816859374999996 0.8653782140624999 0.01026366875 0.8585561328125 0.0157687359375
0 0.9243376890624999 0.262994109375 0.920087 0.2503766796875 0.939165484375 0.24608027500000001 0.9439437156249999 0.247102365625 0.9464647203125001 0.2447145765625 0.9402298281249999 0.23914172812499998 0.9477504171875 0.235653328125 0.9677659859375 0.2354432734375 0.9609665296875001 0.176457246875 0.9497492765625 0.1761773953125 0.917469334375 0.1872385328125 0.907947315625 0.1935791234375 0.9049836093750001 0.20021231718750002 0.8900617203125 0.20822395624999998 0.89469546875 0.216078559375 0.8887336031249999 0.2209601703125 0.874518190625 0.21892873906250002 0.8506614734375001 0.2222030546875 0.845380890625 0.22490894374999998 0.8268644015625 0.225994790625 0.824249303125 0.21948038281249999 0.8129724046875 0.21868311093749998 0.8046684703125001 0.22750477343750003 0.7914073671875 0.23375208125000002 0.7882647265625 0.2388330109375 0.7941762031249999 0.24968610781249997 0.7815711875 0.2616250484375 0.78142670625 0.268457559375 0.798495790625 0.2790730859375 0.8292686843749999 0.27919590156249996 0.8449830515625001 0.2726658 0.879383834375 0.2692246390625 0.9126869843750001 0.28321179218750003 0.9267234625 0.28369096250000003 0.9395074109375001 0.273304284375 0.9398308265624999 0.2680240359375 0.9243376890624999 0.262994109375
0 0.5249009140625 0.396071353125 0.5525815546875 0.38554038749999997 0.5477688734374999 0.37613352187500004 0.5601008625 0.35374011875 0.568643371875 0.346988140625 0.5763760609374999 0.325124909375 0.5680032265625 0.3171770234375 0.5582081796875 0.313063153125 0.5506107250000001 0.31184174531250003 0.5155963953125 0.3153536296875 0.5115338953124999 0.32054059375 0.4984517265625 0.328340165625 0.4911869390625 0.3380906359375 0.4565304765625 0.34470705 0.42392711875 0.361048434375 0.41217306562499995 0.3561117921875 0.3953173640625 0.355433303125 0.3854626734375 0.350802015625 0.3705659796875 0.3509463015625 0.362466171875 0.3534528734375 0.34986115624999997 0.365391815625 0.352893765625 0.3755281734375 0.3717084765625 0.3770294328125 0.38452687343749997 0.37502753125 0.40013930000000003 0.38109230156249996 0.4105652359375 0.3987651578125 0.441764896875 0.41876205000000005 0.45132136093749997 0.420806234375 0.4767792234375 0.4152501625 0.48675320156249996 0.42091629687500004 0.4922723609375 0.42028009062500005 0.514254909375 0.4088330671875 0.5249009140625 0.396071353125
0 0.2004422546875 0.35482795624999997 0.19119995 0.3312513953125 0.173867090625 0.3264335390625 0.14095625625 0.3239356875 0.13210626718750001 0.31184842968750004 0.11821427031250001 0.30453674999999997 0.10441637031249999 0.306127265625 0.0855420140625 0.3041085828125 0.0751597796875 0.31107263125 0.058065501562499997 0.3083244578125 0.04100566875 0.313961059375 0.030001796874999997 0.3236182484375 0.027898306249999998 0.3296279859375 0.036280395312500005 0.3538280015625 0.017151520312499998 0.373859115625 0.026965073437499997 0.41047724218750004 0.055072482812500004 0.41982035624999997 0.142851503125 0.42123639218750003 0.1814259828125 0.416265525 0.188665575 0.4143824078125 0.199047809375 0.40741836249999996 0.2073769390625 0.39072934375 0.1933312046875 0.37399804531249997 0.18537588124999999 0.3696721078125 0.1891401609375 0.3618980375 0.1971803234375 0.35887404218749996 0.2004422546875 0.35482795624999997
0 0 0.5646765125 0.0069081078125 0.6246050984375 0.034478715625 0.6292914203125 0.056793934375 0.628816278125 0.061845195312500004 0.6402928328125 0.0583194921875 0.6501365875 0.0739445171875 0.6522676796875 0.08037093906250001 0.655459115625 0.10298438125 0.65757108125 0.11440576093749999 0.6515358421874999 0.124404934375 0.6493346203125 0.130068578125 0.641865903125 0.133738765625 0.6251896375 0.1496401578125 0.617589384375 0.161657984375 0.6167283578125 0.16557600156250002 0.61837390625 0.175396240625 0.614620421875 0.189338625 0.6061973953125 0.198468325 0.5883675 0.1973350828125 0.5785364953125 0.19196040625 0.5723401890625001 0.186883953125 0.5687309921875 0.176407625 0.5667928437499999 0.169814865625 0.558115465625 0.1697804171875 0.5497306890625 0.1520896921875 0.5418083046875 0.145531384375 0.541515703125 0.12161502187499999 0.544272596875 0.1167519484375 0.5506004390625 0.108711784375 0.55362443125 0.092656653125 0.55180506875 0.055444739062500005 0.5524244953124999 0.037072732812499995 0.5466778296875 0.0306933578125 0.5479374906250001 0.0202514796875 0.5543841171875 0.00835294375 0.5562799859374999 0 0.5607339796875 0 0.5646765125
0 0.4533410375 0.6323892640625 0.465657084375 0.63411534375 0.4728118375 0.6395821578125 0.4762964046875 0.6617252390624999 0.48908960468749996 0.667590690625 0.5104253203125 0.6667041625000001 0.5249985984375 0.6718401234375 0.5490342484374999 0.6701180718749999 0.5751137484375 0.6618688609375 0.5827960453125 0.6557403374999999 0.5884000453125 0.6477542 0.5875305749999999 0.632125525 0.5954766453125 0.6201993359375 0.594939846875 0.6155425421875 0.5907236046875 0.6113098890625001 0.5762696171874999 0.607208771875 0.5711335171874999 0.6030821515625 0.5789947484375 0.5985058921874999 0.5981925203125 0.5952443281249999 0.6099969640625 0.5844462625 0.612960671875 0.5778130703125 0.60387210625 0.563656128125 0.5840434390625 0.5533587046874999 0.5926111484375001 0.538739371875 0.5874657921875001 0.5183606234375 0.55710115625 0.5056076296875001 0.547723621875 0.5051157093749999 0.5266861281249999 0.5085893421875001 0.5107847343749999 0.516189596875 0.4882057421875 0.5224624062500001 0.48218423125000004 0.5268265953125 0.4821590390625 0.5346939500000001 0.4785988859375 0.5361529296875001 0.47845440312500004 0.5429854421875 0.483590503125 0.5471120609375 0.4808057265625 0.55529751875 0.4738047140625 0.559250321875 0.46644583281249996 0.560098596875 0.46520255625000007 0.565484878125 0.44140548125 0.569276615625 0.4163466234375 0.545950375 0.4100268921875 0.547727459375 0.3963138296875 0.5419680421875 0.3730191046875 0.5420317953125 0.345099884375 0.5504930765625 0.3321118109375 0.5671948421875 0.3303065390625 0.5757916875 0.33028134531250003 0.583659040625 0.336158371875 0.5861273625 0.3631669859375 0.594024246875 0.37592573749999997 0.591504921875 0.3958988875 0.594969834375 0.419645571875 0.6069128046875 0.417482434375 0.6124051203125 0.4087609890625 0.6176048359374999 0.40829308906249995 0.6297175953124999 0.41832670937499994 0.635901146875 0.4249446640625 0.6367111703125 0.4533410375 0.6323892640625
0 0.9872378062499999 0.45287900312499996 0.9766766406249999 0.4582907859375 0.9666178249999999 0.4599745875 0.9476334328125 0.473173190625 0.9358541859375 0.476103903125 0.9267496796874999 0.48606644218749995 0.881259025 0.4876401796875 0.8662682374999999 0.47888226874999995 0.85027275 0.477580325 0.8368327140625 0.48227536875 0.8346695765625001 0.4877676859375 0.8237253499999999 0.49794229375 0.8320981843749999 0.5058901812500001 0.8329332046875001 0.5131340796875 0.826468990625 0.521743675 0.8270402390625 0.534785240625 0.8379685265625 0.548730115625 0.8469629984375 0.5539848609375 0.8701132375 0.5607536203125 0.892786325 0.5633830046875 0.9048041484375 0.5625219796875001 0.9155535031250001 0.5749145906249999 0.9135693015624999 0.58195916875 0.9036297718749999 0.5846778109375 0.9118236734374999 0.5910734343749999 0.9127183390625 0.598834753125 0.9176755062499999 0.601409109375 0.94280995 0.6011332890625 0.9625697171875001 0.594661159375 0.969357346875 0.58077131875 0.9705661750000001 0.5670002609375 0.9620396031249999 0.5496327562500001 0.9622437296875 0.5433176671875 0.9692447453125 0.5393648640625 0.9781795734375001 0.5441021890625 0.9898991765625 0.5406540578125 0.9960281265625 0.5436103828125 0.9964665453125001 0.4844237984375 0.9928166109375001 0.45276021875000005 0.9872378062499999 0.45287900312499996
0 0.9624715046875 0.6827543171875 0.9571909234374999 0.6854602078124999 0.9533669984375001 0.6927168578125 0.9584182578125 0.704193409375 0.9508552515625001 0.7113567734374999 0.951749915625 0.71911809375 0.9405671109375 0.7272230171875 0.93834433125 0.7321979140625 0.9093515140624999 0.7313456078125 0.8979301312500001 0.737380846875 0.8832720140625 0.73959481875 0.8726260078125 0.7523565343749999 0.87817961875 0.760105103125 0.8753789031249999 0.79241004375 0.8981897875 0.8285785328124999 0.9221405984375 0.8342064125 0.9284351359375 0.840296684375 0.9398909671875 0.84264621875 0.9472498484375 0.8417979437499999 0.9560309374999999 0.8371156515625 0.9801858765624999 0.8364284421875 0.9910704609375 0.8257364109375 0.9939445671874999 0.8248907937500001 0.9950197812500001 0.67973698125 0.9947262531250001 0.6795605328125001 0.9624715046875 0.6827543171875
0 0.4004195078125 0.9252799093749999 0.40757426093750004 0.930746725 0.42398725937500004 0.9356706156250001 0.44606390312500005 0.933125790625 0.4670669453125 0.9212673812500001 0.47608661249999995 0.918654775 0.49574559999999995 0.9436520625 0.506221928125 0.9455902125 0.5107363874999999 0.9524099734375 0.5224307968749999 0.95682919375 0.552045253125 0.9549883578125 0.5761060984374999 0.9453989515625001 0.58749303125 0.9309789359374999 0.5885481203125 0.9077882640625001 0.5793747140625001 0.9009812531250001 0.5662580953125 0.90039605 0.562842428125 0.8950225187499999 0.5481498625000001 0.888851715625 0.5615209984375 0.8673871203125 0.556391584375 0.8228888890625001 0.56009621875 0.8145973984375001 0.5452499125 0.7990069765625 0.5178582390625001 0.79587291875 0.5089578593749999 0.7995203703125 0.5040947874999999 0.8058482109374999 0.48027251875 0.8175072999999999 0.4646348984375 0.8193098859375001 0.44271199375 0.8312743296875 0.4371331890625 0.8313931140624999 0.42645273437500003 0.8357700546875 0.409358453125 0.83302188125 0.405321146875 0.8303414921875 0.39698276250000003 0.83077838125 0.3765417125 0.839426228125 0.367675784375 0.851458453125 0.3671137890625 0.8546690140625 0.3739703203125 0.8575487234375 0.3868483625 0.8560642421875 0.397563265625 0.860072075 0.41062023906249995 0.8601398578125 0.4199129359375 0.8679817109375 0.4248197125 0.8862907734375 0.42051863437500003 0.8894080531249999 0.4105194609375 0.8916092734375001 0.396313303125 0.90582996875 0.40124527343749994 0.916271678125 0.4004195078125 0.9252799093749999
0 0.0823335390625 0.9231484640625001 0.09749400625 0.9172065093749999 0.1123310578125 0.9165447999999999 0.128053515625 0.907392284375 0.139883153125 0.888726865625 0.130461915625 0.8635980406250001 0.1071075484375 0.863144371875 0.10553160156250001 0.8575587718750001 0.112617453125 0.8462560375000001 0.13175558125 0.8424770515625 0.132879571875 0.836055928125 0.14287874218750002 0.8338547046875 0.1502031734375 0.8246216562500001 0.1480904265625 0.8143792640624999 0.1400754578125 0.8095359046875 0.1325972875 0.8093493390625 0.1237817484375 0.8056468562499999 0.08574406875 0.8152745124999999 0.06933107187500001 0.8103506218750001 0.05425544375 0.8089426453125 0.037996184375 0.81343836875 0.0291554484375 0.817603240625 0.0397124984375 0.909186809375 0.0511683296875 0.911536346875 0.0633995375 0.920612359375 0.0739355109375 0.92306793125 0.0823335390625 0.9231484640625001