0 0.08330811875000001 1 0.0829873515625 0.9956499359375 0.0874317421875 0.96558524375 0.0787397578125 0.964994496875 0.076047253125 0.9545095640625 0.074847725 0.9198686374999999 0.08090416406249999 0.9003352343750001 0.07884853750000001 0.8917503312499999 0.08504131875 0.885702565625 0.086758659375 0.8875562374999999 0.087259196875 0.8759706312500001 0.0929117515625 0.8699460406249999 0.09862126875 0.8542822328125 0.09854188750000001 0.8311573750000001 0.100808090625 0.8223870453125001 0.099397984375 0.8051013515625 0.09577 0.797547590625 0.087868515625 0.791140859375 0.085224334375 0.7816175328125 0.08518464375 0.77005510625 0.066478590625 0.76411195 0.0606896921875 0.7566509031249999 0.056464518750000005 0.7587595390625 0.048545759375000004 0.773554459375 0.0486251421875 0.7966793156249999 0.0429242625 0.8017423000000001 0.028829995312500002 0.801383340625 0.025733603124999997 0.804407225 0.0239593015625 0.8121927703124999 0.028022225 0.8284009703124999 0.02648955625 0.8409945375 0.020345099999999998 0.8480039093749999 0.0160232734375 0.8481893390625 0.014345625 0.85789809375 0.007515959375000001 0.862045834375 0.0016045015624999999 0.8844640500000001 0 0.8848947078125 0 0.9064009343749999 0.0029423140625 0.9649472296875 0.0219339828125 1 0.08330811875000001 1
0 0.37414500156249997 0.7177493890625 0.3687340796875 0.7285820000000001 0.3564451703125 0.74260074375 0.35579965156250004 0.7513015375000001 0.34930827343750004 0.7621805046875 0.3022997578125 0.77479786875 0.294051353125 0.7722607359375 0.28988313906249996 0.764730153125 0.2794168578125 0.771924953125 0.26797540625 0.7704884953125 0.2644354390625 0.7754587671875 0.26668437031250003 0.7878900843750001 0.2804800421875 0.79308024375 0.294073771875 0.8050248124999999 0.2990721703125 0.8183018390625 0.29793475156250004 0.8279874171875001 0.29994204999999996 0.8356107140625 0.2967403671875 0.8473122140625 0.29972283437499997 0.8635667703125 0.30325416562499996 0.869197321875 0.320783109375 0.873263628125 0.32931283906250003 0.8921712093749999 0.3333757625 0.9083794093750001 0.3423973953125 0.9263022078125 0.3373817234375 0.934226825 0.34900784375 0.9501105234375 0.365891271875 0.962877625 0.36795553124999997 0.9608617015625001 0.377125634375 0.917102765625 0.36990935625 0.9135576703125 0.36637802812500003 0.907927115625 0.36752408124999997 0.8876407171875 0.3772171390625 0.8650602484375 0.388078671875 0.85495745625 0.3885308828125 0.8424102453125 0.3910387203125 0.8384479375 0.39021716875 0.8221006671875 0.37892933281249996 0.8129481984375 0.3745678140625 0.8015711984375 0.37413287500000003 0.7929167609375 0.3768029640625 0.770637615625 0.381577003125 0.7579049765625 0.38198088750000003 0.7443961609375 0.3889244765625 0.720969984375 0.39644798593749997 0.70908305625 0.391884525 0.7044604640625 0.37985451718749996 0.70208558125 0.3745972125 0.705202178125 0.37414500156249997 0.7177493890625
0 0.57352649375 0.6883910171875 0.570421465625 0.702015725 0.564421990625 0.711909909375 0.56651730625 0.7320572390625 0.5571314796875 0.7392056828125 0.5455933734375 0.7358460171875 0.5409332609375 0.7293002171875 0.53883794375 0.7091528859375 0.5305498484375 0.6950533265625001 0.5238168375 0.7011242734375001 0.511294928125 0.6997341734375 0.5093670109375 0.7152357312500001 0.50316559375 0.7318843234375 0.5069868828125 0.7432845015625 0.5046637171875 0.7616940515625 0.516144859375 0.7746929375 0.5175152749999999 0.7804162031249999 0.527722653125 0.78961503125 0.5354877953125 0.7825361234375 0.5478647249999999 0.7810414109375 0.5670454078125 0.80720143125 0.576897228125 0.8308706765625 0.5639714359375 0.8429893921874999 0.564252759375 0.859359840625 0.5774512390625001 0.8742123984375001 0.596359234375 0.8734011468749999 0.603026646875 0.8875702437499999 0.6065010156249999 0.9028400171875001 0.61670839375 0.9120388437500001 0.620578009375 0.924400625 0.625633371875 0.9280384343750001 0.6353574859375 0.9276212203125 0.639389353125 0.921666165625 0.6403817921875 0.9090957765625 0.625110415625 0.906859965625 0.61593516875 0.896653178125 0.6127024328124999 0.8861914265624999 0.6108573875000001 0.8602512921875001 0.6077696312499999 0.8526743531250001 0.601259325 0.766222696875 0.6052428671875 0.7593060390625 0.6031389171875 0.7497595328125 0.6024140171875 0.7353354703125 0.604680221875 0.726565140625 0.6019480234375 0.7045177812500001 0.6052463578125 0.694739490625 0.5961677640625 0.6864559109374999 0.585209578125 0.69463549375 0.57352649375 0.6883910171875
0 0.908257571875 0.6913755109374999 0.9037338015625 0.69831535 0.8978879421875 0.7004935203125 0.8191406359375 0.609431784375 0.8191975984375001 0.5997925671875 0.8124248968750001 0.5943010859375 0.8093941062500001 0.5770849265625 0.8044837203125 0.576331928125 0.7968152328125 0.58533404375 0.7888567875 0.5885665359375001 0.780349475 0.6024230296875001 0.7756720875 0.617078878125 0.7793794515625 0.647757496875 0.783547665625 0.655288078125 0.7922879734375 0.656840428125 0.794295271875 0.6644637265625 0.7875622609375 0.6705346734375001 0.786868415625 0.6782738625 0.7824413 0.68713690625 0.7772323203125 0.6912151109375 0.77995588125 0.7238632921875 0.7874664359375 0.7278776 0.7988466062499999 0.744253690625 0.82335019375 0.74705706875 0.8311550249999999 0.751540590625 0.8515525109375 0.7911398890625 0.865484525 0.8098156859375001 0.8878134171875001 0.769346878125 0.90092388125 0.7716754046875 0.908882328125 0.7684429140625 0.9143899031249999 0.7595335109375 0.9324107484375 0.7626150328125 0.93815995625 0.758513653125 0.9406677906249999 0.7545513421875001 0.9416291765624999 0.7198177015625 0.9381548093750001 0.704547928125 0.9288829078124999 0.6924179328125 0.908257571875 0.6913755109374999
0 0.562234790625 0.49602625937499994 0.5521240640625 0.4887506421875 0.5522293546875 0.480073025 0.549093271875 0.4715344828125 0.548820584375 0.44456320781249997 0.541902903125 0.436186915625 0.534291378125 0.43554981093749995 0.5264779093749999 0.44166711562499994 0.5195912828125 0.4554540734375 0.5138420765625 0.45955545468750003 0.5115189109375 0.47796500468750003 0.5151382578125 0.49611958906250003 0.5110977531249999 0.5126754671875 0.504316415625 0.5177848109375 0.49924378125 0.5353486484375 0.5124422625 0.5502012078125 0.5227549296875 0.55072241875 0.537235809375 0.5587742109375 0.5424361515625 0.56529683125 0.5547388453125001 0.5946429875 0.56730044375 0.607595515625 0.5732429578125 0.6073405515625 0.588500553125 0.5662114625 0.6061520578125 0.5403985046875001 0.6058620984374999 0.5346288796875001 0.596541871875 0.5215372796875 0.5920923359375 0.4976362484375 0.5759510796875 0.47809156249999996 0.5701052203125 0.4802697359375 0.562234790625 0.49602625937499994
0 0.3694836578125 0.5495891296875001 0.36006677656249997 0.534574321875 0.36253492187499997 0.519049584375 0.361019525 0.510441503125 0.354980359375 0.5087732593750001 0.349029209375 0.51962905 0.3396433828125 0.5267774937499999 0.33308640624999997 0.5578965046875 0.3234986375 0.5717993546875 0.357037640625 0.6358904328125 0.36498745 0.643258765625 0.37255065 0.642934265625 0.3776716109375 0.62633203125 0.3868986765625 0.572933875 0.3941805515625 0.5562389265625 0.3934470171875 0.5524156875 0.3820055640625 0.55097923125 0.3772884890625 0.5540726499999999 0.3694836578125 0.5495891296875001
0 0.1594509828125 0.5672737203125 0.1578699875 0.578905684375 0.153934771875 0.5867839453125 0.14218608906250002 0.6007795125000001 0.13732403437500001 0.60098811875 0.132760571875 0.596365528125 0.130753275 0.58874223125 0.12618981406250002 0.5841196390625 0.11090979999999999 0.5924846515625 0.10599078125000001 0.6023324796875 0.0978873546875 0.6026801578125001 0.08949396875 0.5972582109375 0.08702582187499999 0.6127829499999999 0.0786238 0.617961828125 0.08169428281249999 0.6467404171875 0.08075016874999999 0.660272409375 0.0840312296875 0.6716957671875 0.0892315734375 0.6782183875000001 0.093601728125 0.6789945640624999 0.09807717031249999 0.671093121875 0.1106560421875 0.662844003125 0.12434642343749999 0.6767117765624999 0.1322392734375 0.6937193296874999 0.13964885625 0.701110840625 0.156049015625 0.7042619 0.1617982234375 0.70016051875 0.164306059375 0.696198209375 0.1612183046875 0.6886212703125 0.1634223984375 0.6355244359375 0.1667776953125 0.616106925 0.17317241875 0.6033047484375 0.17224557812500002 0.59563509375 0.175504221875 0.5742943734375 0.180866815625 0.5625001593750001 0.1807787984375 0.5499761265625 0.1758200890625 0.548261525 0.1744893625 0.5541006875 0.1594509828125 0.5672737203125
0 0 0.5696316859375 0.008880853125000001 0.566024540625 0.0143401 0.556153534375 0.0175020890625 0.53288960625 0.016720228125 0.5281047640625001 0.0115682125 0.5225437484375 0.01098829375 0.5110044984375001 0.0375820515625 0.4799894828125 0.042259437500000004 0.465333634375 0.041921151562499995 0.45860240625 0.019538787499999998 0.444143884375 0.0069909703125 0.47455625625 0 0.48053437343749994 0 0.5696316859375
0 0.169765484375 0.3846961125 0.1669107265625 0.392528015625 0.1521709421875 0.40086985 0.137536446875 0.40053406875 0.12693381875 0.3942432328125 0.1204907671875 0.40608380468750005 0.1161689390625 0.40626923281250005 0.11160547812499999 0.401646640625 0.112250996875 0.392945846875 0.10743726718749999 0.3941160578125 0.10404227968749999 0.40197114218749996 0.1070817078125 0.408586478125 0.10886979375000001 0.44416582968749996 0.1002744640625 0.4454982921875 0.0996772734375 0.455160690625 0.1036521765625 0.45884485625 0.11342461562499999 0.4593892453125 0.126873365625 0.4684490015625 0.14987534062500002 0.5060092 0.16052629375 0.513261640625 0.1675009375 0.5119987125 0.17404064218749998 0.50208135 0.174737975 0.4297756125 0.1795292875 0.3958413234375 0.185093825 0.3772927046875 0.17964321249999998 0.376562884375 0.176740128125 0.38343318437499996 0.169765484375 0.3846961125
0 0.14032395 0.2944099359375 0.132027215625 0.2909111984375 0.130753453125 0.28711113906249996 0.125496146875 0.2902277375 0.12368215625000001 0.2864508578125 0.11233735781250001 0.2869376078125 0.106878109375 0.29680861406250003 0.1044582921875 0.3132949546875 0.10955334375 0.3284951921875 0.10972937812500001 0.35354325625 0.10588218125 0.3739455515625 0.1140252984375 0.3851603 0.104582509375 0.4019479640625 0.10775828125 0.4220489359375 0.11197481875 0.43054112343749995 0.11467596093750002 0.4304252296875 0.11601532343750001 0.4139852453125 0.1274170859375 0.403859275 0.1324241203125 0.4065354796875 0.15884699062500002 0.40443812343749996 0.16971715781250002 0.38373450781249996 0.1668710359375 0.3809655875 0.1637746453125 0.383989471875 0.1594614515625 0.3735740765625 0.1579546921875 0.354365171875 0.1598826109375 0.3388636140625 0.1570451234375 0.325493871875 0.14903835 0.3277647578125 0.13839603125 0.30991149375 0.14032395 0.2944099359375
0 0 0.34773535624999996 0.0000716328125 0.347647690625 0.0013143421875 0.32928449843749996 0.006782225 0.3088126671875 0.0007948765624999999 0.24353947968749998 0 0.2393965265625 0 0.34773535624999996
0 0.050513168750000004 0.2202054 0.0532056734375 0.23069033125 0.058357690625 0.2362513484375 0.063404415625 0.2504899828125 0.0644762375 0.26104444843749997 0.10660542343749999 0.2698373421875 0.116338171875 0.258819303125 0.11138809999999999 0.2465038765625 0.118178071875 0.23079370937500002 0.1207911953125 0.2181537859375 0.11986435625 0.21048413125 0.11393047812499998 0.200138271875 0.0523357953125 0.2133814578125 0.050513168750000004 0.2202054
0 0.19588295625000002 0.214931959375 0.1966648171875 0.2197168015625 0.19460055625 0.2217327234375 0.18507838593749998 0.21539553125 0.177563515625 0.21668163749999997 0.17165205625 0.239099853125 0.1725702609375 0.25737033125000003 0.1753197296875 0.2582160421875 0.1814158578125 0.25024506562500004 0.197082484375 0.2495728875 0.198444265625 0.265896978125 0.202217228125 0.276335553125 0.22672081562500002 0.27913893125 0.22520541875000002 0.27053085 0.21986009687500002 0.2611234171875 0.22993976875 0.2462357828125 0.23166574374999999 0.23748863281250002 0.230102021875 0.2279189484375 0.2239575640625 0.23492832031250002 0.22028125625 0.226412953125 0.220434871875 0.21869694218750002 0.22570081250000001 0.2049795203125 0.23257880156250002 0.20179338593749999 0.2313050375 0.1979933265625 0.21137354687499998 0.189211715625 0.19903631093750002 0.20226885625 0.19588295625000002 0.214931959375
0 0.3004732125 0.2923570875 0.29835198749999997 0.30401223125 0.2936349125 0.3071056515625 0.29024856250000003 0.30435991093750003 0.2877976890625 0.298683 0.2857507 0.279497275 0.27912297812500003 0.27689060625 0.27455087968749997 0.2828688375 0.257878034375 0.25274650625 0.2589188 0.2411377234375 0.24884776562500002 0.24542453125 0.242171715625 0.241856259375 0.23583395468749999 0.2450192140625 0.2314068390625 0.253882259375 0.23301888750000002 0.2644135484375 0.225108765625 0.26860764375 0.2226095671875 0.261969128125 0.2071448828125 0.25588690000000003 0.20483035312500003 0.2636956265625 0.20698263125 0.27420373593749997 0.2290750359375 0.2828926328125 0.23329157656250002 0.2913848203125 0.23671761562500002 0.30569298749999996 0.24328837499999997 0.317938878125 0.2429241796875 0.34301011875 0.2633959 0.351768553125 0.2736343328125 0.38313063281250004 0.28664814375000003 0.3835359484375 0.2940577265625 0.390927459375 0.2988714546875 0.3897572484375 0.294993203125 0.38799629062499996 0.29342948125 0.37842660625 0.2971230625 0.36574032343749996 0.2978255421875 0.3474003109375 0.30132581875 0.33086761249999996 0.3075755625 0.3151806234375 0.32104158437499997 0.3030387296875 0.32119520156250003 0.29532271875 0.3181557734375 0.288707384375 0.3131487375 0.286031178125 0.3004732125 0.2923570875
0 0.3328351046875 0.354571315625 0.3336566578125 0.3709185875 0.3246971328125 0.397322290625 0.303628221875 0.39822625624999997 0.3086266234375 0.41150328593749996 0.3000623484375 0.434999 0.3115918171875 0.4489594890625 0.31722709843749997 0.4641365484375 0.3311591125 0.48281234375000004 0.34043965 0.484341515625 0.3455036484375 0.47737850000000004 0.3464563984375 0.45324568125000003 0.348770928125 0.44543695781250003 0.34740914843750004 0.42911286562499995 0.35743185624999996 0.4238644515625 0.36190730000000004 0.4159630109375 0.3614809953125 0.39670775156250004 0.3543216828125 0.3835234359375 0.3536451109375 0.370060978125 0.35851580156249996 0.359251546875 0.3536623828125 0.34885933125 0.341140475 0.3474692296875 0.3328351046875 0.354571315625
0 0.46961820000000004 0.3400295140625 0.46603854218749996 0.33343735625000004 0.461716715625 0.33362278437500004 0.45542727968749996 0.33774734375 0.43256679374999996 0.36763850625 0.432808428125 0.37244652500000003 0.43933086093749996 0.3837308109375 0.45251206718750003 0.41978501562500004 0.4699335640625 0.43517914375 0.48239203281250004 0.45415908125 0.48798762343749996 0.4577737125 0.497026528125 0.4544948625 0.493688503125 0.4527107265625 0.4915362265625 0.44220261718750004 0.492335359375 0.4257858125 0.495383425 0.421800321875 0.4884743796875 0.40282320625 0.48774948125 0.38839914375 0.48924245781250003 0.3642431484375 0.4941131515625 0.353433715625 0.4931863109375 0.34576406249999997 0.486026996875 0.33257974687499997 0.474238621875 0.335012884375 0.46961820000000004 0.3400295140625
0 0.432121565625 0.2510526203125 0.42818634843750003 0.2589308828125 0.420913109375 0.26502500625000003 0.4105693875 0.242340546875 0.398306384375 0.2245568171875 0.3844623859375 0.2184050546875 0.3699728703125 0.22095408437500003 0.367214765625 0.23070919843749998 0.36136890625 0.2328873703125 0.35973958281249996 0.2435577296875 0.3623837640625 0.25308105625 0.3549569078125 0.26689119375 0.35901983125000003 0.2830993921875 0.3666710453125 0.29529892343749997 0.37452420625 0.300744046875 0.39549646250000003 0.29791687499999997 0.3983909109375 0.30164739687500003 0.40270410312499993 0.3120627921875 0.406420103125 0.3321405859375 0.404597475 0.3389645296875 0.40552431718750004 0.346634184375 0.41719876562499997 0.3634794859375 0.42937375 0.36873918125 0.44215456406250003 0.3537356546875 0.451654315625 0.3273087703125 0.449155115625 0.32067025625 0.4411768234375 0.3181215328125 0.43394070312500005 0.308795225 0.4334177453125 0.28761675468750003 0.4382090578125 0.25368246875 0.4424428671875 0.2409730078125 0.4369439296875 0.23928158437499997 0.43281540625000003 0.24331343125 0.432121565625 0.2510526203125
0 0.28663619375 0.15707223125 0.2798859109375 0.184344825 0.28263538125 0.18519053593749998 0.2853762125 0.1966370703125 0.29102013125 0.20121330624999997 0.29105118750000003 0.22337655625 0.284164559375 0.237163515625 0.2664336734375 0.23985161718749998 0.26008727343750004 0.253615396875 0.25953841093749996 0.2642393984375 0.2718014125 0.2820231265625 0.28133221875 0.277759496875 0.2926200546875 0.286911965625 0.3507714234375 0.2805622578125 0.354948271875 0.2774920171875 0.350788696875 0.2593606109375 0.3337119625 0.2427470953125 0.3312127640625 0.2361085796875 0.3326487765625 0.2215918046875 0.33623707187499996 0.2175831375 0.3333598953125 0.19265096718750002 0.3353361390625 0.17811101093749998 0.3306363328125 0.16000278437499998 0.333636071875 0.155055690625 0.325194359375 0.148672140625 0.29719913125 0.1518006375 0.28663619375 0.15707223125
0 0.430965215625 0.1634075734375 0.42359532343749995 0.16757849062500002 0.4184433078125 0.1620174734375 0.41595274375 0.144778134375 0.4115342625 0.1430403546875 0.389793925 0.1844475875 0.38997859687499997 0.19889482812499998 0.419520275 0.2265376640625 0.43538020624999996 0.2297119 0.4345983453125 0.224927059375 0.439807325 0.2208488578125 0.4398159609375 0.21024803281249999 0.443654521875 0.2004465640625 0.443267909375 0.1927537296875 0.43644688125000003 0.18630064375 0.435520040625 0.178630990625 0.43906000624999997 0.17366071875 0.440245753125 0.1649367453125 0.43666609687499996 0.15834458906249999 0.43234426875 0.15853001718749998 0.430965215625 0.1634075734375
0 0.5093466703125 0.1610082796875 0.505846396875 0.1775409796875 0.4983315234375 0.17882708281249998 0.491809090625 0.1675428 0.4811098109375 0.159328753125 0.4730944015625 0.172200465625 0.4720053078125 0.182847646875 0.44316261875 0.2014313453125 0.43996094062499996 0.2131328453125 0.4582941625 0.2547480671875 0.4637931015625 0.256439490625 0.48160336875 0.2768762453125 0.4859735234375 0.27765242031250004 0.4898604125 0.2688125546875 0.4962948265625 0.2675728046875 0.489377146875 0.25919651093749996 0.4888455546875 0.24861886718749998 0.48989495781250003 0.22640925781250001 0.49398378750000005 0.21081498437500001 0.50057181875 0.20185922500000003 0.51696334375 0.21561110625 0.5206966171875 0.214487253125 0.5311715343750001 0.19669162812500002 0.5336880078124999 0.18212849375 0.5324142453125 0.1783284359375 0.52691530625 0.1766370125 0.5189258046874999 0.1577062515625 0.5093466703125 0.1610082796875
0 0.5325246796875 0.22361654375 0.5296215953125001 0.23048684375 0.5294110171875 0.24784207500000002 0.5249838984374999 0.25670512031250003 0.5189930609375 0.25599848125 0.5160019578124999 0.25034475 0.5104546937500001 0.2476917234375 0.501609096875 0.25481698750000004 0.494489471875 0.25319510156249997 0.49246490156249995 0.2667734515625 0.49820547187499997 0.2732728953125 0.50222006875 0.28851949062500004 0.5168942546874999 0.3004177 0.5206188921875 0.3098946703125 0.5409766859375 0.33793154062499997 0.55177261875 0.3480687921875 0.5602712953125 0.3448131234375 0.569463815625 0.3338182625 0.5753183125 0.32103926562499996 0.5760691171875 0.30366085468750004 0.5744570703125 0.2931295671875 0.5651368406249999 0.28003796875 0.5566295296875 0.2938944609375 0.549268271875 0.2874645546875 0.5504712921875 0.2575389328125 0.5575598609375 0.23699756718749998 0.5551089874999999 0.23132065625 0.5584556468749999 0.22250397031250002 0.56322105 0.22037215468750002 0.553110325 0.21309653593750003 0.5407730875000001 0.2261536765625 0.5325246796875 0.22361654375
0 0.60371576875 0.1858696828125 0.606223603125 0.18190737343750002 0.603917709375 0.179115275 0.58721031875 0.191396240625 0.580767265625 0.2032368125 0.580565325 0.2099912203125 0.5711794984375 0.2171396640625 0.5629794171875 0.21556413437500002 0.5527720390625 0.20636530625 0.5481999421875 0.2123435390625 0.5470141953125001 0.22106751406249997 0.5501019515625 0.22864445312499998 0.5616314203125 0.2426049421875 0.57685446875 0.24387915 0.5956968687499999 0.26330794218750003 0.6061061875 0.2657523625 0.614169925 0.25384225312500003 0.6242185421875 0.2167913671875 0.6230983953125 0.2052752984375 0.621284403125 0.201498415625 0.6079236703124999 0.20496269374999998 0.60371576875 0.1858696828125
0 0.6372858234375001 0.2721240140625 0.631633271875 0.2781486015625 0.6231173234375 0.3026059203125 0.6033618656249999 0.31887237343749997 0.6005157421875 0.31610345624999997 0.5977265828125 0.303695315625 0.59321145 0.3000343265625 0.5792535265625001 0.313161003125 0.578366375 0.317053778125 0.5818493796875 0.3217227265625 0.5829212015625 0.33227719375000003 0.575599634375 0.337409715625 0.5725912609375 0.3529576296875 0.5769044531249999 0.363373025 0.5865802390625 0.36199420781249997 0.5913283687499999 0.3810640390625 0.607139975 0.383276671875 0.6331416859375001 0.41588977812500005 0.6448730984375 0.42309585937499994 0.652928196875 0.421786578125 0.6603067265625 0.4070148359375 0.6544893484375 0.4043734 0.643133340625 0.3884781125 0.642610384375 0.36729964375 0.644336359375 0.35855249218749996 0.6564319656250001 0.34068732968750004 0.6522240625 0.3215943203125 0.66014281875 0.3067994015625 0.656571796875 0.28960641875 0.6515733984375001 0.276329390625 0.6459294796874999 0.27175315625 0.6372858234375001 0.2721240140625
0 0.6936326890625 0.1652322265625 0.68444880625 0.1656262640625 0.667789740625 0.17886883125 0.6643861171875 0.197324740625 0.6756256265625 0.20551560468750002 0.6781248265625 0.21215411875 0.6756169890625 0.216116428125 0.696426996875 0.23160608906250002 0.7007488234375 0.23142065937499998 0.7107318421875 0.21460981875 0.708474275 0.212779325 0.7080393359375 0.2041248875 0.7183209484375 0.182482846875 0.7182329328125 0.1699588140625 0.71362114375 0.1643746171875 0.7014858484375 0.1706773515625 0.6936326890625 0.1652322265625
0 0.7904300640625 0.46463755625000003 0.7850674671875 0.47643176875000004 0.7684170390625 0.47907351406250004 0.7660455453125 0.496521459375 0.7618203718750001 0.49863009687500004 0.7504842109375 0.488516025 0.736341615625 0.4871954609375 0.734931509375 0.4699097640625 0.7297881296875001 0.4537479234375 0.727385584375 0.4490326171875 0.7185486203125 0.445557059375 0.708400778125 0.45370187343749996 0.7011560203125 0.4549763890625 0.697752396875 0.473432296875 0.66741673125 0.5161719890625001 0.6671181359375 0.5210031890625 0.6708427718750001 0.5304801578125 0.678599278125 0.534002075 0.6954714953125001 0.5303871359375 0.7568668093750001 0.550881221875 0.77177748125 0.5136217265624999 0.7883882203125 0.49941755312499997 0.794330734375 0.49916258906250005 0.7957581125 0.4952466359375 0.8029743890625 0.49879173125 0.8110950890625 0.477242403125 0.8005407890624999 0.4719131734375 0.7930828812499999 0.4635600578125 0.7904300640625 0.46463755625000003