0 0.830184034375 0.7596166203125 0.7482241203125 0.778837225 0.7402129890625 0.7829230265625 0.732545365625 0.7929977671875 0.7363949859375001 0.8147176609375 0.738155146875 0.8181672859375 0.7649721140625 0.8317421921875001 0.7610727625 0.8409332265625 0.76199351875 0.8539598406250001 0.7560931578125001 0.8630683625 0.747373703125 0.8684238203125 0.7492507328125 0.8723978140625 0.770326840625 0.8691105234375 0.7761103265625 0.8594776375000001 0.788240340625 0.856081228125 0.8013195265625 0.8480480453125001 0.8054526203125001 0.8399057390625 0.8166476703125 0.8323144093750001 0.8201893046875 0.8259661265625 0.83491178125 0.820858209375 0.8402064734374999 0.8223753984375 0.8540682296875 0.8400920046874999 0.8601597 0.8585272937499999 0.86545439375 0.8600444890625001 0.8729909375 0.858277075 0.888421740625 0.8518995 0.8924308578125 0.8476486781249999 0.8939928 0.82797034375 0.8889460578125 0.8186701859375001 0.8803576812499999 0.8157183109374999 0.8874551609375001 0.794190053125 0.9029001734375001 0.7789807828125 0.9029143859375001 0.7701490890625 0.8991532156250001 0.7666169484375 0.830184034375 0.7596166203125
0 0.29876213125 0.8704472703125001 0.30532818906250003 0.8865641703125 0.29931806562499996 0.8907324828125001 0.295418715625 0.8999235171875 0.2857571890625 0.9054998984375 0.27526336093750003 0.91623741875 0.27182438750000004 0.9319417609375 0.2587452 0.93997494375 0.26062223281249997 0.9439489375000001 0.27191994531249997 0.945713665625 0.2766231796875 0.9490248796874999 0.2759077453125 0.9547103828125 0.2829697046875 0.9552613593749999 0.285094684375 0.9514523890625 0.298290740625 0.943943571875 0.3138384171875 0.9380903578125 0.325435409375 0.9367501546874999 0.340750940625 0.96543716875 0.3630028578125 0.9629776859374999 0.369940840625 0.9674201421875 0.3779519671875 0.9633343421875 0.3857222546875 0.962615659375 0.40339490937500005 0.9529534828124999 0.4075280015625 0.9448111734375001 0.4236742390625 0.9327480937500001 0.42439677500000006 0.9226467453125 0.4665845109375 0.893992934375 0.4645977125 0.885078728125 0.4489402734375 0.885991728125 0.44036610468750004 0.8742081625000001 0.4235399609375 0.869877509375 0.4224881265625 0.8651582265625001 0.43132445625000004 0.8603271343750001 0.4322736265625 0.8556903625000001 0.447470690625 0.84826405625 0.44173693593749996 0.826986015625 0.4307898359375 0.8267943796875 0.41349620781249996 0.82036626875 0.3955969171875 0.8245638734374999 0.3741701984375 0.82627806875 0.354131715625 0.8431163343750001 0.352824828125 0.850595859375 0.32584836250000004 0.8629916703125 0.3178443375 0.8626616203124999 0.3070070015625 0.8674102015624999 0.302062921875 0.8674661015625 0.29876213125 0.8704472703125001
0 0.3491567296875 0.642886034375 0.336559234375 0.644184984375 0.3041925203125 0.641291696875 0.279822728125 0.6431443046875 0.2525027578125 0.6495511734375 0.22964517343750002 0.662636375 0.22492062499999999 0.6725727 0.228791559375 0.6810450515625 0.2113455390625 0.696171809375 0.21226629218749998 0.7091984250000001 0.21920427656250002 0.7136408796875 0.2218994015625 0.72128543125 0.2335406171875 0.7290390984374999 0.24943890156249998 0.724758984375 0.25589519374999997 0.735935675 0.2720130125 0.74153598125 0.278841228125 0.7410382265625 0.3019254484375 0.733417603125 0.31158697343749997 0.7278412203125 0.3167861078125 0.715586509375 0.3270461953125 0.7038002578125 0.3361091578125 0.7044337453125 0.36012833906249997 0.701008040625 0.37083459687500003 0.7045667921875001 0.3806058859375 0.703930621875 0.4013384859375 0.694654390625 0.405574240625 0.695868146875 0.414293696875 0.6905126921875 0.4214938390625 0.6783404890625 0.4351573765625 0.6729291328125 0.439063834375 0.6593222515625 0.42436267031249997 0.65118263125 0.40622963749999996 0.654331503125 0.40258534218750003 0.651323725 0.390696171875 0.651353021875 0.3799757078125 0.6566259624999999 0.3491567296875 0.642886034375
0 0.807035496875 0.5267716234375001 0.7840681515625 0.5349166109375 0.773808065625 0.5467028625 0.7337737296875 0.553884315625 0.7091772984375 0.5502723453125 0.6876266046875 0.5558780203125 0.68408496875 0.5622263015625 0.67595696875 0.5657877375 0.664892996875 0.565071740625 0.6569987375 0.569681903125 0.6472132375 0.5791497671875 0.64919293125 0.59247981875 0.6595414671875 0.5988813203125 0.6669398281250001 0.6098370859375 0.67894586875 0.6103321562499999 0.6867090499999999 0.61402931875 0.6918726625 0.6238538421875 0.6893686515625 0.6437531015625 0.7181937281249999 0.6529946765625 0.7267892109375 0.6515307 0.7355086656250001 0.64617524375 0.76615074375 0.62353966875 0.7958294375 0.6143725609375 0.804658659375 0.61395731875 0.809705403125 0.6232574750000001 0.8000225640625 0.6420813953125 0.822501115625 0.6450864890625 0.8366321343750001 0.6417725890625 0.873634946875 0.6165418 0.8738971046874999 0.5999271421875 0.86707599375 0.5960090499999999 0.86321926875 0.5787050046875 0.879124659375 0.5700090421875 0.8884426781249999 0.55844371875 0.8870615453124999 0.538903796875 0.8628441484374999 0.5192015359375 0.8566073875000001 0.5179052703125 0.8342386015625 0.5198403875000001 0.807035496875 0.5267716234375001
0 0.668299665625 0.2645681734375 0.65310970625 0.26757863125000003 0.646157515625 0.2719678703125 0.6430833609375 0.2804136109375 0.629770434375 0.2873980640625 0.6212918234375 0.2893864046875 0.6171658343749999 0.2931128609375 0.6197298828125 0.3090647390625 0.6147715890625001 0.31795233437500003 0.6251130234375 0.3287696828125 0.6166059921875 0.3484214109375 0.6218651625 0.3720178375 0.6303295671875 0.378861190625 0.6612725234375 0.3887096375 0.681874040625 0.38774073750000004 0.70860255625 0.3831278890625 0.7288605718750001 0.376170046875 0.7551358140625 0.36062804531250003 0.7832525640625 0.371139271875 0.7973764812499999 0.3722412203125 0.8184525859375 0.3689539328125 0.8258722593750001 0.3666621546875 0.839542903125 0.35683495 0.8484076500000001 0.334340471875 0.8556006875 0.32658411875 0.8378395796874999 0.318058546875 0.8336180343749999 0.30801310000000004 0.820793903125 0.303847471875 0.795949521875 0.308018465625 0.7793429109375001 0.313568240625 0.772280953125 0.3130172640625 0.76523320625 0.303634596875 0.7723093703125 0.29535387812499997 0.779399746875 0.2782414640625 0.76564775625 0.2654650703125 0.7377434359375 0.2692501125 0.7333837046875 0.2719278421875 0.717740475 0.2640091453125 0.693144046875 0.2603971796875 0.67265939375 0.2618904421875 0.668299665625 0.2645681734375
0 0.11704836249999999 0.4213426171875 0.118100196875 0.4260619015625 0.12315404218749999 0.43094621093749996 0.1479842140625 0.43560691093750004 0.1458592328125 0.43941587968749996 0.15280431875 0.43944248906250005 0.166556309375 0.452218884375 0.15830078125 0.4618797234375 0.143107271875 0.4670981046875 0.1291957828125 0.48029242656250004 0.120936703125 0.4921611890625 0.125158246875 0.5022066374999999 0.1375077921875 0.5086906515625 0.15374958593750002 0.510399478125 0.1610523875 0.5075833359375 0.185407971875 0.5145624203125 0.20954402343749998 0.5116610828125 0.23133556249999998 0.502688290625 0.24830699374999998 0.4898799203125 0.25597461875 0.47980517968749997 0.253637209375 0.46931787812500003 0.28145308281250003 0.4473450828125 0.287718259375 0.4309779609375 0.3378816046875 0.42031758437500005 0.3369537453125 0.41170681875000004 0.3394364453125 0.4050550984375 0.3493388125 0.3961116 0.3492361515625 0.386755540625 0.3532452703125 0.3825047171875 0.35136823906250003 0.37853072499999996 0.3436050578125 0.37483355937499996 0.33194963125 0.375911584375 0.3253693640625 0.36862637187499997 0.304314571875 0.35866612343750004 0.2563717640625 0.3792894328125 0.2241077125 0.38575220625 0.2080854515625 0.39392380312499997 0.1851323109375 0.3932370953125 0.16617408125 0.39713126249999997 0.149932290625 0.3954224359375 0.140862221875 0.399204796875 0.11704836249999999 0.4213426171875
0 0.1247387203125 0.104476984375 0.12131395625000001 0.11134963281250002 0.10765041718749999 0.116760990625 0.095615959375 0.1339293078125 0.09890254062500001 0.1397798328125 0.0941779921875 0.149716159375 0.08062421875 0.160067728125 0.06835602187499999 0.1761873140625 0.06290183125 0.2006408375 0.0485299671875 0.207321853125 0.0421550203125 0.21874876250000003 0.0458877703125 0.239944290625 0.051299334375000005 0.24198584687500002 0.0560096734375 0.2408812140625 0.066591953125 0.24833144687500003 0.0749110671875 0.272313825 0.0794974328125 0.275100671875 0.19702219062499998 0.246436128125 0.255072690625 0.2355814359375 0.2660268953125 0.2313572234375 0.25301875625000003 0.1952319375 0.2693987328125 0.184217590625 0.27968013125 0.1591837984375 0.275809196875 0.1507114453125 0.26310904375 0.14265433593750002 0.23108583437500002 0.145749990625 0.2351020546875 0.137083321875 0.22312443750000002 0.1189248625 0.22830936249999997 0.11550184375000001 0.22855020625 0.11213472499999999 0.22269958281250002 0.090332321875 0.2092768890625 0.09237656093749999 0.18645483125 0.083382528125 0.1716225890625 0.0835502359375 0.1404103703125 0.0947322921875 0.1247387203125 0.104476984375
0 0.6538090296875 0 0.6514360734375 0.0035826609375 0.638597734375 0.008248729687500001 0.6183539265625 0.0063748781249999996 0.60504810625 0.008943484375000001 0.5942036671875 0.018107909375 0.5625097578125 0.0360242 0.5477517578125 0.06321135156249999 0.5486725109374999 0.076237965625 0.5644397171875 0.080265178125 0.5654915515625001 0.084984465625 0.572904121875 0.087108534375 0.581719134375 0.0955249828125 0.5812374453125 0.10225921874999999 0.59122826875 0.1115034734375 0.6032272015625 0.116414390625 0.5970931015625001 0.1244741828125 0.5899071703125001 0.1278146921875 0.5873076015625001 0.1339420453125 0.5935372578125 0.139654159375 0.600599215625 0.14020513437499998 0.6067119984375 0.1453928828125 0.6128318890625 0.1461647828125 0.6511060671875 0.1355337015625 0.655830615625 0.125597375 0.7212336515625 0.08101561406249999 0.7307925140625 0.0660831734375 0.7322233781249999 0.054712165624999996 0.7434184265625 0.047120834375 0.7495383171875 0.0478927359375 0.7570819671875 0.0417094796875 0.7795747265624999 0.0358828765625 0.79337645 0.0177483421875 0.8171689953125 0.0088580625 0.8122391234374999 0.000082271875 0.8122875281249999 0 0.6538090296875 0
0 0.6538090296875 0 0.6514360734375 0.0035826609375 0.638597734375 0.008248729687500001 0.6183539265625 0.0063748781249999996 0.60504810625 0.008943484375000001 0.5942036671875 0.018107909375 0.5625097578125 0.0360242 0.5477517578125 0.06321135156249999 0.5486725109374999 0.076237965625 0.5644397171875 0.080265178125 0.5654915515625001 0.084984465625 0.572904121875 0.087108534375 0.581719134375 0.0955249828125 0.5812374453125 0.10225921874999999 0.59122826875 0.1115034734375 0.6032272015625 0.116414390625 0.5970931015625001 0.1244741828125 0.5899071703125001 0.1278146921875 0.5873076015625001 0.1339420453125 0.5935372578125 0.139654159375 0.600599215625 0.14020513437499998 0.6067119984375 0.1453928828125 0.6128318890625 0.1461647828125 0.6511060671875 0.1355337015625 0.655830615625 0.125597375 0.7212336515625 0.08101561406249999 0.7307925140625 0.0660831734375 0.7322233781249999 0.054712165624999996 0.7434184265625 0.047120834375 0.7495383171875 0.0478927359375 0.7570819671875 0.0417094796875 0.7795747265624999 0.0358828765625 0.79337645 0.0177483421875 0.8171689953125 0.0088580625 0.8122391234374999 0.000082271875 0.8122875281249999 0 0.6538090296875 0
0 0.1247387203125 0.104476984375 0.12131395625000001 0.11134963281250002 0.10765041718749999 0.116760990625 0.095615959375 0.1339293078125 0.09890254062500001 0.1397798328125 0.0941779921875 0.149716159375 0.08062421875 0.160067728125 0.06835602187499999 0.1761873140625 0.06290183125 0.2006408375 0.0485299671875 0.207321853125 0.0421550203125 0.21874876250000003 0.0458877703125 0.239944290625 0.051299334375000005 0.24198584687500002 0.0560096734375 0.2408812140625 0.066591953125 0.24833144687500003 0.0749110671875 0.272313825 0.0794974328125 0.275100671875 0.19702219062499998 0.246436128125 0.255072690625 0.2355814359375 0.2660268953125 0.2313572234375 0.25301875625000003 0.1952319375 0.2693987328125 0.184217590625 0.27968013125 0.1591837984375 0.275809196875 0.1507114453125 0.26310904375 0.14265433593750002 0.23108583437500002 0.145749990625 0.2351020546875 0.137083321875 0.22312443750000002 0.1189248625 0.22830936249999997 0.11550184375000001 0.22855020625 0.11213472499999999 0.22269958281250002 0.090332321875 0.2092768890625 0.09237656093749999 0.18645483125 0.083382528125 0.1716225890625 0.0835502359375 0.1404103703125 0.0947322921875 0.1247387203125 0.104476984375
0 0.11704836249999999 0.4213426171875 0.118100196875 0.4260619015625 0.12315404218749999 0.43094621093749996 0.1479842140625 0.43560691093750004 0.1458592328125 0.43941587968749996 0.15280431875 0.43944248906250005 0.166556309375 0.452218884375 0.15830078125 0.4618797234375 0.143107271875 0.4670981046875 0.1291957828125 0.48029242656250004 0.120936703125 0.4921611890625 0.125158246875 0.5022066374999999 0.1375077921875 0.5086906515625 0.15374958593750002 0.510399478125 0.1610523875 0.5075833359375 0.185407971875 0.5145624203125 0.20954402343749998 0.5116610828125 0.23133556249999998 0.502688290625 0.24830699374999998 0.4898799203125 0.25597461875 0.47980517968749997 0.253637209375 0.46931787812500003 0.28145308281250003 0.4473450828125 0.287718259375 0.4309779609375 0.3378816046875 0.42031758437500005 0.3369537453125 0.41170681875000004 0.3394364453125 0.4050550984375 0.3493388125 0.3961116 0.3492361515625 0.386755540625 0.3532452703125 0.3825047171875 0.35136823906250003 0.37853072499999996 0.3436050578125 0.37483355937499996 0.33194963125 0.375911584375 0.3253693640625 0.36862637187499997 0.304314571875 0.35866612343750004 0.2563717640625 0.3792894328125 0.2241077125 0.38575220625 0.2080854515625 0.39392380312499997 0.1851323109375 0.3932370953125 0.16617408125 0.39713126249999997 0.149932290625 0.3954224359375 0.140862221875 0.399204796875 0.11704836249999999 0.4213426171875
0 0.668299665625 0.2645681734375 0.65310970625 0.26757863125000003 0.646157515625 0.2719678703125 0.6430833609375 0.2804136109375 0.629770434375 0.2873980640625 0.6212918234375 0.2893864046875 0.6171658343749999 0.2931128609375 0.6197298828125 0.3090647390625 0.6147715890625001 0.31795233437500003 0.6251130234375 0.3287696828125 0.6166059921875 0.3484214109375 0.6218651625 0.3720178375 0.6303295671875 0.378861190625 0.6612725234375 0.3887096375 0.681874040625 0.38774073750000004 0.70860255625 0.3831278890625 0.7288605718750001 0.376170046875 0.7551358140625 0.36062804531250003 0.7832525640625 0.371139271875 0.7973764812499999 0.3722412203125 0.8184525859375 0.3689539328125 0.8258722593750001 0.3666621546875 0.839542903125 0.35683495 0.8484076500000001 0.334340471875 0.8556006875 0.32658411875 0.8378395796874999 0.318058546875 0.8336180343749999 0.30801310000000004 0.820793903125 0.303847471875 0.795949521875 0.308018465625 0.7793429109375001 0.313568240625 0.772280953125 0.3130172640625 0.76523320625 0.303634596875 0.7723093703125 0.29535387812499997 0.779399746875 0.2782414640625 0.76564775625 0.2654650703125 0.7377434359375 0.2692501125 0.7333837046875 0.2719278421875 0.717740475 0.2640091453125 0.693144046875 0.2603971796875 0.67265939375 0.2618904421875 0.668299665625 0.2645681734375
0 0.807035496875 0.5267716234375001 0.7840681515625 0.5349166109375 0.773808065625 0.5467028625 0.7337737296875 0.553884315625 0.7091772984375 0.5502723453125 0.6876266046875 0.5558780203125 0.68408496875 0.5622263015625 0.67595696875 0.5657877375 0.664892996875 0.565071740625 0.6569987375 0.569681903125 0.6472132375 0.5791497671875 0.64919293125 0.59247981875 0.6595414671875 0.5988813203125 0.6669398281250001 0.6098370859375 0.67894586875 0.6103321562499999 0.6867090499999999 0.61402931875 0.6918726625 0.6238538421875 0.6893686515625 0.6437531015625 0.7181937281249999 0.6529946765625 0.7267892109375 0.6515307 0.7355086656250001 0.64617524375 0.76615074375 0.62353966875 0.7958294375 0.6143725609375 0.804658659375 0.61395731875 0.809705403125 0.6232574750000001 0.8000225640625 0.6420813953125 0.822501115625 0.6450864890625 0.8366321343750001 0.6417725890625 0.873634946875 0.6165418 0.8738971046874999 0.5999271421875 0.86707599375 0.5960090499999999 0.86321926875 0.5787050046875 0.879124659375 0.5700090421875 0.8884426781249999 0.55844371875 0.8870615453124999 0.538903796875 0.8628441484374999 0.5192015359375 0.8566073875000001 0.5179052703125 0.8342386015625 0.5198403875000001 0.807035496875 0.5267716234375001
0 0.3491567296875 0.642886034375 0.336559234375 0.644184984375 0.3041925203125 0.641291696875 0.279822728125 0.6431443046875 0.2525027578125 0.6495511734375 0.22964517343750002 0.662636375 0.22492062499999999 0.6725727 0.228791559375 0.6810450515625 0.2113455390625 0.696171809375 0.21226629218749998 0.7091984250000001 0.21920427656250002 0.7136408796875 0.2218994015625 0.72128543125 0.2335406171875 0.7290390984374999 0.24943890156249998 0.724758984375 0.25589519374999997 0.735935675 0.2720130125 0.74153598125 0.278841228125 0.7410382265625 0.3019254484375 0.733417603125 0.31158697343749997 0.7278412203125 0.3167861078125 0.715586509375 0.3270461953125 0.7038002578125 0.3361091578125 0.7044337453125 0.36012833906249997 0.701008040625 0.37083459687500003 0.7045667921875001 0.3806058859375 0.703930621875 0.4013384859375 0.694654390625 0.405574240625 0.695868146875 0.414293696875 0.6905126921875 0.4214938390625 0.6783404890625 0.4351573765625 0.6729291328125 0.439063834375 0.6593222515625 0.42436267031249997 0.65118263125 0.40622963749999996 0.654331503125 0.40258534218750003 0.651323725 0.390696171875 0.651353021875 0.3799757078125 0.6566259624999999 0.3491567296875 0.642886034375
0 0.29876213125 0.8704472703125001 0.30532818906250003 0.8865641703125 0.29931806562499996 0.8907324828125001 0.295418715625 0.8999235171875 0.2857571890625 0.9054998984375 0.27526336093750003 0.91623741875 0.27182438750000004 0.9319417609375 0.2587452 0.93997494375 0.26062223281249997 0.9439489375000001 0.27191994531249997 0.945713665625 0.2766231796875 0.9490248796874999 0.2759077453125 0.9547103828125 0.2829697046875 0.9552613593749999 0.285094684375 0.9514523890625 0.298290740625 0.943943571875 0.3138384171875 0.9380903578125 0.325435409375 0.9367501546874999 0.340750940625 0.96543716875 0.3630028578125 0.9629776859374999 0.369940840625 0.9674201421875 0.3779519671875 0.9633343421875 0.3857222546875 0.962615659375 0.40339490937500005 0.9529534828124999 0.4075280015625 0.9448111734375001 0.4236742390625 0.9327480937500001 0.42439677500000006 0.9226467453125 0.4665845109375 0.893992934375 0.4645977125 0.885078728125 0.4489402734375 0.885991728125 0.44036610468750004 0.8742081625000001 0.4235399609375 0.869877509375 0.4224881265625 0.8651582265625001 0.43132445625000004 0.8603271343750001 0.4322736265625 0.8556903625000001 0.447470690625 0.84826405625 0.44173693593749996 0.826986015625 0.4307898359375 0.8267943796875 0.41349620781249996 0.82036626875 0.3955969171875 0.8245638734374999 0.3741701984375 0.82627806875 0.354131715625 0.8431163343750001 0.352824828125 0.850595859375 0.32584836250000004 0.8629916703125 0.3178443375 0.8626616203124999 0.3070070015625 0.8674102015624999 0.302062921875 0.8674661015625 0.29876213125 0.8704472703125001
0 0.830184034375 0.7596166203125 0.7482241203125 0.778837225 0.7402129890625 0.7829230265625 0.732545365625 0.7929977671875 0.7363949859375001 0.8147176609375 0.738155146875 0.8181672859375 0.7649721140625 0.8317421921875001 0.7610727625 0.8409332265625 0.76199351875 0.8539598406250001 0.7560931578125001 0.8630683625 0.747373703125 0.8684238203125 0.7492507328125 0.8723978140625 0.770326840625 0.8691105234375 0.7761103265625 0.8594776375000001 0.788240340625 0.856081228125 0.8013195265625 0.8480480453125001 0.8054526203125001 0.8399057390625 0.8166476703125 0.8323144093750001 0.8201893046875 0.8259661265625 0.83491178125 0.820858209375 0.8402064734374999 0.8223753984375 0.8540682296875 0.8400920046874999 0.8601597 0.8585272937499999 0.86545439375 0.8600444890625001 0.8729909375 0.858277075 0.888421740625 0.8518995 0.8924308578125 0.8476486781249999 0.8939928 0.82797034375 0.8889460578125 0.8186701859375001 0.8803576812499999 0.8157183109374999 0.8874551609375001 0.794190053125 0.9029001734375001 0.7789807828125 0.9029143859375001 0.7701490890625 0.8991532156250001 0.7666169484375 0.830184034375 0.7596166203125