0 1 0.6889119390625 0.9982888375 0.691587440625 0.9866771421875 0.6917472203125 0.9731088515625 0.6688068375 0.968387196875 0.6518176609374999 0.9418472921875001 0.6339640390625 0.9356168125 0.64162015 0.9224146890625 0.6383077953125 0.9158996484375 0.6544532984375 0.9083136640625 0.65672065 0.9025574515624999 0.650227771875 0.8967108015624999 0.6362489484375 0.8820583187500001 0.6303776328125 0.8716708890625 0.61438151875 0.8663348921875 0.6106281609375 0.8605742640624999 0.614451021875 0.8515875562499999 0.607586640625 0.8304244531249999 0.6075450890625 0.8274200515624999 0.625888440625 0.8211895734375 0.6335445515625 0.8226310984375 0.65673499375 0.8255273984375 0.6721686578125 0.8358740265625 0.6741060625 0.84626145625 0.6901021734375 0.85791836875 0.6936853625 0.865874934375 0.7007303031250001 0.8719068765625 0.719365265625 0.8770079468749999 0.7250352515625 0.8849104640625001 0.748968696875 0.8837358343749999 0.758551821875 0.8756347812499999 0.76090945 0.8698289328125 0.760989340625 0.866413146875 0.7559616953125 0.8332181296875 0.753340403125 0.8343342937499999 0.770961528125 0.8400408703125001 0.7840271750000001 0.8460320078124999 0.78860343125 0.8549779125000001 0.7814090984375001 0.8911685 0.78631851875 0.9330160296875001 0.81086635625 0.9383564390625001 0.8043039734375 0.9440806796875 0.7761066609375 0.9513457171875 0.7579542531250001 0.9575265625 0.7568709109375 0.9677871671875 0.7410066296875 0.971491928125 0.7272291421875 0.9768323390625 0.7206667640625 0.9753819828125 0.7181078000000001 0.977256971875 0.7130905421875 0.985312809375 0.706989940625 1 0.7070187812500001 1 0.6889119390625
0 0.7008008875 0.9176293796874999 0.7164338765625 0.9298929093750001 0.7223753796875 0.94104193125 0.7841838296875 0.9302085124999999 0.791317625 0.8905114515625 0.7979727359375001 0.8752791203125 0.8079940000000001 0.8716472046874999 0.8152546203125001 0.8638105359375 0.8190046015625001 0.8537760203125 0.8251402265625 0.8489497078125 0.84330335 0.8570188734374999 0.846628696875 0.8545605796875 0.8479433984375 0.8458906265625 0.8462625296875 0.8349325484375001 0.8387758156249999 0.8240543625000001 0.83339901875 0.8062422921874999 0.8242722375 0.7984647375 0.8032039859375001 0.7955933875000001 0.7887323796875 0.8046939546875 0.7822173390625 0.8208394578125 0.769914115625 0.7958018921875001 0.7553068515625 0.7936735453125 0.74678999375 0.7829759140625 0.741223490625 0.770823440625 0.724415871875 0.768143034375 0.7169203265624999 0.7778963265625001 0.68947710625 0.7920836546875 0.6833006765625 0.7828512562500001 0.672714709375 0.7931462203125 0.665368065625 0.7831812046875 0.6597022906250001 0.7841742671875 0.6560923828125 0.7951219578125001 0.6607644031250001 0.8186839031250001 0.6571952999999999 0.8436903046875001 0.6488140984374999 0.8442215859375001 0.639312321875 0.8374474828125 0.637107553125 0.8472111640625 0.6381784953125 0.86108931875 0.6324178671875 0.8649121796875001 0.6328833046875 0.871394671875 0.638404590625 0.8798041734375 0.649270703125 0.87133555625 0.6542769203125001 0.8798353390625 0.656852271875 0.8793839453125001 0.66383275 0.86972093125 0.6698735203124999 0.8677244171874999 0.6898619984375001 0.8773490953125 0.6942130703125 0.8850259812499999 0.6925233734375 0.8946993843750001 0.697809734375 0.9050255125 0.7008008875 0.9176293796874999
0 0.5662207640625 0.774722978125 0.5701560359375 0.76934460625 0.568895384375 0.7611260484375 0.5715247875 0.743786146875 0.5884857234374999 0.71643250625 0.5943864249999999 0.71352281875 0.6004404453125 0.68057908125 0.5997400828125 0.6760132171875 0.5878526609375 0.664030909375 0.587061859375 0.651979103125 0.5909519140625 0.642857759375 0.588195684375 0.6283372671875 0.5814093328125 0.6220249453125 0.557155803125 0.6225250640625 0.54652903125 0.618761315625 0.5426389781250001 0.627882659375 0.5340680734375 0.6340735375000001 0.5368739359375 0.6420212609375 0.5368695203125 0.652337 0.5188420546875 0.6554967484375 0.5065299999999999 0.6510906624999999 0.497123075 0.6414867609375 0.4854253578125 0.623844859375 0.48126399218750004 0.6105083765625 0.4784084953125 0.6091334234375 0.473958153125 0.614602075 0.4736735921875 0.6230914671875001 0.47708937812499996 0.6281191140625 0.47928531718749995 0.6389869140625 0.48644666875000003 0.644295784375 0.490092965625 0.6577225453125 0.48030221093750003 0.669753575 0.47154601406249996 0.6712883093750001 0.469201171875 0.6801388187499999 0.4705974796875 0.699586290625 0.47742905156250004 0.7096415828125 0.485715396875 0.7119400984375 0.48862052968749997 0.706742284375 0.49517637187499997 0.7046554890625 0.5052880734375 0.7085095171875 0.5152100671875 0.7180231390625 0.525218084375 0.7453384421875 0.5305088609374999 0.7453488296875 0.5463227265625 0.7725842453125 0.556949496875 0.7763479906249999 0.5662207640625 0.774722978125
0 0.7325510609375 0.614288203125 0.7243639843749999 0.5988441515625 0.7264286796875 0.5881672953125 0.7337841546874999 0.5775008296874999 0.73144814375 0.5657198593749999 0.7322025562500001 0.5533972140625 0.7239658437500001 0.5445259296875 0.7160544953125 0.5412239624999999 0.7118434953125 0.53446025 0.7101129937499999 0.5300749406249999 0.7125526890625 0.518394634375 0.7091865359375 0.5067942203125 0.6952796359375 0.5092317390625001 0.6838576484375001 0.5037319234375001 0.6759871046875 0.5144886671875 0.6493931500000001 0.5135235515625001 0.6474685250000001 0.5251135812500001 0.6484942499999999 0.5352487625 0.6424986968749999 0.5409882484375 0.638613059375 0.5397938531250001 0.6306609062499999 0.522433175 0.62654034375 0.5231554015625 0.6177300953125 0.541578646875 0.6169304671875 0.5501583171875 0.6171609765625 0.5585574328125 0.6231476984375 0.5734494265625 0.6285289125 0.580945759375 0.638925175 0.576310390625 0.64580638125 0.5797929140625 0.667656603125 0.615347553125 0.6700422484375 0.62055575625 0.6680271859375 0.624659840625 0.718816203125 0.6523290875 0.7279473984375 0.6497909015625 0.7334775171875 0.6375689234374999 0.7325510609375 0.614288203125
0 0.4154706359375 0.6332929359375 0.419130178125 0.615772478125 0.41622946250000004 0.610654553125 0.4179191609375 0.6009811515625 0.41244309375 0.5963146187499999 0.4129173609375 0.5821656296875 0.42415847187500005 0.572693559375 0.42814337968749994 0.5607424187500001 0.426607 0.540381775 0.420995275 0.524486328125 0.41682949375 0.521465584375 0.41504935468750004 0.5236530453125 0.399136221875 0.50956316875 0.37956354531250003 0.5129937515625 0.37833928437500003 0.5291496453125 0.3821212359375 0.55380531875 0.3653996421875 0.568926596875 0.355522865625 0.5631559453125 0.33624357968749996 0.5374656546875001 0.3291230328125 0.5462154953125 0.338426271875 0.5792806749999999 0.356074321875 0.58744011875 0.36628087656249997 0.588464346875 0.3773234515625 0.605283353125 0.3781638859375 0.6107623921875 0.374978609375 0.6141338625 0.3765194046875 0.624178765625 0.3736142734375 0.6293765812500001 0.395333253125 0.643386565625 0.40835008593750005 0.642042778125 0.4154706359375 0.6332929359375
0 0.31680091875 0.893457746875 0.33392065312499997 0.932654690625 0.334056309375 0.943883603125 0.34454300781249997 0.9467341765624999 0.35531426875 0.9410953578125 0.35821939999999997 0.93589754375 0.3596289546875 0.9243977937500001 0.3582734484375 0.9190090328125 0.36643296875 0.8894471562499999 0.3767840140625 0.8810688171875001 0.3743575640625 0.8618019015625 0.3618194140625 0.8386809625 0.364304328125 0.8307436265625 0.37170502031249997 0.8238201328124999 0.3839266390625 0.8207402765625 0.38500641406249997 0.81398695 0.38997182812500003 0.8084280203124999 0.387681034375 0.8003900187499999 0.3792093984375 0.7934353578125 0.36722270625000003 0.7945985921875 0.3569665171875 0.8001471312499999 0.34540445625 0.79373414375 0.34232286562500003 0.7736443359375 0.3356765859375 0.7682451859375 0.3319354359375 0.7576482234374999 0.3317545609375 0.7426763375000001 0.32445313750000004 0.73645429375 0.3184211953125 0.7178193296875001 0.31580062343750004 0.7145277515624999 0.30535914375 0.715420146875 0.2981525734375 0.7063683046875 0.2951978078125 0.7181388906249999 0.29060739375 0.7226943671875 0.285316615625 0.722683978125 0.28035561875 0.71792716875 0.27735563281250003 0.72595478125 0.2755214453125 0.74503075 0.27271116875 0.7473987703125 0.2676100984375 0.7417287828125 0.26297005 0.75285703125 0.26605605468750004 0.7626310984375 0.2694266234375 0.763915775 0.2750879828125 0.7732384515625 0.27414828125 0.7809049515625001 0.266697953125 0.794401215625 0.2672086078125 0.8046266765625001 0.27062439375 0.8096543234375 0.276710384375 0.8114007781250001 0.2836279796875 0.8392577546875 0.303431165625 0.8442262875000001 0.31198882499999997 0.8689826281249999 0.31680091875 0.893457746875
0 0.5196406234375 0.5400167031249999 0.548005884375 0.5594258375 0.5589624343749999 0.5584431624999999 0.563787775 0.5519710609375 0.5652965984375 0.5273257734375 0.578417115625 0.5025207078125 0.5772965375 0.49521532187500006 0.579406453125 0.4882814390625 0.5867575125 0.48793071250000003 0.5915784359375 0.4917743484375 0.597808915625 0.484118240625 0.5957982703125 0.477906584375 0.5856413500000001 0.4703095859375 0.583210484375 0.4613584125 0.576139571875 0.46353548437500003 0.5664028671875 0.4586780078125 0.562047378125 0.461316859375 0.5599374625 0.4682507421875 0.55492683125 0.4700667 0.555392265625 0.4765491921875 0.547124115625 0.48643790156250005 0.5367548765625 0.4826290140625 0.5344685 0.464275275 0.5293222125 0.45486231874999994 0.5307317671875 0.44336256875 0.5225899093749999 0.4316614875 0.5102282203125 0.43382817031250004 0.4999223953125 0.4459494796875 0.4968275578125 0.4568068921875 0.49883820468750006 0.463018546875 0.506374553125 0.4673239640625 0.5084304203125 0.4772785921875 0.505990725 0.4889588984375 0.5026201578125 0.48767422343750005 0.4994801 0.4947886625 0.5003205328125 0.5002677015625 0.5170785171875 0.509520875 0.525080303125 0.5203087843749999 0.52348545625 0.5271523890625 0.5180049734375001 0.532801596875 0.5196406234375 0.5400167031249999
0 0.5530463609375 0.37849932656249996 0.549725428125 0.37064188124999997 0.5501500625 0.3630656609375 0.5558202515625 0.3517568578125 0.56167131875 0.3554199390625 0.5726278687499999 0.35443726249999996 0.5777289390625 0.36010725 0.585970065625 0.35866279375 0.5520338828125 0.337416921875 0.5420126187500001 0.3410488390625 0.5419585687499999 0.3579373484375 0.5364284515625 0.37015932500000004 0.5165304109375 0.368020590625 0.5085694296875001 0.37129139218749996 0.5047609828125 0.40853015781249996 0.5074267734375 0.4155647078125 0.5159028250000001 0.412203628125 0.52549945625 0.41614793125 0.5327060265625 0.42519977343750004 0.5494684265625 0.4241372078125 0.56154555625 0.43045991875 0.5656661187500001 0.429737690625 0.5699763890625 0.42335586562499994 0.5730800578124999 0.391866975 0.569899196875 0.384922703125 0.5530463609375 0.37849932656249996
0 0.778331734375 0.41965692343749994 0.7797865109375001 0.411900146875 0.7774957171875 0.40386214374999996 0.797189740625 0.335707321875 0.8059955734375001 0.32759981875 0.802719859375 0.3234853453125 0.78193175 0.322440340625 0.7750461296875 0.32927355937499997 0.7721818 0.348530084375 0.7571454875 0.3642936984375 0.7496091390624999 0.35998827968749997 0.7438573421875 0.3431796609375 0.7324849890625 0.331107075 0.7235390859375 0.33830140625 0.7190391093749999 0.35034282656250004 0.7212758515625 0.3752693375 0.7267475046875 0.39025160937500003 0.7205170234375 0.3979077203125 0.7094656203125 0.40172019218750005 0.716523284375 0.430490340625 0.7218096484375 0.44081647031250004 0.724759996875 0.4393616265625 0.7283246859375 0.424670965625 0.7347404578125001 0.421671 0.7556642234375001 0.43394491718749995 0.7699913406250001 0.43424691875 0.778331734375 0.41965692343749994
0 0.847144865625 0.5613825343750001 0.8501448515625001 0.553354921875 0.8502441203125001 0.5402093828125001 0.86054994375 0.5280880734375 0.8646705062500001 0.5273658453125 0.8563841609375 0.5250673296875 0.8541385874999999 0.5207723 0.8441625437500001 0.5281471859375 0.8359258328125 0.5192759015624999 0.8368203187500001 0.5078664328125 0.84520593125 0.4970194109375 0.8498503968750001 0.4755754234375 0.856031240625 0.47449208125000003 0.8603415109375 0.46811025624999997 0.856740434375 0.4584264671875 0.8482687984374999 0.45147180625 0.8419930984375 0.45538494687500003 0.8342218234375001 0.45299615312499997 0.8289354624999999 0.44267002499999997 0.823129615625 0.442749915625 0.8150373921874999 0.42447606406249994 0.80979625 0.41789290625 0.7990702109375001 0.42727469687499997 0.79340001875 0.4385835 0.78773424375 0.4395765640625 0.7844000656250001 0.4626663390625 0.7791997265624999 0.47014189218749997 0.7763442296874999 0.46876693906250005 0.771807865625 0.456433909375 0.761081825 0.46581569843750004 0.7585969109375 0.47375303124999996 0.76013770625 0.4837979375 0.7648637765624999 0.4904713734375 0.7697707234375 0.51211669375 0.7732813640625 0.5143145421875001 0.7723416624999999 0.521981040625 0.774772525 0.530932215625 0.7837140140625001 0.5340536250000001 0.78413423125 0.5367931453125 0.802252134375 0.541119340625 0.8321626046875 0.5602576375 0.8416191640624999 0.5632887703125 0.847144865625 0.5613825343750001
0 0.9648104984374999 0.40436869062499997 0.966030346875 0.3985285390625 0.9635046296875001 0.3924071609375 0.9541429234375001 0.3865462328125 0.9530223437500001 0.37924084687500004 0.9560675484375001 0.3749562046875 0.950776771875 0.37494581562499996 0.9448804859375001 0.367539765625 0.9380444984375 0.3678002125 0.9251721546875 0.359741434375 0.9229265812499999 0.3554464046875 0.9129957546874999 0.36656426249999996 0.8974532046875 0.36178667343750004 0.8873326718750001 0.378564128125 0.8736110625 0.385657790625 0.8627041453125001 0.3800676984375 0.8643353796875 0.3975985453125 0.8570747578125 0.40543521250000003 0.8915171796875001 0.4472222828125 0.8932884859374999 0.465666303125 0.93040994375 0.4835407015625 0.93809078125 0.4784435546875 0.9357051343749999 0.4732353515625 0.9388451921875 0.4661209109375 0.9391341687500001 0.44731577656250004 0.944994065625 0.430347378125 0.956239590625 0.41055956875 0.9648104984374999 0.40436869062499997
0 0.2934695953125 0.489637096875 0.3050316546875 0.49605008437500003 0.31265844062500003 0.507841446875 0.3160245921875 0.5194418609375 0.3082444859375 0.5376845484375 0.3128304859375 0.5434448109375001 0.3166709046875 0.5408962359375 0.3264076078125 0.5457537140625 0.33019839218749997 0.549777909375 0.330383684375 0.5544340531249999 0.34223030312499997 0.5523576484375 0.3357825609375 0.520667421875 0.3381770359375 0.505244146875 0.3358410265625 0.4934631734375 0.34174614062500003 0.48023774531249996 0.3437204015625 0.46207495 0.351450871875 0.450405034375 0.34892515468749996 0.44428365625 0.3439597421875 0.44984258437499997 0.33787375000000003 0.4480961296875 0.3085500625 0.37071608125 0.30901991406249996 0.36688283125 0.3027034125 0.3567372609375 0.3013523234375 0.3410327609375 0.3046820875 0.32825872500000003 0.2932148796875 0.3190159375 0.290639528125 0.31946733125 0.2867946953125 0.3323316453125 0.2814542828125 0.3388940265625 0.260060665625 0.3304533578125 0.2523709984375 0.3561819859375 0.2549375203125 0.3763620734375 0.259663590625 0.3830355109375 0.26185952968750004 0.3939033078125 0.267335596875 0.398569840625 0.2731822484375 0.4125486609375 0.2695227046875 0.430069121875 0.2793046265625 0.43866956874999996 0.278739921875 0.4453326171875 0.2709190125 0.44951659218750006 0.2713844484375 0.45599908281249996 0.2842071578125 0.47063062968749997 0.2934695953125 0.489637096875
0 0.46689394531249995 0.3823469203125 0.46328845156250004 0.3829788703125 0.461788459375 0.386992678125 0.43247466562500003 0.395881521875 0.42249862031249996 0.40325640937499996 0.4141174203125 0.4037876921875 0.4111670703125 0.40524253750000006 0.4024968953125 0.424578953125 0.3974410453125 0.42265194062500006 0.39705721562499996 0.444286871875 0.40515826875 0.4419292421875 0.41761039687499996 0.44724850156249996 0.4363293921875 0.4692861 0.4503719515625 0.47807749375 0.457723009375 0.47772676875000003 0.46325312656250006 0.465504790625 0.459941025 0.4370158671875 0.47043655624999997 0.4192349609375 0.4688505421875 0.405447084375 0.4722751578125 0.3898432515625 0.46689394531249995 0.3823469203125
0 0.40212189687500005 0.42558240312500006 0.4066626765625 0.4275996953125 0.411393165625 0.42395739062500004 0.40919722500000005 0.4130895921875 0.415432121875 0.395117740625 0.4120659703125 0.3835173265625 0.41263067500000006 0.376854278125 0.41680087187500003 0.3695592828125 0.42171665156250004 0.370573121875 0.43216254843749996 0.35936498437500003 0.42645597031250004 0.3462993359375 0.419904540625 0.3380703890625 0.3874187171875 0.31938348437499997 0.38264742812499997 0.308967078125 0.3690747203125 0.2963424328125 0.36354901875 0.2982486703125 0.35815897343750003 0.31138381875 0.342191790625 0.3141824515625 0.34228222812500003 0.32166839375 0.3508487171875 0.32579325625 0.3580552890625 0.33484509687499997 0.36151629375 0.3436157140625 0.35982659375 0.3532891171875 0.3547211078125 0.35793487343749997 0.3554214703125 0.3625007390625 0.372179453125 0.3717539140625 0.38383195 0.38565284375000003 0.38700839375 0.40291285468750004 0.38330805 0.406374603125 0.40212189687500005 0.42558240312500006
0 0.6742864484375 0.33099280625 0.6685346515624999 0.3141841875 0.6601126484375001 0.3006567578125 0.66114720625 0.2901604625 0.65384578125 0.28393841875 0.6455098015625 0.2882126734375 0.633432671875 0.28188996093749996 0.609400821875 0.31142067500000004 0.6029398328125 0.3106776703125 0.5992847046875001 0.3178823890625 0.60148064375 0.32875018749999996 0.6114522734375 0.331691040625 0.6198290562500001 0.3414754984375 0.6264709234375 0.35719038593749997 0.626651796875 0.372162271875 0.644674846875 0.379318265625 0.6507156203125 0.37732175 0.6531100953125 0.36189847343750003 0.659340575 0.3542423625 0.662250121875 0.33872880625 0.67278645625 0.3350066125 0.6742864484375 0.33099280625
0 0.7094424781249999 0.346398521875 0.7136578953125 0.342846496875 0.71048145 0.325586484375 0.71212593125 0.3121701109375 0.7102101375000001 0.30312865625 0.6825860406250001 0.3023441015625 0.6775257734375 0.310732828125 0.6791073734374999 0.33483644375 0.68336359375 0.3453431296875 0.7094424781249999 0.346398521875
0 0.66697513125 0.2385018703125 0.6664060109375 0.2554806578125 0.6616303046875001 0.2553799921875 0.6523634515625 0.24668926406249997 0.646087753125 0.250602403125 0.6474432593749999 0.2559911625 0.6548847546875 0.26312638125 0.65623584375 0.27883088125 0.6592314140625 0.281119009375 0.6590417046875 0.2867786046875 0.661522203125 0.289157009375 0.68062944375 0.27924393593749997 0.682504434375 0.274226678125 0.680823565625 0.2632686 0.6826533390625 0.2545083703125 0.6797570375 0.23907470625 0.66697513125 0.2385018703125
0 0.162133178125 0.7161431171875 0.1642838984375 0.72326794375 0.1665294703125 0.727562975 0.18530693125 0.722396325 0.19040800156249998 0.7280663078125 0.193914225 0.740579896875 0.2057608453125 0.738503490625 0.21764826875 0.7504857968749999 0.2286544546875 0.742930353125 0.235309565625 0.727698021875 0.24032902968749997 0.7052505828125 0.23612244375000002 0.688171128125 0.24942383750000002 0.6783379468749999 0.2503635390625 0.6706714484375 0.2465771703125 0.6563315125 0.247001803125 0.648755290625 0.259648053125 0.6380992140624999 0.2638226671875 0.6204884765625 0.252219803125 0.600016778125 0.2382676859375 0.5987113265625 0.22735635156249998 0.603436971875 0.2240850546875 0.5890067578125 0.2201541984375 0.5840693890625 0.21504871250000002 0.588715146875 0.20428186875 0.5840382265625 0.2019910765625 0.5760002234375 0.192999953125 0.579451584375 0.1872889609375 0.576701675 0.185508821875 0.5788891359375 0.18686432656250002 0.584277896875 0.1836294171875 0.594222134375 0.1836205859375 0.6148536140624999 0.181415815625 0.6246172953125 0.1691489796875 0.6239541796875 0.1640887140625 0.6323429078125 0.1650692203125 0.6387351203125 0.178036415625 0.6439641015625 0.1828077078125 0.6543805078125 0.1915594890625 0.6631615109375 0.1992314953125 0.6786958453125 0.2038130796875 0.6947718468749999 0.20006309843749998 0.704806365625 0.1799841828125 0.6876957453125 0.1654221390625 0.6893103703125 0.1626074453125 0.7019941265625 0.163728025 0.7092995109375 0.162133178125 0.7161431171875
0 0.21381013906250002 0.5289178875 0.21282963281249997 0.522525675 0.207118640625 0.519775765625 0.200946625 0.500227628125 0.195750703125 0.49738744375 0.1905051453125 0.5011200265625 0.186434215625 0.4952694859375 0.1849882734375 0.48239478125 0.19347315781250002 0.458402221875 0.18677724375 0.459575840625 0.18593239374999998 0.46441254218749994 0.1808269078125 0.4690582984375 0.17674714687499998 0.48383923749999996 0.16813543749999998 0.4759714046875 0.1666398609375 0.4696694703125 0.1597586546875 0.466186946875 0.1565777953125 0.45924267656250006 0.15128701718749998 0.45923228906249997 0.1461859484375 0.45356230468750003 0.140940390625 0.45729488749999997 0.143037059375 0.481308225 0.1345113734375 0.4912420734375 0.1344573234375 0.5081305828125 0.12308055468750001 0.5063737390624999 0.1144236265625 0.494762934375 0.10542808749999999 0.508530034375 0.10331375625000001 0.5257796578125 0.106069984375 0.54030015 0.1252588296875 0.5585044984375 0.130265046875 0.56700428125 0.1436524609375 0.5749727796874999 0.1478634625 0.58173649375 0.1484689703125 0.589132159375 0.1559556875 0.6000103453125 0.171358165625 0.6038747609375 0.181944134375 0.5935797953125 0.19390327031250001 0.5474106328125 0.2053296703125 0.5425947078125 0.21381013906250002 0.5289178875
0 0.022532657812500002 0.45085468906250004 0.03506639375 0.4842913703125 0.0334715484375 0.49113497500000003 0.02719585 0.49504811562500006 0.0190495765625 0.4936627734375 0.0248057890625 0.500155653125 0.027991064062499998 0.4967841828125 0.033677240625 0.5028204749999999 0.036223359375 0.5159712078124999 0.0342038828125 0.5303910328125 0.0413200140625 0.5319569328125 0.0499361390625 0.5295090250000001 0.074125725 0.459628525 0.0788198234375 0.43161176875 0.0634217609375 0.41743161406249996 0.05565048593750001 0.41504281875000004 0.053210790625000004 0.4267231265625 0.044829590625 0.427254409375 0.0381788953125 0.43217099843750006 0.0303127671875 0.43261200468750005 0.012899640625 0.42253593437500003 0.012528840625 0.42284838125 0.012998359374999999 0.4386946046875 0.01387573125 0.43924388593749997 0.022532657812500002 0.45085468906250004
0 0.19091988437500002 0.40727491406249994 0.1970555109375 0.40244859999999993 0.1973897046875 0.38738643906250003 0.194213259375 0.3701264265625 0.20138344218749998 0.3548038171875 0.184060753125 0.3522136890625 0.171084725 0.3676161875 0.16359359375 0.36705374218750003 0.158632596875 0.36229693281249997 0.150671615625 0.3655677328125 0.148936696875 0.3714981640625 0.15118226875000002 0.3757931953125 0.14728780156250001 0.395230278125 0.13830109375 0.38836589843749997 0.1320706140625 0.396022009375 0.1331911921875 0.40332739375 0.14324884531249998 0.42406992812500005 0.15762118125 0.4281148984375 0.1668880328125 0.436805628125 0.1735298984375 0.452520515625 0.1802710328125 0.4550898671875 0.187906653125 0.44624974687499996 0.1911415625 0.436305509375 0.1908162 0.43073619062499996 0.18726034062500002 0.424795371875 0.18702983125 0.41639625625 0.19091988437500002 0.40727491406249994
0 0.8848907203125 0.21437278124999998 0.8802776984375 0.21705677343750002 0.8680378859375001 0.20794940468749998 0.8513615109374999 0.22681365312500001 0.8524368703125 0.23037606562500001 0.8650290703125 0.23660849687500002 0.8683500015625001 0.2444659421875 0.8672658125 0.2615350078125 0.8696514578125001 0.2667432125 0.88945464375 0.27171174374999996 0.8942799828125001 0.26523964218749996 0.896394315625 0.24799001875 0.8946682296875 0.2332889703125 0.8875565125 0.22140733125 0.88868150625 0.21839697500000002 0.8848907203125 0.21437278124999998
0 0.8267064890625001 0.2902116609375 0.847304890625 0.2969162625 0.8521390625 0.26981268125 0.846997190625 0.250083984375 0.811867653125 0.17278382812499998 0.8057816624999999 0.1710373703125 0.792810046875 0.17612413124999998 0.7952409125 0.18507530625 0.7943012078125 0.1927418046875 0.79996256875 0.20206448125 0.7950787625 0.2357408328125 0.7891328421875 0.2349075515625 0.8022356984375 0.25136544375000003 0.8029360609375 0.2559313109375 0.7982960109375 0.2670595546875 0.7992765171875 0.27345176875 0.8088687312499999 0.2877118125 0.813549584375 0.290642278125 0.8267064890625001 0.2902116609375
0 0.848013021875 0.173950275 0.833694734375 0.1530167953125 0.826203603125 0.1524543484375 0.823533396875 0.15573553906249998 0.8217488453125 0.1682387390625 0.8303109203125001 0.182679340625 0.8283366609374999 0.20084213750000002 0.831612375 0.2049566109375 0.8592364703125 0.20574116718750002 0.8662213609375 0.1857624125 0.8737621265625 0.179752090625 0.8710963375 0.1727175421875 0.86632063125 0.172616875 0.8548898125 0.187748540625 0.8513791718749999 0.1855506921875 0.848013021875 0.173950275
0 0.893552065625 0.2156678453125 0.9155556062500001 0.22118843593749998 0.9167346515625001 0.201289571875 0.9126681375000001 0.185123290625 0.9108516140624999 0.16293629999999998 0.8977355109375 0.177425628125 0.8942204546875001 0.1855435171875 0.8952461812499999 0.1956787015625 0.8916362718749999 0.2066263921875 0.8912116390625 0.2142026109375 0.893552065625 0.2156678453125