0 0.781691328125 0.7481605734375 0.7544192796875 0.7348744546875 0.7480406640624999 0.7339791015625 0.738304884375 0.737799146875 0.72088711875 0.7387865812500001 0.7180039093749999 0.741966753125 0.7160488609375 0.7513791390625 0.721894284375 0.75708119375 0.734493534375 0.759383646875 0.7532739140625 0.757061996875 0.7629899531250001 0.7625446218749999 0.7754312171875 0.7653588171875 0.7884056734375 0.7633663140625 0.7901434968750001 0.75773714375 0.781691328125 0.7481605734375
0 0.6961972484375 0.75236351875 0.6822353624999999 0.726758740625 0.6701100671875 0.7229210593750001 0.65865620625 0.72306760625 0.6386909359375 0.7169090546875 0.6269211078125 0.7180790890625001 0.623030753125 0.7276011890625 0.6288761765624999 0.73330324375 0.638592215625 0.73878586875 0.6527120625 0.7392423640625 0.6604138015625 0.7450905750000001 0.6599596015625 0.7496414046875 0.6696163984375 0.7583955 0.685138359375 0.76354898125 0.693511525 0.761063146875 0.6961972484375 0.75236351875
0 0.54526941875 0.6746084421874999 0.5327689125 0.675065715625 0.5278319125000001 0.684898546875 0.5430576671875 0.7064093812500001 0.57058644375 0.7219434859375 0.5809936578125 0.7221076671875 0.5875894984375 0.719219809375 0.5899000171875 0.7148151375 0.5873525140625 0.707669153125 0.563279640625 0.6901793765625001 0.5574934578125 0.68120585 0.54526941875 0.6746084421874999
0 0.45902622187500003 0.6000048515625 0.46324243593750003 0.6094444703125 0.46058634375 0.628826634375 0.46459520468750004 0.6373981328125 0.47510116093750004 0.64032204375 0.484777696875 0.63977346875 0.500971071875 0.6242746343750001 0.50292611875 0.61486225 0.487068428125 0.5953983843749999 0.47865576406250004 0.591853015625 0.46437793281250006 0.5919082625 0.45902622187500003 0.6000048515625
0 0.5967065171875 0.612698446875 0.5876026734375001 0.6144715234375 0.579150528125 0.6295314953125 0.5782421265625 0.6386331515625 0.5886098625 0.6574026749999999 0.6008931453125 0.660728615625 0.6104709390624999 0.6574203125 0.6133146484374999 0.6482089390625 0.6096020046875 0.6355983562499999 0.61410454375 0.621013684375 0.6073704578125 0.615110615625 0.5967065171875 0.612698446875
0 0.679095359375 0.6537813046875 0.6677994828125 0.65341610625 0.669201596875 0.658113090625 0.6617170921875 0.6607999390625 0.6724600390625 0.6752745046874999 0.7099418171874999 0.6832053484375 0.7181569984375 0.681231259375 0.7214154171875 0.67375613125 0.7151552828125001 0.6663178328125 0.703029984375 0.6624801515625001 0.6878634953125 0.662334384375 0.679095359375 0.6537813046875
0 0.8097879046875001 0.704695428125 0.806035771875 0.6983719140625 0.7938117328125001 0.69177450625 0.8006247999999999 0.6851034328125001 0.8012764718750001 0.6737537890625 0.789526384375 0.6656211515625 0.776453184375 0.6648539265625 0.7681787859375 0.694736028125 0.796161771875 0.718037575 0.8031130843750001 0.720157428125 0.8120589421875 0.718896096875 0.8156728296875 0.7164286828125 0.815850553125 0.70661426875 0.8097879046875001 0.704695428125
0 0.8212022171875001 0.6492445984375 0.828785465625 0.6493174828125 0.844603653125 0.662750146875 0.8464402171875 0.6598807046874999 0.8540234390625001 0.6353170453125 0.851772165625 0.636450246875 0.8392321578124999 0.630876321875 0.823966925 0.6279708281249999 0.79864994375 0.6299088640625 0.7874133078125001 0.6262721984375 0.774340109375 0.625504971875 0.7684749453124999 0.6291055890624999 0.76282700625 0.6289229921875 0.761405153125 0.6335286765625 0.7739846625 0.6451338015625 0.7869986203125 0.649172496875 0.7974058359375 0.6493366765624999 0.80816851875 0.654508575 0.8139744421874999 0.6541794296875 0.8212022171875001 0.6492445984375
0 0.7303217296875 0.6171905171875001 0.7129632046875 0.61490648125 0.69248448125 0.6042519609375 0.677949925 0.602059221875 0.6715120671875 0.6044353375 0.6689843265625 0.612623225 0.6725784765625 0.619458478125 0.6861651265625001 0.624721675 0.70131188125 0.6341701125 0.7286036703125001 0.638153559375 0.74392814375 0.63778758125 0.7482332109375001 0.6300017234374999 0.7444810765625001 0.6236782125 0.7303217296875 0.6171905171875001
0 0.6216680046875 0.58111615625 0.6105301109375 0.5802392171874999 0.5877408734375 0.5739893671875 0.5767017234375 0.57587215625 0.5664919937499999 0.58122743125 0.5678348671875 0.5891958875000001 0.5959560765624999 0.596651821875 0.61023390625 0.5965965718749999 0.6263680625 0.609005753125 0.64058665 0.6122219765625 0.6458198796875 0.6106683312500001 0.6496509921875 0.6044177015625001 0.64767618125 0.5984962171875 0.6216680046875 0.58111615625
0 0.5229968765625 0.5714058718749999 0.5094694640624999 0.56287120625 0.504413959375 0.5546104374999999 0.4911432734375 0.5483237562500001 0.483560028125 0.5482508734375 0.47712217187499995 0.5506269890625 0.4747524140625 0.55830313125 0.48669998750000004 0.571955228125 0.48138777812500005 0.5860830140625 0.4835205703125 0.59149275625 0.48806262343749995 0.595257553125 0.5005038890625 0.5980717484375 0.5114442953125 0.59342923125 0.5227204109375 0.5784605578125 0.5229968765625 0.5714058718749999
0 0.41872724375 0.5642445921875 0.43770510781249994 0.5674424 0.44582154531249996 0.5627085843749999 0.4551228515625 0.5418184265625 0.44870473281249995 0.534891871875 0.4370533859375 0.5295189625 0.409070421875 0.53085395625 0.4018623859375 0.526486115625 0.3857084890625 0.5233796078124999 0.3771773390625 0.52637718125 0.37277353281250003 0.5314033125 0.37259580937500003 0.541217725 0.379013928125 0.5481442796875 0.39431866250000003 0.5570809734375 0.39283756875 0.5649581312499999 0.40543681875 0.567260584375 0.40508134843750004 0.56225286875 0.41564654531249995 0.5619053109375 0.41872724375 0.5642445921875
0 0.3723000140625 0.61554986875 0.3812458734375 0.6142885390624999 0.38726901874999997 0.6101761812500001 0.4118355828125 0.6168280562499999 0.42554071562500007 0.6155483109375 0.42692306875 0.604911425 0.38292442968749996 0.5872942984375 0.376960525 0.5881351859375 0.35328264531250003 0.6063208640625 0.357350746875 0.611620890625 0.3723000140625 0.61554986875
0 0.24104079375 0.625519128125 0.2596039484375 0.6269806921875001 0.2694977125 0.6226489015625 0.27097880625 0.6147717453125 0.2606900734375 0.6080646203125 0.2526921171875 0.60625549375 0.23245038125 0.60715163125 0.2303175890625 0.6017418890624999 0.22002885625 0.5950347640625 0.2040329453125 0.5914165125 0.1959757453125 0.5928788578125 0.19204589218749998 0.596369759375 0.19234211875 0.60464894375 0.20628424218750002 0.614919853125 0.20981915 0.62502658125 0.2170271875 0.6293944203125 0.22502514062499998 0.6312035453125 0.23292435625 0.63025294375 0.24104079375 0.625519128125
0 0.3099482671875 0.5624512890625 0.3010221484375 0.5544099499999999 0.284552284375 0.5523269265625 0.2773837484375 0.5539902859375 0.26436978906249997 0.549951590625 0.23982298750000003 0.5586335859375 0.23468850468750002 0.5629469578124999 0.2336813609375 0.5692888859375 0.2413041078125 0.57539296875 0.252856709375 0.57800615 0.264784521875 0.576324375 0.2729602015625 0.5683190875 0.2805434484375 0.5683919703125 0.292352778125 0.5732531359374999 0.30548521875 0.570748890625 0.3099482671875 0.5624512890625
0 0.2803394203125 0.49206343906249994 0.263830078125 0.5085857578125 0.2624082234375 0.5131914421875 0.2680956625 0.519405240625 0.27698228125 0.52141538125 0.2899567375 0.5194228765625 0.3056169203125 0.5087307437499999 0.315767409375 0.506646940625 0.32090189375 0.5023335671875 0.32358761875000003 0.4936339390625 0.31402956406250004 0.48763957031249994 0.305715640625 0.48685393125000004 0.2803394203125 0.49206343906249994
0 0.4263103984375 0.4657713125 0.42826544375 0.4563589265625 0.42524398906250005 0.45074817031250003 0.41254599843750006 0.4456859890625 0.3997295234375 0.44716674999999995 0.38134411562500004 0.4605273140625 0.37751300312499997 0.4667779421875 0.389144609375 0.4814535234375 0.3922055640625 0.493095478125 0.41055149375 0.4983402578125 0.4211759328125 0.49472122656249995 0.4241776265625 0.4849981109375 0.41876665312499994 0.471729628125 0.4263103984375 0.4657713125
0 0.5365241984375 0.481394375 0.5260774828125 0.47519899218750006 0.514050925 0.47412103749999995 0.506862653125 0.4850870703125 0.5088769625 0.49703975468749995 0.498765975 0.50515475625 0.496909671875 0.5173268703125 0.5066257109375 0.522809496875 0.5204295890624999 0.5242894765624999 0.5341544625 0.5137070593749999 0.5472869046875 0.5112028109375 0.5499726296875 0.50250318125 0.5419351703124999 0.49466285625 0.5365241984375 0.481394375
0 0.6140550015625 0.5401782140625 0.6141537421875001 0.5429379437499999 0.6229811203125 0.5482195546875 0.634375740625 0.5513444796875 0.649384246875 0.5520019875 0.6493447453125001 0.5459707890625001 0.6616675046875 0.5306913859375 0.6662095328125 0.509819640625 0.6318676921875 0.5009566109375 0.6011199984375 0.49892883593750004 0.59116701875 0.5311686375 0.6140550015625 0.5401782140625
0 0.7587488875 0.5734552359375 0.7645547859375 0.54848955 0.76232325 0.5403200796875 0.7530811640625 0.533302225 0.7431479015625 0.5316028140625 0.73493271875 0.533576903125 0.72391333125 0.5507935625 0.717218746875 0.55092169375 0.7116498124999999 0.5628014953125 0.709122071875 0.57098938125 0.713190171875 0.5762894078125 0.7251574859375001 0.58063883125 0.7367693296875 0.5799805421875 0.7505929484375 0.572157853125 0.7587488875 0.5734552359375
0 0.8709572359375001 0.5856971109375 0.8618731328125 0.578167515625 0.8658622296875 0.5714051421875 0.8575088046875001 0.5645883031250001 0.8432902171875 0.561372078125 0.8221993187500001 0.5680984 0.81586020625 0.5732342453125 0.81048875625 0.5906335031250001 0.8143396328125 0.59971674375 0.811713146875 0.6051449015625 0.8547836249999999 0.6165298156250001 0.8622088859374999 0.617114440625 0.8667114359375001 0.6148480390625 0.871391709375 0.602767225 0.8709572359375001 0.5856971109375
0 0.8405811234374999 0.5005366421875 0.8376979140625 0.503716815625 0.8345777390625001 0.519982871875 0.8428123703124999 0.5375565265625 0.8710066671875 0.54642944375 0.87417033125 0.5321720671875 0.856794284375 0.5250082218750001 0.8673792234375 0.515357990625 0.867240978125 0.5065670625 0.860348909375 0.5011757359375 0.851462290625 0.499165596875 0.8405811234374999 0.5005366421875
0 0.777861346875 0.48196969218749997 0.718834459375 0.472997728125 0.705642778125 0.478773446875 0.704675134375 0.49114657343749996 0.7176890953124999 0.4951852703125 0.7218559390625 0.503245025 0.7402018671875 0.50848980625 0.7447044171874999 0.506223403125 0.7796189546875001 0.5163109328125 0.7811987921875 0.5111935046875 0.793442571875 0.5084882453125 0.798241328125 0.48986448749999995 0.7872614171875 0.48847580468749996 0.777861346875 0.48196969218749997
0 0.6289884578125 0.4468314578125 0.61994385625 0.44533306093749997 0.61455264375 0.447398446875 0.6117089359375 0.45660982031249997 0.6238144937500001 0.4697501734375 0.6347351609375 0.474410325 0.6519357015625 0.47720610468749997 0.6647916796875 0.48175654375 0.676146796875 0.4788502671875 0.678832521875 0.4701506390625 0.6706370796875001 0.4628220578125 0.6488352453124999 0.45953295 0.6289884578125 0.4468314578125
0 0.5268515921875 0.420443378125 0.515180509375 0.42437314062500003 0.5116061203125 0.43287175468749994 0.5137389140625 0.4382814984375 0.5229810015624999 0.44529935 0.525982715625 0.46021277656250004 0.531828140625 0.4659148328125 0.5412874515625 0.46914947187499995 0.5547358609375 0.46562173749999997 0.556947634375 0.45845733749999995 0.5527412890625001 0.44436638281249996 0.5396483265625001 0.4282652890625 0.5268515921875 0.420443378125
0 0.4760538 0.42063728125 0.473150828125 0.40848358281249997 0.442264890625 0.39766487968750003 0.43557030625 0.3977930125 0.42739462812499995 0.4057983 0.41066803749999997 0.40146729218750005 0.40448690468750004 0.40609139218749996 0.40604700625 0.41027663593749997 0.4005373109375 0.41888496406250003 0.42399798750000006 0.4291190421875 0.433338815625 0.43889662500000004 0.4288362671875 0.441163025 0.4643827375 0.449203584375 0.4699911734375 0.44335498281249996 0.4760538 0.42063728125
0 0.3451301390625 0.38700295625000003 0.3306548234375 0.3815387484375 0.3172064140625 0.38506647968749996 0.306285746875 0.3804063265625 0.3038369875 0.37602007187500003 0.30012435625 0.375727759375 0.3018227 0.388703928125 0.30865552812499997 0.39736672500000003 0.30946520781250003 0.41014188125000006 0.31667324531249996 0.414509721875 0.3304771234375 0.415989703125 0.338692303125 0.4140156140625 0.342365434375 0.408276728125 0.34830957812499996 0.3921019703125 0.3451301390625 0.38700295625000003
0 0.4538430375 0.3458962234375 0.45038713281250004 0.3478518953125 0.40666498281249996 0.347816625 0.3955073484375 0.35624235625 0.39339431875 0.366166484375 0.40984444375000006 0.377552178125 0.4346677328125 0.386452040625 0.4461808328125 0.3830340234375 0.47398605156249995 0.3668769015625 0.4788045703125 0.3635870125 0.4782516140625 0.35305984218750003 0.47282090156249995 0.34909403125 0.4538430375 0.3458962234375
0 0.570356475 0.37498878125 0.5593173234375 0.37687157187500003 0.554597546875 0.3829211875 0.54685631875 0.38336004687499997 0.5346322781249999 0.3767626359375 0.5212431109375 0.37701889843749997 0.5142720609375 0.3842017140625 0.5169775484375 0.39083595625 0.52345490625 0.3944910390625 0.5598900390625 0.40273261250000003 0.5899860359375 0.3914734890625 0.592770503125 0.3855335875 0.5879717265625 0.3795208046875 0.570356475 0.37498878125
0 0.6747248734375 0.4095463296875 0.6639029484375001 0.40764590624999997 0.66538404375 0.39976875 0.652626809375 0.3979780390625 0.6359594625 0.390375559375 0.6221950859375001 0.394926778125 0.621859378125 0.40525293281249997 0.6395536328125 0.42184735624999997 0.661868921875 0.4296324328125 0.6844606734375 0.430362825 0.6903258375 0.426762209375 0.6921624015625001 0.42389276562499995 0.6854875578125 0.4147182265625 0.6747248734375 0.4095463296875
0 0.8019022281250001 0.416414515625 0.7879996078125 0.4121748078125 0.756758225 0.4209849296875 0.7435862796875 0.417457978125 0.731085775 0.41791525468749996 0.7251613703124999 0.4247873421875 0.7265634859375 0.4294843265625 0.7350748953124999 0.43578942343750005 0.7641440078125 0.44017489843749996 0.7744919796875 0.4436105515625 0.7813445484375 0.442970678125 0.7907248578125 0.43414291718750003 0.8018232484375 0.428988659375 0.8042917468749999 0.42407224374999997 0.8019022281250001 0.416414515625
0 0.8475992124999999 0.4470078125 0.83985798125 0.44744667343750005 0.8310108656249999 0.45146773281249997 0.8313070937499999 0.4597469171875 0.8408651484374999 0.4657412859375 0.85644635 0.46762329375 0.8625682390625 0.4662706640625 0.8921508046875 0.4751521109375 0.9064286359375 0.47509686249999994 0.9105757171875 0.46782274687500003 0.9066656 0.4620109765625 0.8769842921875 0.45036980312499997 0.8475992124999999 0.4470078125
0 0.909588265625 0.41558892187499996 0.9142488015625 0.412810778125 0.9167765421875 0.40462289218749997 0.9143277796874999 0.40023663593750003 0.9075344546874999 0.3976050390625 0.9104769046875001 0.39115339531250004 0.9086600796875001 0.3847201671875 0.9045327390625 0.3826916109375 0.9132811109375 0.37591082343750004 0.8683641890624999 0.35972841875 0.852615125 0.35069121718749996 0.83582929375 0.3496316796875 0.8349011515625 0.36803600625 0.8396012109375001 0.39592560468750004 0.8547084593750001 0.39934284062500003 0.8787418296875 0.41080141875000004 0.909588265625 0.41558892187499996
0 0.7913369609375 0.3428524515625 0.7842079281250001 0.3505470109375 0.7823516234375 0.3627191265625 0.7675406015624999 0.3675810734375 0.7664149765625 0.38046594375 0.7779083375 0.3863505984375 0.7863802453125001 0.38662449374999996 0.79668871875 0.3840289484375 0.80952493125 0.3732455171875 0.8143631875 0.3606529578125 0.8138102328124999 0.3501257875 0.8110455046875 0.34676301875000004 0.7913369609375 0.3428524515625
0 0.599820490625 0.3165035484375 0.592296484375 0.3131591921875 0.582047253125 0.31248326875 0.5638790703125001 0.322060615625 0.5592777765625 0.3215672890625 0.55147730625 0.32527762031249996 0.5534521140625001 0.331199103125 0.5491075484375 0.3329537640625 0.5488903234375 0.336736978125 0.556414328125 0.34008133125 0.573417384375 0.3373576546875 0.58439729375 0.3387463375 0.5991688140625 0.327853190625 0.6019532812499999 0.3219132890625 0.599820490625 0.3165035484375
0 0.43445041562500003 0.2916890890625 0.4332852890625 0.2985427625 0.44305423906249997 0.31206722343750004 0.44702994843750005 0.32793075625 0.4553833734375 0.33474759375 0.466935978125 0.337360775 0.4754671265625 0.3343632015625 0.4765137484375 0.30941593125 0.46002412187499997 0.2919990390625 0.46186068750000003 0.28912959374999997 0.441836175 0.2862425171875 0.43445041562500003 0.2916890890625
0 0.349000709375 0.33751044375 0.3422468609375 0.3162735046875 0.34461661875 0.3085973609375 0.322874025 0.302036784375 0.3186874421875 0.3032797 0.3072928234375 0.30015477343749997 0.3049625671875 0.3138621171875 0.297300340625 0.3263633765625 0.300223053125 0.329214403125 0.29647094375 0.3475274328125 0.3069176609375 0.3537228140625 0.3141849375 0.35481918437500004 0.32611275 0.35313740937500004 0.333814478125 0.34666734843749997 0.3473616296875 0.34589934375000003 0.349000709375 0.33751044375
0 0.2758338265625 0.2779809453125 0.2893612390625 0.2865156125 0.2920667265625 0.2931498546875 0.3193190125 0.2911021015625 0.32561862656249996 0.2799350578125 0.3176009078125 0.26279206093749996 0.32034587187499997 0.2508209609375 0.32767239375 0.248645859375 0.3264282625 0.24343713125000002 0.2820149109375 0.22408376093750002 0.2670064046875 0.22342625156249998 0.2514054609375 0.23084691406250002 0.25813954843750003 0.2367499828125 0.258909728125 0.2434939390625 0.24877900312499998 0.26091161406249996 0.25225466875 0.2742898109375 0.25685596093749996 0.2747831375 0.2612597671875 0.269757009375 0.274589696875 0.27277221875 0.2758338265625 0.2779809453125
0 0.3512164015625 0.190942459375 0.3417176109375 0.2063131625 0.3315078828125 0.21166843750000003 0.329868803125 0.22005733749999998 0.3383802125 0.22636243281250001 0.3492021375 0.22826285781250003 0.3795548578125 0.2192517203125 0.38312924531250003 0.21075310468750003 0.3802855125 0.1953279359375 0.3725047828125 0.1897355953125 0.3599055328125 0.18743314375 0.3512164015625 0.190942459375
0 0.47621745156250006 0.22722712343749998 0.47236657656250003 0.21814388125 0.4595106015625 0.21359344375 0.44967608124999997 0.2146537625 0.44521303124999995 0.2229513640625 0.44629917968750005 0.228671834375 0.43190286718750004 0.23527002343749998 0.4286444484375 0.242745153125 0.435951228125 0.249872721875 0.44870846249999996 0.25166343125 0.4567656578125 0.2502010859375 0.46294678906250003 0.24557698437500003 0.47205063125 0.2438039078125 0.47621745156250006 0.22722712343749998
0 0.5777816 0.22775415937500001 0.5658142859375 0.2234047359375 0.5601663484375 0.2232221390625 0.55220789375 0.22744421250000002 0.548357040625 0.2429975109375 0.5388779890625 0.24906554218750002 0.5353036015625 0.257564159375 0.5383250562499999 0.26317491406250004 0.5449604 0.2663182546875 0.5548936624999999 0.268017665625 0.565202134375 0.2654221203125 0.5775643968749999 0.25617391718750004 0.5832518125 0.237751171875 0.5777816 0.22775415937500001
0 0.253833265625 0.1225639078125 0.26266064375 0.12784551875 0.2720212109375 0.1283204296875 0.30259118125 0.14016262031249999 0.311517278125 0.1235674171875 0.31673074375 0.1066799015625 0.31380803125 0.103828875 0.3041907359375 0.101105978125 0.29719992500000003 0.092954925 0.28888600000000003 0.09216928437500001 0.2793279453125 0.086174915625 0.264477421875 0.0850056640625 0.24139197812500002 0.0951131703125 0.22727213281249997 0.0946566765625 0.2189977109375 0.0999022359375 0.21573929062500002 0.10737736406250001 0.2194914234375 0.11370087656250001 0.23187344843750002 0.11978654375 0.2342629671875 0.1274442703125 0.24226092187499998 0.12925339687499998 0.253833265625 0.1225639078125
0 0.2884405546875 0.1903693984375 0.3002103828125 0.189199365625 0.30352804375 0.178452765625 0.2967939578125 0.1725496953125 0.29576705312499996 0.1635577546875 0.29969690781249997 0.16006685468749998 0.2954708234375 0.1552785703125 0.2813114765625 0.1487908765625 0.27001559999999997 0.1484256796875 0.2663622109375 0.1448618953125 0.2472856015625 0.138904359375 0.24159816250000002 0.1326905609375 0.2328497890625 0.1394713484375 0.2265896765625 0.1566695921875 0.22678716250000003 0.16218905 0.2348246203125 0.1700293765625 0.2520054234375 0.18212782656249998 0.2884405546875 0.1903693984375
0 0.3969610703125 0.129803915625 0.38246601406249997 0.133642378125 0.346406090625 0.12110584687499999 0.33720350468750004 0.1201191921875 0.3302324546875 0.127302009375 0.3265395875 0.14234356718750002 0.3300349921875 0.1464190953125 0.344944759375 0.1443168734375 0.38842994375 0.1574380296875 0.40961958281250005 0.1534714390625 0.4187826671875 0.1484268921875 0.42057972968749996 0.13952625000000002 0.4113376421875 0.132508396875 0.3969610703125 0.129803915625
0 0.47618940312499997 0.13493067187500002 0.47064020781250004 0.137507803125 0.4687444015625 0.14364871562499998 0.4795268484375 0.1641544828125 0.4751230421875 0.1691806140625 0.4761499484375 0.17817255468749998 0.4834567265625 0.1853001234375 0.49574000937499996 0.1886260609375 0.506680415625 0.18398354374999998 0.5140464125 0.1632030984375 0.5117556375000001 0.1583051 0.49840594843749997 0.1399560203125 0.47618940312499997 0.13493067187500002