0 0.906062625 0.7558439265625 0.904527503125 0.760003734375 0.9067977328125 0.770462984375 0.9154543187499999 0.774819546875 0.9295549718749999 0.773695284375 0.9479477265625 0.7659624093749999 0.96051325625 0.768997953125 0.9746838015625 0.768456909375 0.9872131390625001 0.7627055625 0.9864443328125001 0.75629018125 0.97331966875 0.748588903125 0.9390090843750001 0.7422824125 0.9319936999999999 0.743136153125 0.923652871875 0.7498993484375001 0.906062625 0.7558439265625
0 0.8109425375000001 0.7559604 0.7992855984375 0.76050666875 0.79960135625 0.771626428125 0.8082579437499999 0.775982990625 0.8208234734375001 0.779018534375 0.8356567406250001 0.7755227609374999 0.8463027453124999 0.7795104234375 0.8479090046875 0.784429115625 0.8619060671875 0.7909253109375001 0.8803350125 0.7919793328125 0.8878733359375 0.7870044328125 0.8866851765625 0.7770897515625 0.8605394437499999 0.754066740625 0.846229115625 0.7534413515625 0.83443239375 0.7568211890625001 0.8109425375000001 0.7559604
0 0.7426991468749999 0.7804394343750001 0.75355358125 0.777681459375 0.7590675375 0.7727838515625 0.7594506984375 0.767496259375 0.753551090625 0.7606908906250001 0.7206358390625 0.7490581578125 0.710547721875 0.74124094375 0.6948757546875 0.7377381203125 0.68213674375 0.7417398203125 0.6815102109375 0.753481440625 0.7070968125 0.771838721875 0.7426991468749999 0.7804394343750001
0 0.606551246875 0.7214042015625 0.61632360625 0.71810165625 0.6260235828125 0.697225328125 0.623753353125 0.686766078125 0.59844631875 0.6707416625 0.5881148265625 0.669378475 0.57335145 0.6734574656250001 0.571503059375 0.6834880828125 0.5801777421875001 0.6922380921875 0.5862714203125 0.7133902296875 0.594335175 0.7212847390625 0.606551246875 0.7214042015625
0 0.7319149953124999 0.7074198765624999 0.74615543125 0.7074620453125 0.7545661515625001 0.7012820671875 0.7533081046875 0.6907841703125001 0.7437079843750001 0.6785541859374999 0.741716071875 0.6619325171875 0.7320473046875 0.6576145999999999 0.719901121875 0.6580783546875 0.711280728125 0.6625086859375 0.7093986375 0.680742978125 0.7126111609375 0.6905803640625 0.7319149953124999 0.7074198765624999
0 0.8269202968749999 0.7026207062500001 0.8693620390625 0.70041435 0.8769702531249999 0.6960226656249999 0.8769340609375 0.687235771875 0.86705561875 0.6811682078125 0.8527452890625 0.6805428203125 0.8369697296874999 0.6846604578125 0.8239848500000001 0.6781256140624999 0.8121182375 0.680922234375 0.8157139140625 0.6854720265625 0.8091877765625 0.6904082828125 0.8269202968749999 0.7026207062500001
0 0.9596509062499999 0.664743353125 0.9437692640625001 0.65949088125 0.9298782875 0.66236479375 0.9349441781250001 0.6961527000000001 0.9745615421875 0.712802503125 0.9827288890625001 0.71307655 0.9914191734375001 0.7092294390625 0.9940363703124999 0.7056142015625 0.9897417765625001 0.69523224375 0.9825866109374999 0.69491955 0.9758146078125 0.6893192625 0.9601426406250001 0.6858164375 0.9641551765624999 0.6768749625 0.9596509062499999 0.664743353125
0 1 0.6365898125 0.9967447 0.6094256578125 0.9949300093750001 0.611252596875 0.979397825 0.6089162078125 0.962260628125 0.6101564109375001 0.936922384375 0.619326240625 0.9236242390625 0.61866220625 0.909733259375 0.62153611875 0.9053013765625 0.6269782968750001 0.89936806875 0.6283766078124999 0.8999970921875 0.6336255546875 0.918322446875 0.6423000328125 0.93364495625 0.6428867734375 0.944499390625 0.6401288 0.958007209375 0.6425424828125 0.9638706265625 0.6405609578125 0.9691050171875 0.6333304828124999 0.9769927968750001 0.6312716640625 0.9995066609375 0.6409579921875 1 0.6380138125 1 0.6365898125
0 0.7936119234375 0.628313290625 0.7947301906249999 0.6376447546875 0.8015720859375 0.6438282578125001 0.8180465625 0.6455427874999999 0.8380468203125 0.6512238921875 0.868132709375 0.6477316390625 0.8838383765625 0.6430307859375 0.884744475 0.6336220296875 0.87797246875 0.62802174375 0.8603460281249999 0.6251794296875001 0.8413242484375001 0.62766335625 0.8152509015625 0.622214128125 0.799195775 0.6239988984375 0.7936119234375 0.628313290625
0 0.6742443687499999 0.63345675 0.6792715765625 0.6414671984375 0.711801178125 0.641396953125 0.7265645546874999 0.6373179625 0.7489386359375 0.6458378578125 0.7651335453125 0.6452195203125 0.7698449953125001 0.64211020625 0.7709607671875001 0.6344510999999999 0.7662131265625 0.628773521875 0.7313434046875 0.617801296875 0.7194068984374999 0.6200147 0.6929503890625 0.6198530671875 0.6823755234375 0.62494390625 0.6742443687499999 0.63345675
0 0.5732972875 0.62209616875 0.5677134359375 0.6264105609375 0.568761809375 0.63515880625 0.58736673125 0.6461661515625 0.5883115125 0.6625348578125 0.5929892640625 0.6676292234375001 0.5994118109375 0.6703134265624999 0.61358235625 0.6697723812499999 0.622795584375 0.66180410625 0.6276443265625 0.6428706562500001 0.6247113734374999 0.6353661359375 0.60680536875 0.63019095625 0.5977993234375 0.6229183109374999 0.5811850656249999 0.62003735 0.5732972875 0.62209616875
0 0.5310989187499999 0.617848496875 0.5165789171874999 0.6154734609375 0.488204128125 0.6247592281250001 0.478745034375 0.6221909625 0.4605956546875 0.6234698078124999 0.4531272234375 0.6290279265625001 0.4508594875 0.6355592453125001 0.455154078125 0.6459412015625 0.46496263125 0.651425553125 0.484893 0.656523440625 0.48695355312500005 0.6652330390625 0.50105420625 0.664108778125 0.49840082187499996 0.6589371234375 0.5091853609375 0.655595934375 0.5134437625 0.657190996875 0.534559796875 0.65521299375 0.54080636875 0.647943875 0.5409074703125001 0.6233328453125 0.5310989187499999 0.617848496875
0 0.543912728125 0.7092810890625 0.540490534375 0.697694053125 0.4868786015625 0.6915386234375 0.481085078125 0.6941033640625001 0.464858959375 0.7199159484375001 0.47149118437500004 0.724349803125 0.4887681625 0.7242760359375 0.49745845 0.7204289203124999 0.5018204421875 0.714403528125 0.5303013171875001 0.7144878671875 0.543912728125 0.7092810890625
0 0.369749828125 0.7478269734375 0.36064019062499997 0.7481747890625 0.34008328906249996 0.7548185203125 0.3354055375 0.749724159375 0.3216880421875 0.7455608265625 0.303468771875 0.7462564578124999 0.295790665625 0.7500649265625 0.293313253125 0.75484659375 0.297398171875 0.763478903125 0.3165260328125 0.7703650875 0.3247994609375 0.78000924375 0.3342585546875 0.7825775109374999 0.343368190625 0.782229696875 0.3511161890625 0.77900444375 0.3573627625 0.7717353250000001 0.3772569390625 0.76804631875 0.3855278765625 0.7606999046875 0.38346731875 0.7519903046875 0.369749828125 0.7478269734375
0 0.3470420875 0.6856135 0.325579084375 0.701665990625 0.322229275 0.7076527375 0.3240801546875 0.7146126890625 0.334761103125 0.718891959375 0.3479194671875 0.718389559375 0.359506515625 0.713260075 0.3643215578125 0.7025303015625 0.3722093359375 0.7004714843750001 0.3866594484375 0.702263303125 0.3991188953125 0.6959287390625 0.3999551046875 0.6859367671875 0.38704011562499996 0.679985140625 0.3690305171875 0.68243041875 0.3623645953125 0.6862002406250001 0.3470420875 0.6856135
0 0.34708364999999997 0.6520207828125 0.3596129875 0.6462694375 0.370954171875 0.6306034078125 0.38051685625 0.625551215625 0.38386666875 0.619564465625 0.38267851249999996 0.6096497859375 0.3700430890625 0.6060310265625 0.3610732359375 0.607545275 0.3371665234375 0.62017575625 0.32760633125 0.64221851875 0.3282353546875 0.6474674671875 0.33696183281250003 0.6524072453125 0.34708364999999997 0.6520207828125
0 0.4403395609375 0.539289884375 0.42739336562499997 0.5585325046875 0.426277590625 0.566191609375 0.44502229687500006 0.5783653875 0.4535053984375 0.58975919375 0.4749009984375 0.5901140578125 0.484254009375 0.5833122140625 0.48292606875 0.572231103125 0.47126663593749996 0.5597868 0.476361246875 0.5513898937499999 0.4740910171875 0.5409306468749999 0.46840108437500005 0.5358749265625 0.45293879375 0.534121753125 0.4403395609375 0.539289884375
0 0.576150384375 0.561055196875 0.5693808671875 0.572445478125 0.5730127375 0.5857821640624999 0.5855782671875 0.588817709375 0.60055131875 0.5864883671875 0.60993803125 0.5714828484375001 0.6223974765625 0.565148284375 0.62120931875 0.5552336062500001 0.6093065140625 0.5492433328125 0.5976470828125 0.53679903125 0.5839994796875 0.5332189171875 0.571050790625 0.5354709671875 0.5686095703125 0.549039528125 0.576150384375 0.561055196875
0 0.7467652828125 0.579346728125 0.7439721125000001 0.573008640625 0.7497631453125 0.553453328125 0.74494311875 0.5302019625 0.705328246875 0.530542728125 0.672555275 0.537067 0.676958440625 0.5738096374999999 0.7047765906250001 0.5768487046875 0.7061382296875001 0.5797261421875 0.717691578125 0.58280033125 0.7309198328125001 0.5828811484374999 0.7467652828125 0.579346728125
0 0.8345742453125 0.5314668328125001 0.8269660328124999 0.535858515625 0.8234090374999999 0.5570861859375 0.816533440625 0.5591063593750001 0.816186475 0.5731808453125 0.8173047406249999 0.582512309375 0.8239369640625 0.5869461640625 0.8383171812500001 0.5881547687500001 0.8500440125000001 0.5841917140625 0.8607923625 0.5720636296875 0.869832109375 0.5711326 0.8644529500000001 0.543215503125 0.8584135578125001 0.535243703125 0.8456383546874999 0.5304585078125 0.8345742453125 0.5314668328125001
0 1 0.5727874468749999 0.9998806124999999 0.5702684078125 0.991640884375 0.552420575 0.9787957875 0.5470521640625 0.9798416703124999 0.5388098421875 0.9680786453125 0.533986003125 0.9518837390625 0.5346043421875 0.9331078249999999 0.5476248078125 0.928885615625 0.5548166375 0.9312619265625001 0.57464599375 0.939395575 0.58312371875 0.9391521984375 0.5895777453125 0.9889587796875 0.589433734375 0.9969164515625 0.5879581328125 1 0.5848537625 1 0.5727874468749999
0 0.9737728171875 0.5110684796875 0.9705434937499999 0.495168409375 0.9492767343749999 0.49252016093749995 0.9558365734375001 0.47938022968749994 0.9516817625 0.47016470468750005 0.9420828875 0.46643000468749996 0.9319610687500001 0.466816465625 0.9213163109375 0.4713240890625 0.9197811890625 0.47548389531249996 0.923972190625 0.49348631249999997 0.9405208921874999 0.5096676078125 0.9737728171875 0.5110684796875
0 0.79158605625 0.5002986078125 0.7995799171875 0.5076098984375 0.8209755171875001 0.5079647625 0.8246048937499999 0.5043108796875 0.8653717296875 0.5050979 0.8646728171875001 0.49926573437500005 0.8761200812500001 0.492969815625 0.872591803125 0.47201267031249994 0.86058540625 0.47364285781250004 0.8478800906249999 0.4694408796875 0.782647409375 0.4766186109375 0.7716194953125 0.486413828125 0.7762635437500001 0.499711865625 0.79158605625 0.5002986078125
0 0.68274633125 0.49995872500000005 0.69618425625 0.5017891921875 0.7152759296875 0.49988848125 0.7306683281249999 0.5010584375 0.7411034125 0.49480116562500004 0.73991525625 0.4848864875 0.7280823421875 0.47947943125 0.703999653125 0.4821565875 0.6776467359375 0.4743744953125 0.6675948093749999 0.47534417187500005 0.6629532484375 0.4790367 0.6642113000000001 0.489534596875 0.68274633125 0.49995872500000005
0 0.567147934375 0.5026147359375 0.57706256875 0.517469196875 0.5857191562499999 0.5218257578125 0.5969929390625001 0.5225670828125 0.609312603125 0.5150660859375 0.608334121875 0.5069010546875 0.597547084375 0.4932516765625 0.5766382359375 0.47998875625000004 0.559814303125 0.4753581484375 0.549519003125 0.4827818546875 0.5496949796874999 0.49273517812499995 0.5543727296875 0.49782954375 0.567147934375 0.5026147359375
0 0.45011639531250003 0.48794929062500003 0.430815046875 0.48810035 0.42652294843750005 0.49470896093750005 0.430048734375 0.49867553906250006 0.42827023750000004 0.509289371875 0.45724035 0.513456228125 0.47137719687499996 0.521118859375 0.467747815625 0.5247727421875 0.5082350875 0.5232268953125 0.511375225 0.5154904984375 0.507287815625 0.48986762031250003 0.49873481875000003 0.47789059843750004 0.46180703437500004 0.47519934375000006 0.4549314375 0.47721951718750005 0.45011639531250003 0.48794929062500003
0 0.30854985468749996 0.49139641875000006 0.3045710171875 0.4921342203125 0.3122516171875 0.5053163234375 0.3232820234375 0.5125116734375 0.3299504375 0.525732421875 0.33940953125 0.5283006875 0.35438258437500003 0.525971346875 0.361990796875 0.5215796625 0.3631764625 0.5145037734375 0.3619521125 0.4958022015625 0.3563320703125 0.4913297 0.3388454171875 0.4896538171875 0.326525753125 0.49715481562499997 0.313087821875 0.4953243484375 0.30854985468749996 0.49139641875000006
0 0.396814359375 0.45580271562499997 0.4190486578125 0.4631561765625 0.44882127812499995 0.4655347390625 0.45918647031250004 0.4586942484375 0.480613278125 0.43385486562500003 0.48410287343749997 0.4290345484375 0.47872620625 0.4181080203125 0.471291475 0.41546246406250004 0.4501754421875 0.4174404640625 0.4474883546875 0.420472484375 0.4021860421875 0.43274810468749997 0.3944742375 0.44476024843750006 0.396814359375 0.45580271562499997
0 0.5479402140625 0.42718306093749997 0.5341890203124999 0.431223403125 0.5302463734375 0.44074809843749996 0.5360760921875001 0.44697024687500003 0.5444531140625 0.44899394531250003 0.585952565625 0.44740945468750004 0.61198723125 0.4270812171875 0.6121607140624999 0.42004397656250003 0.6044464171875 0.4150655515625 0.5841328906250001 0.4152552546875 0.573558025 0.4203460953125 0.57143006875 0.42804384687499997 0.56361218125 0.43068588124999996 0.5479402140625 0.42718306093749997
0 0.6591042328125 0.41297865937499995 0.646924353125 0.4216460875 0.6512888359375 0.43261126406250006 0.67718870625 0.4450977328125 0.7038548875 0.44700901562500006 0.7275881171874999 0.44141577656250003 0.7320200031249999 0.435973596875 0.732612834375 0.4324356546875 0.7215125359375001 0.424657084375 0.7080047140625 0.42224340156249995 0.695928425 0.423290371875 0.693867871875 0.41458077187500003 0.6798371078125001 0.41628825156250004 0.6591042328125 0.41297865937499995
0 0.7702008515625 0.4151816109375 0.7672004984374999 0.424084440625 0.7707961765625 0.42863423437500003 0.78248930625 0.4328748578125 0.8145995562499999 0.4293053140625 0.826885521875 0.43000799531249995 0.8336912265624999 0.4274046046875 0.83937866875 0.4154697515625 0.848522003125 0.40691826249999996 0.84883526875 0.4010474515625 0.8428657718749999 0.3936588703125 0.82653108125 0.3931107734375 0.79819248125 0.41118343749999997 0.7829398656250001 0.4111799109375 0.7702008515625 0.4151816109375
0 0.90573210625 0.4346140546875 0.9227295203124999 0.43220742031250003 0.928453153125 0.42905946093749997 0.9631468984374999 0.43007835937500005 0.9779102765625 0.4259993671875 0.9788862671875 0.41717382968749994 0.9721841515625 0.412156759375 0.9361287687500001 0.40826042500000004 0.9041583 0.41299640000000004 0.8963404125000001 0.4156384359375 0.8890117671875 0.42236298593750005 0.8930966859374999 0.43099529375 0.90573210625 0.4346140546875
0 0.9436933156249999 0.3441101390625 0.94379690625 0.33648968125 0.9389793718749999 0.330228884375 0.9337786796875 0.32925568125 0.9397456875 0.3196536953125 0.8858373390625 0.3152672359375 0.8654008796875001 0.3101886734375 0.8475310640625 0.313800384375 0.8549682859375001 0.3334365140625 0.872563515625 0.361473071875 0.8897706078125 0.36081608906249996 0.9198926843749999 0.36611073125 0.9540272968749999 0.36246389687499997 0.957586784375 0.3582267984375 0.95646851875 0.348895334375 0.9519305515625 0.3449674046875 0.9436933156249999 0.3441101390625
0 0.7897043953125 0.365808490625 0.8042942921874999 0.36876674375 0.8131942515624999 0.3666692796875 0.8226870453125 0.36103386875 0.8310615734375 0.346066996875 0.8303264671875 0.3314479390625 0.8249498000000001 0.3205214125 0.8205516156250001 0.3177599140625 0.7983535093749999 0.3191933453125 0.79448075625 0.3293012546875 0.7981126265625 0.342637940625 0.784990453125 0.351927234375 0.7897043953125 0.365808490625
0 0.5482797046875 0.362136865625 0.5418933499999999 0.368239553125 0.5466409921875 0.3739171328125 0.542941721875 0.3769878 0.5444431468750001 0.38103167031249996 0.55376245625 0.382433503125 0.5701308453125 0.3747779203125 0.5821372453125 0.373147734375 0.5924662453125 0.357520353125 0.592639728125 0.350483109375 0.5879619796875 0.345388746875 0.5786426671875 0.3439869125 0.5677183421875001 0.34616166718749997 0.5532707234375 0.36136041875 0.5482797046875 0.362136865625
0 0.4466833546875 0.40527021406249997 0.4598417171875 0.4047678125 0.46731015 0.39920969375 0.457009865625 0.372652259375 0.43198239687499995 0.35896071093750004 0.432575228125 0.35542276875 0.41051690625 0.35802263125 0.4053524046875 0.3658363234375 0.4072731765625 0.3733794890625 0.42356329531250003 0.3848660015625 0.434920334375 0.40044637187500004 0.4466833546875 0.40527021406249997
0 0.29073747499999997 0.41063850312500005 0.27750922031249997 0.41055768593749997 0.28135076406250004 0.4256440203125 0.2791192171875 0.44096223281249997 0.2834475109375 0.443140515625 0.2879180765625 0.4634757984375 0.30156568125 0.46705591249999995 0.30959324375 0.4661635265625 0.32118029375 0.4610340421875 0.326205009375 0.45205391875 0.33988631406250003 0.4474303578125 0.33775586875 0.4381375390625 0.32106922656250003 0.41768279374999995 0.320020853125 0.40893454843750005 0.294506634375 0.408151053125 0.29073747499999997 0.41063850312500005
0 0.2872635984375 0.3841110296875 0.2711360890625 0.3683220125 0.2685164015625 0.35494668125 0.2751124328125 0.35059364375 0.27144686406249996 0.3454606328125 0.21661307343749997 0.33759420156250003 0.20076762499999998 0.3411286203125 0.1879949125 0.3533339953125 0.1976636796875 0.3576519125 0.20153892031249998 0.3645345703125 0.198994109375 0.38572359375 0.20869906875000002 0.3988284015625 0.2136900875 0.39805195625 0.2159578265625 0.3915206359375 0.23114054999999997 0.3909409453125 0.234806121875 0.396073953125 0.2527121265625 0.401249134375 0.258541840625 0.40747128281249995 0.28583455625 0.39764094375000003 0.2872635984375 0.3841110296875
0 0.27603456249999997 0.3241197890625 0.2881108515625 0.32307282187499997 0.31543726875 0.3050388046875 0.31526129375 0.2950854796875 0.305276765625 0.2796478046875 0.2946657078125 0.27595175156249996 0.28056505625 0.2770760109375 0.2731665171875 0.283217346875 0.2703421375 0.30207350312500003 0.2622109828125 0.3105863484375 0.264341428125 0.3198791671875 0.27603456249999997 0.3241197890625
0 0.385132503125 0.29044329062499996 0.3888679640625 0.2961595171875 0.376967646875 0.3071598140625 0.377003840625 0.31594670625 0.387824575 0.32139241093750004 0.4018553359375 0.3196849296875 0.409533440625 0.3158764609375 0.4138255421875 0.3092678515625 0.42244593750000003 0.30483751875 0.4191972265625 0.28621324062500003 0.4110635796875 0.277735515625 0.395671178125 0.276565559375 0.38596871093749996 0.2804513203125 0.385132503125 0.29044329062499996
0 0.5011140562499999 0.2824996859375 0.494064975 0.291557103125 0.4942409484375 0.3015104265625 0.4999308828125 0.30656614531250004 0.5082380109375 0.3080066265625 0.5193021171875001 0.3069983 0.5287949125 0.30136289375 0.5373791156250001 0.28814566875000003 0.5348630203125 0.2671498765625 0.52463511875 0.25816622968749997 0.5102549 0.25695762499999997 0.5043215921875001 0.25835593437500004 0.49800512656249996 0.2650418390625 0.5011140562499999 0.2824996859375
0 0.2013015578125 0.2234695609375 0.1989951359375 0.2042234171875 0.19466684375 0.2020451359375 0.1834629546875 0.2018870296875 0.17250243437499999 0.1952748921875 0.1635325828125 0.196789140625 0.1508971609375 0.193170378125 0.13498182187500002 0.1961215828125 0.1156829671875 0.21326321250000002 0.1008496984375 0.2167589875 0.0946730140625 0.224611325 0.0947092078125 0.233398215625 0.1014812125 0.2389985046875 0.11708328906250001 0.2419181109375 0.12305278906249999 0.24930669375 0.1321624234375 0.24895887968750002 0.1410960859375 0.23865773906249999 0.1526494328125 0.24173192812500002 0.16256157499999999 0.23959581874999997 0.19962914375000002 0.24345350312499997 0.2013015578125 0.2234695609375
0 0.2032369484375 0.2700039875 0.2057143609375 0.2652223171875 0.19915203125 0.261371678125 0.1815255890625 0.258529365625 0.1696589765625 0.261325984375 0.16424860937500002 0.25860313281249997 0.141770934375 0.25770369843749996 0.13304445781250002 0.252763921875 0.12707744999999998 0.2623659078125 0.12844158125 0.2822339109375 0.131164859375 0.28798878437500003 0.143067665625 0.29397905625 0.16638403906250002 0.3018770890625 0.207883490625 0.3002925984375 0.21954042812500002 0.295746328125 0.21807270625 0.2834987828125 0.208403940625 0.279180865625 0.2032369484375 0.2700039875
0 0.22239046093749998 0.2221306234375 0.225429496875 0.23900525468749997 0.23090975625 0.242311321875 0.245393565625 0.23589946718750002 0.2964220046875 0.2374664578125 0.3165595546875 0.22732342499999997 0.32374841875000004 0.21943244218750002 0.32154808125 0.20955640937500003 0.3087728765625 0.20477121406249998 0.2926478609375 0.2059727703125 0.27938590625000004 0.2140956296875 0.236315140625 0.2110530375 0.22633310468749998 0.21260592968749997 0.22239046093749998 0.2221306234375
0 0.391574928125 0.22541425468749998 0.3967419203125 0.23459113281250002 0.407562653125 0.24003683593749997 0.421803090625 0.24007900625 0.431016315625 0.23211073125 0.4291629453125 0.20816021093749998 0.42455508750000004 0.2036490640625 0.40235448749999997 0.1880919265625 0.3770499421875 0.189058078125 0.372478275 0.1933338234375 0.373316975 0.2003324203125 0.3938426671875 0.21888293281250001 0.391574928125 0.22541425468749998