0 0.972356946875 0.2802080890625 0.971139853125 0.275106815625 0.9729130734375 0.272638621875 0.968448384375 0.265806009375 0.9665426078125 0.2518779875 0.9583850609375 0.235507540625 0.9523767140625001 0.2340853703125 0.9474944734375 0.2156022734375 0.9454422796875 0.1872000296875 0.9409775921874999 0.1803674171875 0.8961800984374999 0.202493575 0.859546171875 0.205374015625 0.8515766125 0.197711803125 0.845025996875 0.20193710625 0.837661978125 0.21463361406249998 0.834275809375 0.23212222656249998 0.8676344281249999 0.2313544375 0.8716815656250001 0.22653656562500002 0.877446496875 0.22693847968749997 0.8852003500000001 0.22973644843750002 0.8851310609375 0.2393464234375 0.8741790265624999 0.2627453046875 0.8683725250000001 0.2681093734375 0.859965540625 0.2863348390625 0.8511410078124999 0.2929098203125 0.8390827406250001 0.29583146718750003 0.8266840484375001 0.31118682343750004 0.8161417249999999 0.31254201875 0.8112673265625 0.3277530921875 0.80683819375 0.3507706625 0.8120469953124999 0.35874204375 0.812666390625 0.37717876875 0.8337233234375001 0.3783123734375 0.8435492484375 0.37197441875 0.848785765625 0.3761018109375 0.8545784109375001 0.3726597359375 0.8669771015625001 0.357304378125 0.8823106781250001 0.35227008125000003 0.889931975 0.33867183125 0.8964964484375001 0.33252453437499996 0.9037496062500001 0.3352039875 0.90814500625 0.3516465765625 0.9217053625 0.349080471875 0.926914165625 0.357051853125 0.955620109375 0.3407432171875 0.962511146875 0.3240842046875 0.9789708328125 0.3019889796875 0.9882425859374999 0.3026353796875 0.9888132109375001 0.287228475 0.9795823921875 0.28673153125 0.972356946875 0.2802080890625
0 0.6665377593749999 0.10438655781249999 0.6568226968750001 0.0953485484375 0.6502443640625 0.103417840625 0.6489441234375 0.1098485390625 0.6541806421875 0.1139759296875 0.6513228843750001 0.12773906562499998 0.6522549875 0.13758606874999998 0.6625816078125 0.13136663125 0.6708500140625 0.13236111718750002 0.6711705609374999 0.15746556875 0.6634799765625 0.18067379374999998 0.6656568890625 0.19177808125 0.6711645421875 0.1930817359375 0.6797595140625 0.183564503125 0.6889600234375 0.1944059953125 0.6962963281250001 0.185553475 0.7217625187500001 0.20120767343749998 0.7279588546875 0.2113380796875 0.7450240796875 0.2096015734375 0.752130821875 0.1978068046875 0.7619844625 0.1876248609375 0.776789628125 0.186316040625 0.79226178125 0.16206179375000002 0.7966571828125 0.17850438125 0.8098771140625001 0.1883719875 0.8312051828125 0.18668185625 0.8412883828125001 0.1794421625 0.84893739375 0.161999925 0.85778964375 0.151580953125 0.8608769625000001 0.1407600671875 0.860688971875 0.13205183125 0.8576986578125 0.1294187515625 0.8385890765624999 0.136447184375 0.833109140625 0.1312995390625 0.83067495 0.1210969921875 0.82446475625 0.1128885828125 0.8149653953125 0.10871482031249999 0.8103127203125 0.093173971875 0.8083436703125001 0.053239757812499997 0.7482601921875001 0.0390180609375 0.7409100296875 0.0497925734375 0.7237755156250001 0.06113905468750001 0.719172253125 0.07352639375 0.7125800640625 0.0835176796875 0.7130114703125 0.0932461703125 0.7076918062499999 0.10065075000000001 0.6865655859375 0.1091271234375 0.6808145156250001 0.1068032125 0.675118875 0.096791321875 0.672615396875 0.09619875156249999 0.6665377593749999 0.10438655781249999
0 0.48325745781249996 0.25406320312499997 0.47471791718749995 0.25589245312500003 0.46662364062500006 0.265528196875 0.4627229171875 0.284820290625 0.4639122984375 0.2937655546875 0.47242412343750007 0.29578029375 0.4806093859375 0.3083067515625 0.4752481484375 0.3214773171875 0.467438865625 0.3263673296875 0.4638508484375 0.3370697015625 0.45980371093750005 0.341887575 0.458990309375 0.35035878125000003 0.46271088125000004 0.35605262656250003 0.4657289140625 0.354841715625 0.47159084531250006 0.3417896640625 0.48550547968749996 0.324867853125 0.49610323437500004 0.315824678125 0.5089194765625 0.31211980625 0.5264438234375 0.3162678015625 0.5251158671875 0.32654249062499996 0.5212982921875 0.3343026109375 0.5290244296875 0.34094456875 0.531715896875 0.35024537499999997 0.5427727734375 0.3470867015625 0.5668338796875 0.3489313890625 0.5743997453125 0.3430211203125 0.5790168687499999 0.3287117859375 0.5763254 0.31941098125 0.57866860625 0.307451325 0.592040971875 0.296176984375 0.59332735625 0.2916682828125 0.591560153125 0.25852030937500003 0.5860663578125 0.2552946578125 0.572727725 0.227108840625 0.5723517484375 0.20969236875 0.5746672375 0.20157670468750002 0.571447359375 0.196001375 0.5624348375 0.193868121875 0.5513779609375 0.19702679375 0.5321298046875 0.22327518125 0.5268655703125 0.2229917796875 0.51338234375 0.2496420796875 0.5022838921874999 0.2585667390625 0.4917277109375 0.261843928125 0.48547594531250005 0.259401503125 0.48325745781249996 0.25406320312499997
0 0.6083994578125 0.392462234375 0.6020784046875 0.3996297859375 0.59419983125 0.41412977656249994 0.5928857328125 0.42248246875 0.592573025 0.43107218906250006 0.5989573499999999 0.44991082968749996 0.602962915625 0.45085894218749994 0.6131154046875 0.4340092734375 0.6171348265625001 0.4330353921875 0.6223574875 0.43908477812499996 0.6200281421875 0.44912243749999997 0.620445690625 0.46077292343750004 0.6470241328124999 0.4612881875 0.6534638890625 0.472438846875 0.6655360140625 0.46759520625000006 0.679054796875 0.4707950875 0.6839014796875 0.45942800312500004 0.6829832359375 0.44765900312499995 0.685271009375 0.44338732968750005 0.6903333953125 0.43688449062499995 0.69862951875 0.4340349875 0.70796860625 0.42565652343749993 0.7088097234374999 0.4133413265625 0.712655015625 0.40173721406249996 0.7067159562499999 0.39070506875 0.7060411296875 0.37995632343749997 0.7161797625 0.3650286515625 0.7201081984375 0.3418925671875 0.7161857781250001 0.3294124828125 0.707430534375 0.3263774875 0.6533355281250001 0.3511161234375 0.6548099 0.35531565625 0.651764153125 0.36037055625000003 0.62543696875 0.3945697203125 0.6181422359375001 0.39765625312499997 0.6083994578125 0.392462234375
0 0.338219634375 0.3708670078125 0.31961074843750004 0.3780139546875 0.306085946875 0.41043024062500005 0.3120388640625 0.4195403921875 0.33453461406249996 0.395023346875 0.34510465468749996 0.38982416249999996 0.3597851015625 0.40581329843749997 0.35283863125 0.4301602921875 0.3519697984375 0.44631948125000004 0.3709962328125 0.45082301718749995 0.3886452984375 0.43767305624999997 0.390133528125 0.4399505921875 0.3946675046875 0.4371732296875 0.402302659375 0.421652984375 0.40646065781249996 0.4014591515625 0.404040325 0.389334609375 0.3940818421875 0.3792763453125 0.39543751562499996 0.3651576671875 0.40148743593749997 0.3608138515625 0.4010560265625 0.3510853625 0.4046024703125 0.3461489765625 0.4032251015625 0.328495478125 0.3972721859375 0.3193853265625 0.384497515625 0.3173242140625 0.3610835203125 0.33007226093750003 0.36330200625 0.3354105625 0.3604719640625 0.3453297078125 0.363205003125 0.348864528125 0.36166134375 0.3542749703125 0.3485046796875 0.37041355625 0.338219634375 0.3708670078125
0 0.2816572578125 0.18131606875 0.27482165 0.1902871 0.271302921875 0.191379496875 0.26697079218750003 0.2009431 0.270149096875 0.21228441562499997 0.2759555984375 0.20692034375 0.27844521875 0.2094349109375 0.2778059484375 0.22853634843749998 0.2797533015625 0.236698384375 0.285302525 0.23223605468750003 0.290566759375 0.23251945468750002 0.29454460781249997 0.237311559375 0.29596355 0.24919907343749997 0.30430124531249997 0.24058358281249997 0.3145724328125 0.242052125 0.3176043234375 0.23891922031249999 0.3260113078125 0.220693753125 0.33407786875 0.21490199843750002 0.3361915125 0.20000009375 0.341281615625 0.1896532640625 0.348590203125 0.1846447359375 0.3542502875 0.16480644375 0.36657969218750003 0.1590610640625 0.3760651953125 0.165156821875 0.387838471875 0.1669809078125 0.3971636984375 0.160524440625 0.4004805796875 0.1526458046875 0.3962593125 0.146833446875 0.396057465625 0.14004720625 0.384298046875 0.136301125 0.37783057656249996 0.12899445625 0.37638391875 0.1209509328125 0.3918422140625 0.0986186796875 0.3967443296875 0.0795636140625 0.387529959375 0.0706441203125 0.38323156406250003 0.040747565624999996 0.38527592187500004 0.0354556359375 0.3853590671875 0.023923665625 0.383140578125 0.018585364062500002 0.37315438125 0.0123710921875 0.36235478125 0.014628026562499999 0.36076955 0.0258044546875 0.33867749062499997 0.0638939796875 0.33072963125 0.0880039453125 0.3190196234375 0.112186053125 0.2986790890625 0.11603520781250001 0.288200034375 0.14339659375 0.2819205546875 0.144798159375 0.277873415625 0.1496160328125 0.2760447640625 0.1597722046875 0.281712690625 0.1736280875 0.2816572578125 0.18131606875
0 0.475544621875 0.4890464375 0.4722138828125 0.49884707031250003 0.4641611796875 0.502716828125 0.46135885156249995 0.508791984375 0.46303506875 0.5197777578125 0.4717210265625 0.5324227265625 0.483737721875 0.5352670671875 0.49334794375 0.5240648703125 0.49343108906250005 0.5125328984374999 0.499766 0.50344335 0.5044108390625001 0.485290028125 0.5152173671875 0.4820720953125 0.5221647468749999 0.49238027031250003 0.5208645078125 0.49881096875 0.5256141859375 0.5008978515625 0.5268174250000001 0.5079211203125 0.5308091328125 0.510791228125 0.54112189375 0.506493784375 0.54787435625 0.5090547234375 0.551448515625 0.500274346875 0.5625331078125 0.49327168125 0.565335434375 0.48719652656249995 0.56012663125 0.4792251453125 0.5548346828125 0.482785734375 0.5475676671875 0.48202827656249997 0.54636443125 0.47500500937499995 0.54842264375 0.46779108437500005 0.5385750218750001 0.44235685937499997 0.5402572578125 0.41772646562500004 0.5362932671875 0.4110123671875 0.52552138125 0.4094253109375 0.49479879687499995 0.4271818859375 0.4922398875 0.43427729375 0.496961853125 0.4402081671875 0.49766439531250006 0.44711292187499996 0.48831145 0.45741337812499994 0.4704466796875 0.46569909374999996 0.46890301875 0.4711095375 0.47110764843749997 0.478369834375 0.47462637656249995 0.4772774390625 0.475544621875 0.4890464375
0 0.47457276562499995 0.5542757593750001 0.46657549375 0.5504575375 0.46301519375 0.5573159203125 0.4619939265625 0.594617053125 0.469490503125 0.5983167609375 0.48955990156249996 0.5972913421875 0.4934823203125 0.609771425 0.4913548203125 0.626595325 0.5008541796875 0.6307690906250001 0.53735555 0.611492434375 0.5293444203125001 0.6095962078125 0.5235379171875 0.6149602796875 0.5127660328125 0.613373221875 0.5064726937499999 0.6166967828125001 0.502292996875 0.605118440625 0.5028491234375 0.5975489734375 0.5071673953125 0.589907365625 0.52476103125 0.584445384375 0.5288220265625 0.5777055171875001 0.529801721875 0.5461703671875 0.5263384249999999 0.539574784375 0.522332859375 0.538626671875 0.5095027625 0.5442535390625001 0.49296594843749997 0.542264565625 0.4846282515625 0.55088005625 0.47457276562499995 0.5542757593750001
0 0.6762621296875 0.57987475625 0.6814709328124999 0.5878461374999999 0.67409305625 0.6024646406249999 0.6686486734375 0.627167178125 0.6715697031250001 0.6394102328125 0.679539259375 0.6470724453125001 0.6924109296875 0.6356795921875 0.7003033609375 0.6192576062499999 0.7083560624999999 0.615387846875 0.721277146875 0.63192318125 0.7216392671875 0.651261646875 0.7276060421875 0.6584498015625 0.7484195546875 0.6585631515625 0.7522094171875 0.65464701875 0.744497134375 0.6460830671875 0.733709571875 0.577107665625 0.7370264546875 0.569229028125 0.7365811859375 0.561422534375 0.7301691484374999 0.546427884375 0.7158785359375 0.5459332234375001 0.6934797890625 0.556996303125 0.6874852984375 0.5536521390625 0.6858367953125 0.538822375 0.6830898999999999 0.53720955 0.6764977078125 0.5472008374999999 0.6657613796875 0.5754639640625 0.6762621296875 0.57987475625
0 0.740007109375 0.46885759531250004 0.7323303828125 0.4901438265625 0.7267673 0.49652815156249996 0.7239372578125 0.506447296875 0.7253839140625 0.5144908187499999 0.7348417015625001 0.5244305703125 0.7409470515625001 0.5123987734375001 0.7439650828125 0.5111878625 0.7481724953125 0.518922215625 0.748506896875 0.542104671875 0.7540145515625001 0.5434083281250001 0.758194246875 0.5549866703124999 0.767652034375 0.5649264203125 0.7737158125 0.5586606078125 0.7841255781250001 0.5409092 0.7898905078125 0.5413111140625 0.796482696875 0.5313198265625 0.8045215421874999 0.5293720640624999 0.8102587546875 0.5336179703124999 0.8195839843750001 0.5271615015625 0.824416809375 0.5177164140625 0.8209535140625001 0.5111208281249999 0.814945165625 0.5096986578125 0.8130948171875 0.4880826546875 0.8061543656250001 0.47681348124999995 0.8067382078125 0.465400025 0.81607729375 0.45702156406250005 0.8250482421875001 0.46492080312499995 0.8278367140625 0.46076764218750005 0.8363762546875 0.4589383921875 0.8323706890624999 0.45799027968750006 0.8236847328125 0.44534530781250004 0.8252838234375 0.43224688437500003 0.8233364703125 0.42408484843750005 0.8180860953125 0.42187945156250006 0.8082878859375 0.42437341562500003 0.776063215625 0.44177444687499995 0.7574820453125 0.4450774046875 0.7567102140624999 0.44778262656249995 0.7474127015625001 0.450395103125 0.74383854375 0.45917547968749994 0.7437831140625 0.466863459375 0.740007109375 0.46885759531250004
0 0.8527303421875001 0.540251659375 0.8130723625 0.5799591765625001 0.8192825578124999 0.5881675859375 0.8153956921875001 0.6055376828125001 0.8269671234375 0.6005755296874999 0.8397002171875 0.608402628125 0.8476004874999999 0.6256748140624999 0.863678178125 0.6217792859375 0.8721207171875 0.633404003125 0.8749091874999999 0.6292508421874999 0.8887545343750001 0.6219390078125 0.8955208546875 0.6225779515625 0.9023426046875 0.6155289140625 0.9076068390625001 0.6158123140625 0.9051310750000001 0.6113757546875 0.9071892874999999 0.6041618296875 0.91725863125 0.5988441328125 0.92056165625 0.592887490625 0.9201025328125001 0.5870029921875 0.91237639375 0.580361034375 0.9037458671874999 0.5600280828125 0.9001084390624999 0.54280226875 0.9022497984375001 0.5240563734375 0.9000451703125 0.5167960765624999 0.9030909156250001 0.5117411765625001 0.8961088921875 0.5062379875 0.8568744828125 0.521979821875 0.8527303421875001 0.540251659375
0 0.2195047953125 0.558398159375 0.21591678124999997 0.5691005312499999 0.2103536984375 0.57548485625 0.20519430624999999 0.5954416609375001 0.20952041875 0.621494225 0.2318914484375 0.6142751359374999 0.23635613906250003 0.6211077484375 0.23851919375000002 0.63413403125 0.24102267031250002 0.6347266015625 0.253623209375 0.626157484375 0.251960846875 0.6132497156250001 0.25533316093749997 0.5976830984375 0.262926740625 0.5879288390624999 0.26295445625 0.58408485 0.30211775625000004 0.50864265 0.308397240625 0.507241084375 0.3126185078125 0.51305344375 0.31592153125 0.5070968 0.3097390515625 0.4950444015625 0.31012104687500003 0.4768447046875 0.305955209375 0.4633443671875 0.309800503125 0.451740253125 0.3094106671875 0.436245778125 0.3199174375 0.405040403125 0.30840143593749997 0.4023145765625 0.3076157484375 0.40694179375 0.3033251921875 0.4107394125 0.29301242968749996 0.41503685468749996 0.2895214171875 0.4122852609375 0.2842156125 0.4177678453125 0.28959854375 0.43636945781250003 0.2847518609375 0.44773654062499996 0.2756423375 0.4590572546875 0.2633129328125 0.46480263437499997 0.2516445 0.48321875625 0.23699960625 0.4970798046875 0.2356993671875 0.5035105015625 0.2429386671875 0.5081119484375 0.2426398171875 0.514779675 0.23179864375 0.5228025953125 0.23317601250000003 0.54045609375 0.2255547140625 0.5540543421875 0.2195047953125 0.558398159375
0 0.3813246734375 0.5139139187499999 0.36825115625 0.5185205328125 0.360497303125 0.5157225640624999 0.358084809375 0.5372921953125 0.3633629 0.5356536000000001 0.3694899484375 0.5553939812500001 0.3722368453125 0.55700680625 0.380505253125 0.5580012921875 0.3894762015625 0.5659005328125 0.41748744374999996 0.5763813156250001 0.41846111874999997 0.580462334375 0.42196598906249994 0.581291934375 0.42828704375 0.5741243796875 0.42689581875 0.558392878125 0.430254271875 0.5447482546875 0.4221105828125 0.5264558140625 0.42908476718750005 0.4982648296875 0.4251623484375 0.48578474375 0.4178953328125 0.4850272875 0.40279131718750005 0.49300383437499995 0.3813246734375 0.5139139187499999
0 0.3075657828125 0.6225607953125001 0.2992280859375 0.6311762859375001 0.2901739921875 0.6348090171874999 0.2891171703125 0.64225996875 0.304638734375 0.6459339078124999 0.308303878125 0.65931573125 0.313554253125 0.661521128125 0.32868598437499996 0.6497005890625001 0.334777478125 0.6395907890625 0.36950562656249997 0.622782328125 0.37708535 0.6149500625 0.38444936875 0.6022535546875 0.375506134375 0.5905103234375 0.370485321875 0.5912471781249999 0.3672793015625 0.5837498531249999 0.3675781515625 0.5770821265625 0.37242483437499996 0.5657150421875 0.3685439875 0.5474689749999999 0.37213200468749996 0.536766603125 0.367896875 0.5328762390625 0.36311948125 0.534633346875 0.341923971875 0.5527196953125 0.34515770625000003 0.5563730296875 0.3397687546875 0.573387584375 0.32638253125 0.5865839203125 0.3085177609375 0.5948696375 0.3072313765625 0.5993783390625 0.3117099234375 0.60428895625 0.3121413296875 0.6140174468749999 0.3075657828125 0.6225607953125001
0 0.56881623125 0.630490796875 0.5592198671874999 0.6397709984375 0.5489209625 0.642146446875 0.545332946875 0.65284881875 0.548038271875 0.6602276296875 0.5545611734375 0.65984631875 0.5746522671875 0.690593075 0.5874823671875 0.68496620625 0.5952223640625001 0.6896861703125 0.603288925 0.6838944140625001 0.6036154890625001 0.6733826984375 0.6137402625 0.66037701875 0.62163269375 0.643955034375 0.6206590171874999 0.6398740171874999 0.6106589609374999 0.6355817390625 0.6097684328125 0.6199687484374999 0.604559628125 0.61199736875 0.60416979375 0.5965028921875 0.5984187234375 0.59417898125 0.57956641875 0.6003056734375 0.5774527765624999 0.6152075796875 0.56881623125 0.630490796875
0 0.6585931859375 0.63056288125 0.632515440625 0.63016613125 0.6269246421875 0.6403944453125 0.62223823125 0.6643137546875 0.626188365625 0.6729498484375 0.6537682015625 0.6737021421875 0.6568416625 0.6648032500000001 0.656938665625 0.651349284375 0.6623276171875 0.634334728125 0.6585931859375 0.63056288125
0 0.5969401546875 0.69490595625 0.59356784375 0.7104725734375 0.5852440062500001 0.7171660703125 0.58319965 0.7224579984374999 0.5889368640625 0.726703903125 0.5992773421875001 0.71856246875 0.6040408796875 0.71872735625 0.6024140734375 0.73566976875 0.6152025984375 0.7358088890625 0.6200769968750001 0.7205978140625 0.6193883140625001 0.7117710640625 0.6224756328125001 0.700950178125 0.6212585374999999 0.695848903125 0.6035323421875 0.6849146687500001 0.60075773125 0.687145834375 0.6002154625 0.69279330625 0.5969401546875 0.69490595625
0 0.1745120296875 0.294574721875 0.1684205359375 0.3046845234375 0.1548463234375 0.30917262343749996 0.15304538750000002 0.31548480625 0.1569955234375 0.3241209 0.16928335156250002 0.324141503125 0.1702154546875 0.33398850625 0.16755954374999998 0.354537884375 0.1694930375 0.3646219171875 0.1674486796875 0.3699138453125 0.16893691093750002 0.372191384375 0.174972975 0.3697695609375 0.18347094218749999 0.37370629843750003 0.1867878234375 0.3658276609375 0.198101978125 0.3617672453125 0.202580521875 0.366677865625 0.2071283578125 0.36197850625 0.2122461734375 0.3477876859375 0.2224896484375 0.35310021875 0.23653684218749998 0.3525746234375 0.2507226125 0.332829078125 0.2488445484375 0.315057065625 0.23764125468750003 0.30374151875 0.23819738125 0.29617205156250004 0.24381589374999998 0.2820997453125 0.24387132500000003 0.27441176562499997 0.2319100609375 0.263879446875 0.2383004046875 0.24710191875 0.236206634375 0.22446566093749998 0.231553959375 0.2089248125 0.22158161875000001 0.2007885453125 0.20820925156249998 0.212062884375 0.1966932515625 0.2093370578125 0.19158929062500002 0.2216058828125 0.1857827890625 0.226969953125 0.16777160468750002 0.22078145 0.164983134375 0.22493460937499998 0.16192352968749998 0.231911503125 0.1626260703125 0.238816259375 0.160567859375 0.2460301828125 0.1617295234375 0.2588194359375 0.1760062765625 0.2612360921875 0.1981893203125 0.2453087671875 0.2006235125 0.25551131250000003 0.1939897484375 0.27126858593750003 0.1843518125 0.286314775 0.1745120296875 0.294574721875
0 0.11096105781250001 0.37868394843750003 0.1048834203125 0.3868717546875 0.0834444921875 0.40393784843749997 0.078827371875 0.4182471828125 0.078702653125 0.43554513906250003 0.085872665625 0.4497565640625 0.0959835828125 0.43867287812500005 0.107527296875 0.437554715625 0.105399796875 0.4543786140625 0.1125975234375 0.46474604687500004 0.1074104171875 0.48854684375 0.112146240625 0.4925557203125 0.1179527421875 0.48719165000000003 0.12321697499999999 0.48747505156250004 0.12727797031250002 0.48073518281250005 0.1345727015625 0.47764865156249997 0.13687433437500002 0.47145498124999996 0.1464568390625 0.4640967734375 0.1486060375 0.47904505156250005 0.153084584375 0.48395566875 0.1533002875 0.48881991406249997 0.1598093296875 0.490360596875 0.15446796875 0.465993 0.157569146875 0.4532501171875 0.16237425781249998 0.4476490203125 0.16711008125 0.451657896875 0.172645446875 0.4491175625 0.1813097078125 0.42999035625 0.1873457703125 0.42756853437500003 0.1891467078125 0.42125635 0.18247739062499999 0.4071634421875 0.1717332203125 0.40173239687500006 0.1658001796875 0.35508408281250003 0.15659966875 0.344242590625 0.14077925468750002 0.34723638125 0.13192700625 0.35765535000000004 0.1303694859375 0.3649877890625 0.1253071 0.371490628125 0.11096105781250001 0.37868394843750003
0 0 0.5076453562500001 0.00194560625 0.5078647640625 0.0079262359375 0.5131309234375 0.0161946453125 0.5141254078124999 0.0171128890625 0.525894409375 0.025151734375000002 0.52394664375 0.042300106250000004 0.5106781687499999 0.0412493046875 0.482512953125 0.0262127546875 0.41156918437499995 0.01795820625 0.4086527015625 0.010677332812499999 0.4098172421875 0.010823746875 0.42429146093750003 0.006592540625 0.43724818593750003 0.0001567046875 0.4429446125 0 0.44274193593750005 0 0.44526495625000007 0.0048786687500000005 0.4488754828125 0.0055812125 0.45578023749999996 0 0.466621625 0 0.5076453562500001
0 0.1202344984375 0.51853614375 0.105415475 0.5217669593750001 0.092731790625 0.541868046875 0.0906735765625 0.5490819703125001 0.09588238125000001 0.5570533531249999 0.1057083046875 0.5507154015625 0.10707181562500001 0.5702908953125 0.10428334531250001 0.5744440562500001 0.1052431640625 0.5804470687500001 0.112739740625 0.584146775 0.11828896562499999 0.5796844453125 0.12581325937500001 0.5795401625000001 0.13673155937499998 0.595601440625 0.15429748125 0.5939834484375 0.1491441078125 0.5783240875 0.154533059375 0.5613095312499999 0.15614600781250002 0.5462891125 0.150666071875 0.541141465625 0.1479746046875 0.531840659375 0.149288703125 0.52348796875 0.1535931171875 0.5177683562500001 0.15463608281250002 0.5122393984375 0.1527025890625 0.502155365625 0.146248975 0.4929267015625 0.1392115203125 0.49511149374999996 0.13057497499999998 0.5103947078125 0.1202344984375 0.51853614375
0 0.8034978984375 0.7409100453125 0.7991796250000001 0.7485516546875 0.7858488312499999 0.7540600078125 0.7843190296875 0.7575484546875 0.798471065625 0.7772630671874999 0.811822646875 0.7688717203125 0.8160647015625001 0.7718010875 0.8203552578125001 0.76800346875 0.8196250015625001 0.7649427046875 0.82823383125 0.7535034781250001 0.8318495625000001 0.7389571171875 0.8319742796874999 0.7216591593749999 0.8280102890625001 0.7149450625 0.8076697546875 0.718794215625 0.8046240093750001 0.7238491171875 0.8034978984375 0.7409100453125
0 0.7299944609375 0.7793448421875 0.7231588515625 0.7883158734375 0.7231034234375 0.7960038546875 0.7195292640625001 0.80478423125 0.7317755218750001 0.810570821875 0.7380550046875001 0.8091692546875 0.782983234375 0.7341289718749999 0.790646103125 0.7147647359375 0.789338021875 0.6875012625 0.767982240625 0.693035384375 0.7549502953125 0.6918760109375001 0.7499156234375 0.6945348609375 0.7385321828125 0.7082052515624999 0.7367312453125 0.714517434375 0.7399095515624999 0.72585875 0.7386231671875 0.7303674515624999 0.7234637203125 0.7460319796875 0.729485928125 0.7455321546875 0.7299944609375 0.7793448421875
0 0.7580611328125 0.78213764375 0.7576791390625 0.8003373406250001 0.7472970875 0.814244759375 0.747457359375 0.826796984375 0.7496897031249999 0.8302132906249999 0.7572139953125 0.8300690078124999 0.7741605218750001 0.8100142921875 0.7790072046875001 0.79864720625 0.782783209375 0.796653071875 0.7921994234375 0.81235880625 0.7969629609375 0.8125236921875001 0.8005232609374999 0.8056653109375 0.7937985125 0.7992603828125 0.789430828125 0.778973803125 0.7618509953125 0.778221509375 0.7580611328125 0.78213764375
0 0.8474482546875001 0.7667152515625 0.8248476625000001 0.7709920921875 0.822330325 0.7723215156250001 0.8217741999999999 0.7798909828125 0.8239511140625 0.7909952687499999 0.8216217671875 0.8010329296875 0.8240698140625 0.8093134781250001 0.8352453921875 0.8244730171875 0.8399179437500001 0.8024757031249999 0.8460510109375001 0.7865999140625 0.8474482546875001 0.7667152515625