0 0.7148589328125 0.8768768921874999 0.7170847328125001 0.8915492859375 0.7218474125000001 0.8977184875 0.7326817265625001 0.8927586 0.7674849625 0.9070569203125001 0.8027201500000001 0.9426551312499999 0.809789675 0.937403340625 0.8229837718749999 0.91039336875 0.8350492796875001 0.8939290890624999 0.8415032046875 0.8944294953125 0.85595005 0.8810498140625 0.8633025406250001 0.868086728125 0.8703720625000001 0.8628349375000001 0.869604209375 0.8598754375000001 0.8728063390624999 0.8552904437500001 0.8824624 0.8512058546875 0.8982894218749999 0.8553329671875 0.905999371875 0.8491641781249999 0.9183942296875 0.8549584859375001 0.922877215625 0.8485394921875 0.9249788625 0.8390358984375 0.925774828125 0.8265311078125 0.9185282125 0.81823600625 0.9136877671875 0.8178607015624999 0.9109456921874999 0.8282812937499999 0.8994957828125001 0.8389933765625001 0.8878687812500001 0.8361585671875 0.88042024375 0.809481378125 0.880218321875 0.7910992875 0.8584784781250001 0.7662139828125001 0.8502307 0.772341071875 0.8379384421875 0.765588065625 0.8271537890625 0.7802183484375 0.8189837796875 0.7805515390625 0.814964128125 0.772506640625 0.8128409265625001 0.756875546875 0.7997808125 0.7471630421875 0.7936627890625 0.7283222453125 0.789335340625 0.7231534453124999 0.7825736156249999 0.7255291390624999 0.7754295984375 0.7162753375 0.75432690625 0.710772521875 0.7464614171874999 0.72852910625 0.7382136421875 0.73465619375 0.7334973484375 0.7584568765624999 0.7322909875 0.7747964656249999 0.742099309375 0.7794235703125 0.74821733125 0.7982643671874999 0.758896109375 0.8048922734374999 0.76496446875 0.8140626718749999 0.766036846875 0.8344455609375 0.7696212703125 0.841490059375 0.77115370625 0.8677085468750001 0.7674385781249999 0.8770870390625 0.758730740625 0.87737853125 0.752917240625 0.8759611250000001 0.7508437 0.8700004265624999 0.718421803125 0.8587867046875 0.7148589328125 0.8768768921874999
0 0.6340131999999999 1 0.6402155828125 0.98655531875 0.6508976359374999 0.9728837374999999 0.66185938125 0.971800346875 0.6711828125 0.965756659375 0.677587078125 0.9565866703125 0.6849892296875 0.953293978125 0.7009685109375 0.9661327843749999 0.7049385015625 0.9645072890625 0.7085510312500001 0.9560874984375 0.7097822234375 0.9445831046875 0.705199915625 0.9316613078125 0.7045627624999999 0.9122788187499999 0.697521346875 0.90206631875 0.677264278125 0.8937291046875 0.660411265625 0.8991889875 0.6496266125 0.9138192703125 0.64399675625 0.8853497812500001 0.629988415625 0.879430371875 0.624330453125 0.866425175 0.6220020515625 0.8527114796875 0.605945003125 0.8456665703124999 0.5958785437499999 0.8535859562500001 0.5647342234375 0.8608377234375 0.56102236875 0.8499167265625 0.54772895 0.8575859109374999 0.5430440390625 0.8456228140625001 0.537127940625 0.8451641109375 0.530621075 0.8552927968749999 0.5290291468749999 0.8803023812499999 0.5188319828125 0.9046447578125001 0.5103293453125 0.903018853125 0.5026475031250001 0.8937233515624999 0.49785671875000004 0.9030184390624999 0.4952420734375 0.9173155312500001 0.48848034843750004 0.9196912218750001 0.48722432656250003 0.9263604187500001 0.49050095000000005 0.9362810156249999 0.503589175 0.9305292312500001 0.506327971875 0.9404081281250001 0.509017109375 0.9406166296875 0.518545740625 0.9326555421875 0.525102265625 0.9321972484375 0.5424898312499999 0.9470785562499999 0.5447934 0.9559570531249999 0.54054044375 0.9652938437499999 0.54307404375 0.9770901375 0.5427133078125 0.9905953296875 0.5497807625 1 0.6340131999999999 1
0 0.45264964531249996 0.7984476578125 0.4598747046875 0.7816080734375 0.484055378125 0.7583499078125 0.4907145046875 0.756932915625 0.5054972546875 0.725212846875 0.5060102515625 0.72041935 0.4973305234375 0.7052465531250001 0.49973996875 0.6928668609375 0.5060416359375 0.6846555703125 0.5071453984375001 0.6692746796875 0.5020500921875 0.66114638125 0.477720434375 0.6553933625 0.4681173109375 0.6488488578125 0.46181564374999995 0.6570601484374999 0.45162175624999995 0.6611030359375001 0.4523118453125 0.66985643125 0.4495697703125 0.680277021875 0.43074581562500003 0.6788175078124999 0.4196318109375 0.6711892015625 0.41279559218750006 0.659059303125 0.4058071140625 0.6382177078125 0.40519479531249997 0.623670415625 0.40271085937500006 0.621544515625 0.39681958906250003 0.6259210078125 0.3942827125 0.6344242015625 0.396356253125 0.6403848984375 0.39566288906249997 0.6519309921875001 0.40139862031250007 0.6591422921875 0.4014731125 0.673647884375 0.3885123203125 0.6832761671875 0.37936925625 0.6825672593750001 0.374681071875 0.69090365 0.3709130046875 0.7109112359374999 0.375060084375 0.7228326328125 0.3827170953125 0.7272929359375 0.386994884375 0.7227913421875 0.39408923906250004 0.72237475 0.40315453437500004 0.728877553125 0.410528578125 0.7410491546875 0.41326409999999997 0.7712275390625 0.4185397734375 0.7726032421875 0.42708879531250005 0.8041990328124999 0.4366919171875 0.8107435374999999 0.446372809375 0.8114941468750001 0.4517262515625 0.8070759546874999 0.45264964531249996 0.7984476578125
0 0.6557164359375001 0.664361015625 0.665885490625 0.6554829296875 0.66668145625 0.6429781375 0.6707043828125 0.630723546875 0.6648412203125 0.6196357484374999 0.657824634375 0.6142584453125 0.6554184671875001 0.6063386484375 0.6548558078125 0.6014617515625 0.6603896171875 0.5902909609375 0.6601099265625 0.57770276875 0.645588590625 0.57657685625 0.6356528390625 0.5680732515625 0.6249459546875 0.5769096390625 0.5986701875 0.5690724203124999 0.5936742046875 0.5802849078125 0.592007784375 0.5907889015625 0.5845030328124999 0.5950402921875 0.580943440625 0.5928309890625 0.5776171546875 0.5732399984375001 0.5733145359375 0.5729063953125 0.5596355484375 0.589245571875 0.556560846875 0.5977070640625 0.5545617984375 0.606251959375 0.5565824 0.6228417515625 0.5599616234375 0.6318036484375 0.5715637953125 0.6298032609375 0.577504725 0.6350971624999999 0.5898682 0.67665525 0.5908660859375 0.682532546875 0.5877665515625 0.6861588421875 0.63109398125 0.72721775625 0.6408774703125 0.727009665625 0.64963824375 0.7160890796875 0.6548923640625001 0.6923300984375 0.6508230515625 0.6746148046875 0.6557164359375001 0.664361015625
0 0.34027323125 0.6070368687500001 0.3445261890625 0.597700078125 0.3403013390625 0.591572578125 0.34452946406249996 0.577400590625 0.358258115625 0.5707318046875 0.36540540625 0.5596861171875 0.3692760734375 0.5387198328125 0.367895896875 0.5212130421875 0.3645415046875 0.5170863406249999 0.3621849953125 0.5188369390625 0.3500482734375 0.5004961359375 0.32961083750000003 0.4989115203125 0.3241018578125 0.51491750625 0.3213316765625 0.540802390625 0.300636103125 0.5517642656249999 0.2923138328125 0.5433857625 0.2798974203125 0.51245676875 0.2704713890625 0.51945915625 0.2709778328125 0.5552646375 0.2864192875 0.56806174375 0.29633020781249997 0.5717301484374999 0.302883459375 0.5915713453125 0.30226786250000004 0.5973235406249999 0.2981952734375 0.599907734375 0.2970666796875 0.610453428125 0.29278889375 0.614955021875 0.31073911718749997 0.6347132265625001 0.3240821984375 0.6367144359375 0.33350822812500003 0.62971205 0.3418089453125 0.612955865625 0.34027323125 0.6070368687500001
0 0.1698569875 0.9224861375 0.1795627109375 0.9280719421875 0.19180530625 0.9251545562500001 0.1960830953125 0.9206529625 0.20054124999999998 0.9093987703125 0.20061901875000002 0.9036048750000001 0.2166048515625 0.8758447046875 0.2291552484375 0.8700512203124999 0.23184766093750003 0.849960234375 0.225474778125 0.82336644375 0.23006036562499999 0.8159887515625 0.2392811984375 0.8109037640625001 0.2522916515625 0.810945875 0.2551611546875 0.80440178125 0.261590253125 0.8000669890625 0.26143799218749997 0.7913552921875 0.254831803125 0.7821431921875 0.2425643765625 0.7802253828125 0.2308596046875 0.7831844703125 0.221026453125 0.77372216875 0.22328363750000002 0.7526307812499999 0.218085734375 0.7454611812499999 0.217165615625 0.7337899875 0.22095851406250003 0.7186176 0.21532538125 0.7104475984375 0.21425300468750003 0.690064709375 0.21251209218749997 0.686063109375 0.2018581453125 0.6842704015625001 0.1970706375 0.673266003125 0.190999 0.6843950921874999 0.18521033125 0.687812884375 0.17993465625 0.6864371796875 0.176247634375 0.6803513828125001 0.17112422031250002 0.687687371875 0.1642317875 0.7064860562499999 0.1607996265625 0.7081532515625 0.1572152046875 0.701108753125 0.149632684375 0.711154040625 0.150117575 0.721824834375 0.1531393375 0.7239924359375001 0.15631336406250002 0.7348717312499999 0.153341259375 0.742374525 0.142326578125 0.754087009375 0.14012233125 0.7645493 0.142195871875 0.77051 0.14780417343750002 0.7738448015625 0.14731273125 0.8037729859375 0.1657511203125 0.8139024953125 0.1677187859375 0.84112138125 0.166024259375 0.8670896656249999 0.1727016609375 0.911106846875 0.1698569875 0.9224861375
0 0.49652938750000003 0.591119215625 0.503061084375 0.5858257250000001 0.5111069374999999 0.561316546875 0.5307797953125 0.539642175 0.531600590625 0.53197258125 0.5355457484375 0.5255118875 0.5429727328125 0.5270543937500001 0.546762353125 0.53218149375 0.5550101296875 0.5260544046875 0.554652671875 0.519260109375 0.5465356 0.50896420625 0.546485940625 0.49929381250000004 0.5388537578125 0.49966870625000004 0.5304288890625 0.49224890156249995 0.5253832453125 0.49379099687499994 0.5214380859375 0.5002516890625001 0.5159572140625001 0.500793384375 0.5147011921875 0.5074625796875 0.50382799375 0.5153194140624999 0.494493784375 0.5087957609375 0.49708359843750005 0.48966347343749994 0.4944474 0.47882587968749996 0.4989055546875 0.4675716875 0.4938880171875 0.45364949218749995 0.48098016250000003 0.45264868125 0.46748154375000006 0.4622352625 0.4615125046875 0.47240565312499994 0.46186996406249997 0.4791999484375 0.46824612343750005 0.4854942515625 0.46765535781249995 0.49608164375 0.4621215484375 0.5072524328125 0.4590997828125 0.50508483125 0.45407896875000003 0.5114621234375 0.45346337343750004 0.5172143203124999 0.4677265734375 0.5308867234375 0.4728467078125 0.5438502203125 0.46943937968749994 0.5503526140624999 0.462472453125 0.5546457046875 0.4621894875 0.5623570015625 0.4853376140625 0.58928480625 0.49652938750000003 0.591119215625
0 0.5395883359375 0.39146036875 0.5482465109375 0.38149848125 0.5531117859375 0.3867089828125 0.5643035609375 0.3885433921875 0.567887984375 0.395587890625 0.5764932203125 0.3962550984375 0.5482746171875 0.36603419062500003 0.537312875 0.36711757968750003 0.5327769484375 0.384165665625 0.5240161750000001 0.395086253125 0.5047321625000001 0.3877911390625 0.4959217265625 0.38904133125 0.48223946250000005 0.425679996875 0.48303215 0.43347469375000003 0.49238041250000003 0.432266203125 0.5009078796875001 0.4387273078125 0.5056953875 0.44973170468749996 0.5227006609375 0.45298351875 0.533071640625 0.462487521875 0.537374259375 0.46282112499999994 0.5433681265625 0.457485934375 0.554821315625 0.42647436250000004 0.5534908 0.4186379640625 0.538381975 0.40779995625 0.5371540593749999 0.3990048625 0.5395883359375 0.39146036875
0 0.7555766 0.4913393015625 0.793312109375 0.427565971875 0.804249021875 0.4216473859375 0.8020728828125 0.4166453859375 0.7816106125 0.41022557187500003 0.772927609375 0.4153522609375 0.764959521875 0.43406754375 0.74577483125 0.44611321875 0.739398671875 0.43981891875 0.7381210968749999 0.4213534265625 0.72997919375 0.406222328125 0.7191448796875 0.41118221562499996 0.7114597609375 0.422186203125 0.7070760984375 0.4479459828125 0.7085588734375 0.464494075 0.7003110968749999 0.4706211640625 0.688273696875 0.47162115312499997 0.6876796546875 0.502508034375 0.6902132546875 0.51430433125 0.6935428171875 0.513595834375 0.70099790625 0.49967405 0.708194859375 0.4982987546875 0.72581245625 0.5160978625 0.7400259921875 0.5200998734375 0.7522189296875 0.5075120906249999 0.7557288609375 0.500050996875 0.7555766 0.4913393015625
0 0.7919703828125 0.6478591437500001 0.8054690015625001 0.6382725625 0.809771621875 0.6386061671875 0.802114609375 0.6341458609374999 0.8010141234375 0.6292272640625 0.789104153125 0.63410375 0.7832409921875 0.6230159515625 0.7871613187500001 0.6117200609375 0.79840603125 0.6029253765625 0.8087306265624999 0.5824594984375 0.815184553125 0.5829599015625 0.8211784218749999 0.5776247109375 0.8201557062499999 0.5669122171875001 0.8135495171875 0.557700115625 0.8062499640624999 0.5600341078125 0.7991307796875 0.5556155046875 0.79659718125 0.5438192078124999 0.79078368125 0.5424018046875 0.7875599921875 0.5218521125 0.78407816875 0.513848915625 0.770887346875 0.5205593984375 0.762229171875 0.5305212859374999 0.756313071875 0.5300625796875 0.746858934375 0.5525292609375 0.7396868125 0.55873975 0.737202875 0.5566138484375001 0.735950128125 0.5429835546875 0.7227593062500001 0.5496940390625 0.7181737203125 0.55707173125 0.7170451265625 0.5676174234375 0.7199891234375 0.5755789234375001 0.719140221875 0.598712809375 0.7220593875 0.601839109375 0.7190872828125 0.609341903125 0.7191369453124999 0.619012296875 0.7272291859375 0.6244730015625 0.7269213875 0.6273491 0.74384889375 0.636394809375 0.768610503125 0.663447715625 0.7772405703125 0.6689501203125 0.78325926875 0.668450125 0.7883826828125 0.661114134375 0.7919703828125 0.6478591437500001
0 0.9441914671875 0.52776355 0.9364070234374999 0.5194267499999999 0.9372278171874999 0.5117571546875 0.9414030062500001 0.5082142593750001 0.936127334375 0.5068385578125 0.93221028125 0.4978349578125 0.9253211265625 0.49633415156250005 0.9146175187500001 0.48487105 0.9135170328125 0.47995245156250005 0.9006588390625 0.48862203437499996 0.8864204703125 0.479784828125 0.8718710265625 0.4941232078125 0.8562988656250001 0.497749090625 0.8469009421875 0.4892871875 0.8438758999999999 0.507419071875 0.8345524687499999 0.5134627625 0.85782475 0.5645665531249999 0.8546971093750001 0.5836571390625 0.8869882984374999 0.6112938531250001 0.8960039343749999 0.6081262625 0.8950060484375 0.6022489656250001 0.900026859375 0.5958716734375 0.9053058109375 0.5769478875 0.9156552359375001 0.56131720625 0.932125959375 0.54422783125 0.9423198484374999 0.540184940625 0.9450867515624999 0.5345995484375 0.9441914671875 0.52776355
0 0.2642292140625 0.476442375 0.2645089046875 0.48903056874999995 0.25190557187499996 0.505453146875 0.2549521671875 0.5124559468750001 0.2594599828125 0.510872153125 0.267884853125 0.51829195625 0.2705988203125 0.5233356546875 0.269547996875 0.52808745 0.2819180234375 0.5290465609375 0.28389551874999996 0.49536698125 0.2903775515625 0.4804030984375 0.291173515625 0.46789830468750004 0.3005747171875 0.45606072031249995 0.30736455 0.4382207359375 0.3181740328125 0.42842565156249995 0.3172787453125 0.421589653125 0.31084965000000003 0.42592444531250007 0.30524134687500004 0.42258964218750006 0.2965217859375 0.33684798437499996 0.2980078390625 0.3330965859375 0.2943985859375 0.32121689062500003 0.2972184265625 0.3050024046875 0.3039304921875 0.2929563171875 0.294942965625 0.2806596140625 0.292253828125 0.2804511125 0.2850039375 0.29245549843749996 0.2779344125 0.297707290625 0.25883076875 0.28365958125 0.24433098593749997 0.3076683546875 0.2415359734375 0.3287180390625 0.24447997031250002 0.3366795375 0.24378660624999998 0.34822563125 0.24801145624999998 0.35435313125 0.25013465625000003 0.36998422343750004 0.24183394218749998 0.38674040625 0.2493105859375 0.39795330624999997 0.24697890781249998 0.40453910156250006 0.2380658734375 0.406747990625 0.23680985156249998 0.4134171875 0.24571960937499998 0.4315077859375 0.249916353125 0.453099575 0.25974950625000004 0.4625618796875 0.2642292140625 0.476442375
0 0.4450829953125 0.3928327828125 0.413478615625 0.39424895625 0.4015686453125 0.399125440625 0.39306600937499997 0.3974995359375 0.38973644531249996 0.39820803125 0.3759548578125 0.41550590937500004 0.3714222109375 0.41225450625000004 0.36529763437499996 0.4340126890625 0.37400547031250003 0.4337211984375 0.3850168765625 0.44230820312499997 0.3978436875 0.4694023984375 0.4095203484375 0.4819076015625 0.4169473328125 0.48345010625 0.42570810625 0.472529521875 0.42996434062500005 0.44289324218750004 0.44515420937499994 0.4276378625 0.44723102656249997 0.41329907343750005 0.454788715625 0.39841858750000003 0.45140949218750004 0.3894566921875 0.4476447 0.3891647875 0.4450829953125 0.3928327828125
0 0.3849953234375 0.41717351718750006 0.3856886890625 0.40562742343749997 0.3966785390625 0.38907974218749997 0.3963988484375 0.37649155 0.39873052656249997 0.36990575625 0.40482699218749996 0.363611865625 0.40946224062500003 0.3659045671875 0.422858259375 0.35727668437500004 0.420632459375 0.34260428906249996 0.4162801796875 0.3326002921875 0.388829434375 0.305338884375 0.3868336625 0.2935842890625 0.3766430515625 0.2773276890625 0.3706243515625 0.27782768281250003 0.361760978125 0.28970696875 0.3450883328125 0.28841425468750004 0.34319188437500003 0.29600045 0.350643696875 0.30237815156250003 0.35543120625 0.31338255 0.35655652031249996 0.32313634375 0.35230356406249996 0.332473134375 0.34597706562499997 0.335849228125 0.34546406875 0.34064272500000004 0.35972727031249996 0.35431513125 0.3676639734375 0.3713636265625 0.3662524125 0.389620615625 0.361641996875 0.3921631109375 0.3753144328125 0.41642290937500004 0.3793092515625 0.4196326109375 0.3849953234375 0.41717351718750006
0 0.665856871875 0.35678449843750004 0.6696746 0.346447309375 0.66404146875 0.3382773078125 0.6545906046875001 0.3404445 0.6442196265625 0.3309404953125 0.6124067703125 0.354573553125 0.6061580421875 0.35215575 0.6005994015625 0.3584913421875 0.5999060375 0.3700374328125 0.6090739328125 0.3755815375 0.6148344953125 0.38762803749999997 0.6172903265625 0.40521822968750004 0.613497428125 0.42039061718750004 0.6295793062499999 0.43227072343749995 0.6361358328125 0.43181243125 0.64261786875 0.41684854531250004 0.6508656453125 0.41072145468750004 0.6578855078125 0.39579927187499997 0.669385078125 0.39475757968749997 0.6719467859375 0.3910895859375 0.670669209375 0.37262409375 0.665856871875 0.35678449843750004
0 0.7094920953125 0.3949673171875 0.714693278125 0.381837428125 0.7151814437499999 0.372208734375 0.687830021875 0.364288115625 0.6805553 0.3714573046875 0.6757364078125 0.3962166859375 0.677194353125 0.4079295796875 0.70293229375 0.41572509843749994 0.7080805359375 0.4132243046875 0.7094920953125 0.3949673171875
0 0.6793868734374999 0.3114341375 0.6724480578125 0.3002629375 0.66514850625 0.3025969296875 0.6650707359375 0.30839082812499996 0.67060126875 0.31751952656250004 0.6677814265625 0.3337340140625 0.670162765625 0.3368186140625 0.6684715156250001 0.342487409375 0.6703150265625 0.3455303109375 0.6920084859375 0.3404457328125 0.69521061875 0.3358607390625 0.696441809375 0.32435634375 0.70059216875 0.31597825468749996 0.7017985296875 0.2996386625 0.6891984734375 0.2957617546875 0.6841247218750001 0.31276814062499997 0.6793868734374999 0.3114341375
0 0.060129878125 0.6607149890625 0.08023468593750001 0.6603405078125 0.0838191109375 0.6673850078125 0.0839962015625 0.6809318984375 0.0963662265625 0.6818910093749999 0.10504595624999999 0.697063809375 0.1180315796875 0.692270721875 0.128713634375 0.6785991390625 0.13967865468750001 0.6572162625 0.1400145609375 0.6388758734375 0.15589451875 0.632373890625 0.1588666234375 0.6248710984375 0.1588947296875 0.60940680625 0.16132900625 0.6018623125 0.1767737359375 0.5943599296875 0.1856122796875 0.5776454484375 0.1794694265625 0.5539694578125001 0.1658963140625 0.5490504453125 0.153756315625 0.551009134375 0.15432225 0.53558654375 0.1517108828125 0.5295841453125 0.145384384375 0.5329602375 0.1358838625 0.5254570328125 0.1357316015625 0.5167453390625 0.12584551093750002 0.5179121296875 0.1208776359375 0.5136603281250001 0.118521128125 0.5154109234375001 0.11844335937499999 0.521204821875 0.1125769203125 0.530416509375 0.10709277187499999 0.5512576953125 0.1023019875 0.560552784375 0.0902397578125 0.556717575 0.0829650359375 0.5638867656250001 0.082246840625 0.5705976609375 0.093796075 0.5792263656250001 0.095791846875 0.5909809625 0.10219283593749999 0.602110459375 0.10572432031250001 0.619784053125 0.1060288421875 0.63720744375 0.0996245765625 0.646377434375 0.084133459375 0.6239099312499999 0.069176896875 0.6217836203125 0.0630026578125 0.6338714078125001 0.0621818640625 0.6415410015624999 0.0587745328125 0.648043396875 0.059029392187499995 0.6557963906250001 0.060129878125 0.6607149890625
0 0.15576847031250002 0.4612662890625 0.1547986921875 0.4399247 0.15036864375 0.435714596875 0.1441447453125 0.4381319921875 0.1416359765625 0.43117089374999995 0.14361019531250002 0.41779080312500005 0.15844260625 0.395741128125 0.1514508515625 0.395199021875 0.1493243734375 0.39986741718749996 0.142997875 0.4032435109375 0.1350049578125 0.4171235953125 0.12850136875 0.4069527953125 0.1286817359375 0.4002002 0.12274080624999999 0.394906296875 0.12141029218749999 0.3870699015625 0.11613461875 0.385694196875 0.11255019531249999 0.378649696875 0.10632629687499999 0.381067090625 0.1020452328125 0.405868171875 0.0909031203125 0.41370415781250003 0.0863671953125 0.43075224375000004 0.0754832203125 0.4260417375 0.06992785625 0.412077840625 0.057299692187499994 0.423665221875 0.050612460937500006 0.44054650625 0.0495086984375 0.4559273984375 0.063821559375 0.47927019687500005 0.0665603578125 0.48914909375000004 0.077801790625 0.5006538968750001 0.0802079625 0.50857369375 0.0788493390625 0.5162015890625 0.083431646875 0.5291233859375 0.0977726171875 0.5370018937500001 0.11106603906250001 0.529332709375 0.13524998906250002 0.48577505781249997 0.1479278140625 0.48385806875000004 0.16001815 0.47222898593749996 0.1607363453125 0.465518090625 0.15576847031250002 0.4612662890625
0 0 0.42506654531250004 0.039048226562499996 0.36618413906249997 0.051166670312499996 0.339090765625 0.039567775 0.32079166406250004 0.0324485890625 0.31637306249999997 0.0269147796875 0.32754384999999997 0.0184121421875 0.32591794375 0.0104721625 0.32916893593749996 0.002507353125 0.32758472968749996 0 0.3250817453125 0 0.42506654531250004
0 0.1811967203125 0.3250062890625 0.182608278125 0.3067493 0.193828159375 0.29311941875 0.1772332828125 0.28603280625 0.1601999 0.298245284375 0.1528755171875 0.29574408124999996 0.14918849375 0.2896582796875 0.14037805781249998 0.290908471875 0.137073328125 0.2964521671875 0.1381738109375 0.30137076406249996 0.12913007031249998 0.3200026453125 0.12198605625 0.3107488453125 0.11373827968750001 0.316875934375 0.112917484375 0.324545528125 0.11744685625 0.34809641875 0.1307121703125 0.3558915265625 0.1376509875 0.3670627265625 0.1401068171875 0.38465291874999996 0.146150346875 0.388988121875 0.15611420625 0.382027434375 0.16198064375000001 0.37281574375000004 0.163134065625 0.36710524843750003 0.16116312500000002 0.36018585000000003 0.16316217500000002 0.35164095781250004 0.169463840625 0.3434296671875 0.17686599218750002 0.3401369765625 0.1811967203125 0.3250062890625
0 0.8979002890625001 0.3167767265625 0.8762564906250001 0.3315317015625 0.876383921875 0.335408196875 0.8872927265625 0.3449539015625 0.8885206437500001 0.3537489984375 0.8829090640624999 0.37071368437499996 0.8839069500000001 0.37659098125 0.9023453375000001 0.3867204921875 0.9088770359374999 0.381427 0.9155642687500001 0.3645457171875 0.917743684375 0.3492482265625 0.913801803125 0.33540943125 0.9157230828125 0.332658434375 0.913009115625 0.3276147359375 0.9076945562500001 0.3291359796875 0.8979002890625001 0.3167767265625
0 0.8656208218750001 0.375173165625 0.8657266984374999 0.35391497968749996 0.8511936375 0.266755915625 0.845585334375 0.2634211125 0.8312940281250001 0.26521300000000003 0.8313436890625001 0.27488339375000004 0.8283715859375 0.2823861859375 0.8315456109375001 0.2932654828125 0.8177359171875 0.3260276515625 0.812025015625 0.323651546875 0.820729575 0.34365954374999996 0.820216578125 0.34845304062500004 0.8126340593749999 0.3584983296875 0.8119158640625 0.36520922499999997 0.81770125625 0.38209092031249997 0.8215934765625 0.38625931874999997 0.8348339625 0.38921923125 0.853604978125 0.4013078390625 0.8656208218750001 0.375173165625
0 0.870891325 0.2499167421875 0.8673565625 0.2525426375 0.86225798125 0.26471382656250003 0.8669677203124999 0.28151212187499997 0.8601778875000001 0.2993521046875 0.8623540265624999 0.304354103125 0.8897054499999999 0.31227472343749996 0.9019761546874999 0.2938930453125 0.9110943875 0.28976675625000003 0.9103017015624999 0.28197205937500003 0.9055638546875 0.28063805625 0.8901439546875001 0.2929756359375 0.8872247906249999 0.289849334375 0.8869450984375 0.27726114062499996 0.8782157078124999 0.25241794687499997 0.870891325 0.2499167421875
0 0.9482508562499999 0.32261396875 0.9484841625 0.3052322796875 0.9525600265625 0.282348596875 0.9356292453125 0.29360237499999997 0.9299680046875001 0.300896665625 0.9283015859375 0.311400659375 0.92179471875 0.321529346875 0.9193604421874999 0.3290738390625 0.9213065531250001 0.3311580390625 0.9417936515625 0.342413053125 0.9482508562499999 0.32261396875