0 0.8735264390624999 0.19666206718749998 0.9013067078124999 0.18627516875 0.9092252828125 0.16935408125 0.9089576765625 0.16150906874999998 0.8914710796875 0.1488017203125 0.8828420640625 0.1521149890625 0.8640803046875 0.1435353234375 0.8598948343749999 0.13814614218750002 0.8675505687499999 0.124348365625 0.8656963875000001 0.113306575 0.8578996999999999 0.1067293578125 0.8378627812499999 0.1022773765625 0.821748490625 0.1063378890625 0.8118005078125 0.11429939375 0.8071598312500001 0.1253443328125 0.800226909375 0.130553 0.7928730546875 0.1297385859375 0.7867067484375 0.12583759375 0.7745979359375 0.1264011734375 0.7498498640625 0.1228066328125 0.7460196140625001 0.12422135781250002 0.7441844984375 0.15705286875 0.7376677375 0.15731629062500002 0.7346745796875 0.15980885312499998 0.7311995515625 0.1680274859375 0.738027725 0.175088525 0.7725047453125 0.173324321875 0.7747531890625 0.1796811421875 0.793602559375 0.187219703125 0.8439357953125001 0.19548662187500002 0.8735264390624999 0.19666206718749998
0 0.52783151875 0.21426738125 0.540159365625 0.211101040625 0.553849984375 0.2027659140625 0.5538890265624999 0.1912770359375 0.55058445625 0.1864451390625 0.54151260625 0.18399560312500002 0.5192224796875 0.1622184734375 0.52062429375 0.145560809375 0.5299104109375 0.134439259375 0.5137475453125 0.128052 0.5054251796875 0.12772140468749998 0.49780848281249995 0.13003030468750001 0.48605012812500004 0.12642947031250001 0.48015142656250004 0.130373490625 0.458177478125 0.1268891453125 0.44827330156249995 0.1343301 0.43435888125 0.1342996625 0.4293848890625 0.13828041562499999 0.428464946875 0.1492120078125 0.44340122187500003 0.1701747234375 0.429540140625 0.1915603828125 0.413601078125 0.193538690625 0.4087147 0.19647833750000002 0.40083993125 0.212878875 0.42268722500000006 0.228893196875 0.4576508875 0.23237124687500002 0.4699349265625 0.2297254578125 0.47614027343750004 0.2221375734375 0.4838445796875 0.218787571875 0.52783151875 0.21426738125
0 0 0.1208237140625 0.0036689437499999996 0.1255478203125 0.024280115625 0.1342009515625 0.033833837500000005 0.1309244125 0.039202090625000005 0.1222586921875 0.057209601562500004 0.117751090625 0.0692308015625 0.118228615625 0.077246521875 0.1222030734375 0.1029193015625 0.125834346875 0.133478459375 0.1265259734375 0.15870840625 0.1243944421875 0.17693494999999998 0.11728408125 0.1800157203125 0.11375041562499999 0.17943669843750001 0.09858094218749999 0.18982274999999998 0.085413915625 0.221126621875 0.07725615625 0.227424346875 0.07959549375 0.23354208125000003 0.07304871093750001 0.23323066875 0.06572425312499999 0.225696821875 0.056023721875 0.1933758625 0.05421752656249999 0.18752096875 0.057640996874999996 0.1745312546875 0.0576472921875 0.1639214046875 0.0624487515625 0.150887884375 0.0629755984375 0.1446387328125 0.0710840359375 0.1371534578125 0.071831278125 0.12094678750000001 0.065964571875 0.11429384218750001 0.056821325 0.0887524828125 0.0516283953125 0.0817490828125 0.046649567187500005 0.0663795078125 0.041860696875 0.0515841875 0.041272975 0.039957248437499995 0.0361104828125 0.006317321874999999 0.0389525234375 0 0.114020771875 0 0.1208237140625
0 0 0.278032715625 0.006178859375 0.27763454374999996 0.0138198390625 0.28054953125000004 0.0077459140625 0.286575759375 0.0103448109375 0.2887681671875 0.01509976875 0.2873901734375 0.0343434015625 0.2902437671875 0.030474109375000002 0.30314736875000003 0.0151093015625 0.3093268234375 0.015595940624999999 0.3145690765625 0.028721840625 0.32396945 0.04276768125 0.32243823125 0.0756971671875 0.30598837031250004 0.11026308437500001 0.306839159375 0.12620563125 0.312173084375 0.15702762812499999 0.30974139375 0.17379901874999998 0.2978726015625 0.17344379999999998 0.29106869375 0.1604493203125 0.2801066625 0.16603660625 0.2688381828125 0.1627320375 0.2640062828125 0.149255684375 0.2587703265625 0.140665709375 0.25059472031249996 0.129393990625 0.2522361359375 0.1269750859375 0.258929846875 0.10839332187499999 0.259236296875 0.10302030312499999 0.25693369375 0.0790217140625 0.25545809531249997 0.064844453125 0.25855096875 0.058721953125000004 0.2541294234375 0.0631216921875 0.24594752187500002 0.0479273421875 0.23907644375 0.04475419375 0.23268288906249998 0.0350204765625 0.2270733109375 0.002344296875 0.21846320624999999 0 0.2186972328125 0 0.278032715625
0 0.5746640734375 0.3743822625 0.5875661734375 0.37541706874999997 0.606366971875 0.37250785937500003 0.609092521875 0.362170284375 0.5960980421875 0.3512082546875 0.5879070937499999 0.3493160046875 0.572980353125 0.3502899390625 0.5632514015625001 0.3556486828125 0.5463876328125 0.35759025625 0.5347654609375 0.3633960890625 0.501602640625 0.34954373437499997 0.466682784375 0.3455451328125 0.45910513281250004 0.33636515624999996 0.4457601984375 0.3295675421875 0.441530921875 0.3246989109375 0.406348225 0.323823621875 0.3987753390625 0.32561196875 0.3890901953125 0.3304501640625 0.38094782031249996 0.3390056859375 0.38936733437500004 0.3602318265625 0.3981325359375 0.36632522343749996 0.4111755890625 0.38773502656250003 0.40664443125 0.397478584375 0.4346970703125 0.40590502656250005 0.4457545234375 0.41783469375 0.4681274984375 0.42760239375 0.47367574375 0.4278227890625 0.48349230781249997 0.42142293906250006 0.5091650859375 0.4250542125 0.518675 0.422298228125 0.5493122406250001 0.4000120984375 0.5592116500000001 0.38160282031250004 0.5746640734375 0.3743822625
0 0.8181783499999999 0.4023357296875 0.9060646125 0.394336453125 0.9339324937500001 0.3829084515625 0.9426348234375 0.3456491015625 0.9228559765625001 0.327105484375 0.9305069453125 0.30233938125000004 0.928214696875 0.2965031109375 0.91689440625 0.28769675625 0.8996316078125 0.2833549734375 0.8825926125000001 0.287378753125 0.8719779953125 0.2812118890625 0.8531333890624999 0.284641653125 0.8392627750000001 0.28409066250000004 0.8255721546875 0.2924257890625 0.8170793265625 0.3051457296875 0.7841888781249999 0.31010671093750003 0.7669746546875 0.3162127 0.758442784375 0.34042151718749997 0.76183496875 0.34421231093750004 0.7699821109375 0.3466251125 0.7739923546874999 0.3540965046875 0.7661566265624999 0.3590081625 0.752602190625 0.376749959375 0.761459775 0.3927705796875 0.772074390625 0.3989374421875 0.7793844375 0.40027240624999993 0.8181783499999999 0.4023357296875
0 0.9280033765625 0.519513475 0.90977683125 0.526623834375 0.8724818796875 0.52879839375 0.8564552046875 0.531817803125 0.8483080624999999 0.529405 0.843241690625 0.5234585328125 0.81919929375 0.5225034828124999 0.8126387265625 0.5232874609375 0.7951616625 0.5325167609375 0.7953854625 0.5408823265625 0.7890486953125 0.5500318656250001 0.7786140703125 0.5527511203125 0.7736400812500001 0.5567318718750001 0.7684470546875 0.5633153859375 0.767614728125 0.5732058734375001 0.7773094031250001 0.5903043296875 0.7915352375 0.5976592265625 0.8014879875 0.600666046875 0.80536204375 0.5987307687500001 0.81742705 0.598687740625 0.8335899109374999 0.6050750015624999 0.8377801484375 0.621432509375 0.8436836140624999 0.6284568125 0.853767784375 0.6299019765625 0.8653947234375 0.6350644703125 0.8879819671875 0.6312610828125 0.8943211140624999 0.6275957062499999 0.909907340625 0.6242976546875 0.906072325 0.6147440546875 0.9107787093749999 0.6029182890625 0.93314691875 0.6017176640625 0.960620540625 0.59497463125 0.9660087671875001 0.5309467328124999 0.9570683375 0.52693554375 0.9450909453125 0.525937465625 0.934432521875 0.5202911546875 0.9280033765625 0.519513475
0 0.6028072734375 0.591206875 0.6296190265625 0.581303796875 0.6354301140625 0.5784008796875 0.6351625078125 0.57055586875 0.6330892921875 0.5621168359375 0.619564365625 0.5464331062500001 0.5913364984375 0.540088875 0.5679997734375 0.5417733171875 0.5544405734375 0.548546790625 0.5480552328125 0.5472485578125 0.523671915625 0.572394575 0.49971713125 0.5703984234374999 0.49830578281250004 0.5651194375 0.490908121875 0.5648255765625 0.483773303125 0.561408403125 0.4807315734375 0.55345319375 0.485749371875 0.5489518875 0.48539415156250004 0.542147978125 0.48178293437499997 0.54095994375 0.481515328125 0.5331149328125 0.47534902187499994 0.5292139390624999 0.4525379796875 0.524651759375 0.4363751171875 0.5182644984375 0.415194453125 0.5163785453124999 0.4058159578125 0.517572875 0.3757920140625 0.532571275 0.371265621875 0.5532831578125 0.38029843125 0.56722156875 0.36075291875 0.5789801640625 0.3520848609375 0.5937823109375 0.3552580125 0.6001758671874999 0.367415396875 0.6100600593750001 0.3867466421875 0.6118725484375 0.394762365625 0.61584700625 0.389744565625 0.6203483125 0.3753920765625 0.62552339375 0.3712989859375 0.6300614312499999 0.370904725 0.6347463984374999 0.3792318609375 0.6460453187499999 0.378842365625 0.6616986109375 0.384702025 0.6692434671874999 0.3925863265625 0.6747795812499999 0.41896477968749996 0.6810503484375 0.443094790625 0.6809642921875 0.45753489218750004 0.6747481078125 0.47893458750000006 0.6740313015625 0.49156907812500006 0.667221096875 0.49437747656250003 0.64487409375 0.5013761109375 0.638884596875 0.51366015 0.636238809375 0.542238471875 0.638418625 0.5488428437499999 0.637114096875 0.5587032140625 0.6301936968749999 0.5578613546875 0.618147534375 0.5489647328125 0.613615790625 0.546628675 0.6083000734375 0.570048246875 0.5946062015625 0.58994898125 0.5896515140624999 0.6028072734375 0.591206875
0 0 0.6324009046875 0.0023939953125 0.6368212078125 0.022387109375 0.64179374375 0.047573246875 0.6401827640625 0.05245962656249999 0.637243115625 0.05311672656250001 0.629434834375 0.061127681249999996 0.6224409671875 0.05108731875 0.620475253125 0.0488826828125 0.613597878125 0.059268734375 0.6004308515625 0.0713337390625 0.600387825 0.093964790625 0.5960638890625 0.11694629375000001 0.587575534375 0.125794340625 0.5816595046875 0.13631181406249998 0.566930821875 0.136482271875 0.5538802890625 0.129741715625 0.5457781484375 0.1303550078125 0.5384904203125 0.1384973828125 0.5299348953125 0.1272208984375 0.5206079890625 0.12488484375 0.5152922703125 0.11127706875000001 0.51161796875 0.0952942 0.514116825 0.08054745156250001 0.5239768765624999 0.0349301328125 0.5258208421874999 0.025503064062500004 0.5165674 0.013613284375000001 0.51452821875 0 0.5063003 0 0.585041290625 0.0011388109375 0.5855867156250001 0.0015378375 0.5918700718750001 0 0.5953202703125 0 0.6324009046875
0 0 0.878918715625 0.016413274999999998 0.8781547937499999 0.0253537046875 0.882165984375 0.032751365625 0.8824598453125001 0.044154503125 0.8792567734375 0.0502722359375 0.8727099921875 0.0740908328125 0.8652994765625 0.0958266828125 0.8275132796875001 0.092025940625 0.7955024796875 0.09735038593749999 0.7873573109375 0.08629293593750001 0.775427640625 0.0715414203125 0.7743193671874999 0.0599144828125 0.7691568734375 0.03089809375 0.7721825796874999 0.028518231249999998 0.7673874140625 0.017066518750000002 0.7601427125 0.0177236203125 0.7523344328125 0.0099269328125 0.7457572156250001 0.014633318749999999 0.73393145 0.0105792671875 0.726980609375 0.00520625 0.72467800625 0 0.7245550984375 0 0.878918715625
0 0.587157828125 0.8543427687499999 0.6001037359375 0.8548570249999999 0.6068833359375 0.8514702906249999 0.6062214671875 0.8483102453125 0.5969696265625 0.8369745953125 0.57622703125 0.8298831203124999 0.5678608578125 0.830073078125 0.5638991859375 0.833049459375 0.546860190625 0.8370732406249999 0.5360265390625 0.8335091359375 0.5304344859375 0.8338092921875001 0.508105315625 0.823521040625 0.49238528906249995 0.822896584375 0.46816289843750003 0.8130554218749999 0.4630965265625 0.807108953125 0.454068484375 0.8041388656249999 0.42672628437500004 0.80932024375 0.4123347546875 0.8259842031250001 0.41630119218750006 0.833976146875 0.4125338125 0.8787436203125001 0.42658918593750006 0.8991490531249999 0.41206147031249996 0.9064063421874999 0.40880547500000003 0.9120222171875 0.395684340625 0.9135901671875001 0.386704871875 0.9210678546875 0.38847620625 0.9441190718750001 0.4003269453125 0.9576471312500001 0.42472456249999996 0.9654060875000001 0.4544466265625 0.965019875 0.46602499062499997 0.9597345953125 0.470337115625 0.9525937984375 0.480771740625 0.9498745453125 0.49969442500000005 0.9234670265625 0.5088100812499999 0.9253960093750001 0.5302145421875 0.9356475281250001 0.552407525 0.9365291109375 0.5686970421875001 0.930386390625 0.575695675 0.9243968953125 0.574590975 0.9154740453124999 0.5792097468749999 0.904689384375 0.564541078125 0.8915716796875 0.5544569078125 0.89012651875 0.550052403125 0.88734009375 0.55440356875 0.8687104203124999 0.5634706515625 0.8601916296875001 0.576547978125 0.8591442296875 0.587157828125 0.8543427687499999
0 0.8875230140625 0.7910642578125 0.8491233609375 0.7843159656250001 0.8404067328125 0.788670340625 0.8329214578125 0.7894175828125001 0.8250419234375 0.79484979375 0.82324108125 0.805224103125 0.8308625421875 0.813883528125 0.8409467109375001 0.8153286906250001 0.842270446875 0.8216487796875 0.8615578859375 0.8239818234375 0.86900411875 0.8347234562500001 0.8675975375 0.8404127953125 0.8442170078125001 0.8426177906250001 0.83555371875 0.8683882640625 0.8479787109375 0.8861174703125 0.8640101515625 0.8940663843750001 0.8788930875000001 0.893613003125 0.8942626625000001 0.8984018734375001 0.9026726437500001 0.8976913640624999 0.913151075 0.8944515578125 0.9251237015625 0.8844813109375 0.9365268390624999 0.8812782374999999 0.9442806296875 0.7891405312499999 0.9352963937500001 0.7856498921874999 0.9188706906249999 0.7823859468750001 0.903812528125 0.784921534375 0.8875230140625 0.7910642578125