0 0.8830112796874999 0.293472653125 0.913622278125 0.28724476875 0.92473356875 0.2801448359375 0.9247098656249999 0.27440889999999996 0.9126205609375001 0.269498825 0.89962219375 0.2692650921875 0.8884936640625 0.2721934390625 0.8708271640625 0.2656188453125 0.85782664375 0.2648636640625 0.8504162421875 0.2689016890625 0.849526575 0.278271065625 0.8513985671875 0.2819545953125 0.868130146875 0.2869481484375 0.8765099421875 0.2928343375 0.8830112796874999 0.293472653125
0 0.7970445625 0.2851484890625 0.810038621875 0.284339328125 0.8313047359375 0.26334393125 0.8312681046874999 0.2544793078125 0.823823228125 0.25017415781249996 0.80711750625 0.2514379875 0.7950734515625 0.25747833125 0.7941633109375 0.261893946875 0.784894925 0.2656378578125 0.7709573296875 0.262780184375 0.7598288 0.26570853125 0.7524183984375 0.2697465578125 0.75338779375 0.2796707734375 0.764544334375 0.28352125625 0.78589233125 0.28234090312500004 0.7970445625 0.2851484890625
0 0.6828783781250001 0.291263978125 0.7116130734375 0.2803096671875 0.7162294890625 0.2741357625 0.715281640625 0.2694260296875 0.709693675 0.2651542703125 0.6994720515624999 0.26288482812499997 0.6679412203124999 0.2711818125 0.646657865625 0.28800561875 0.6485578703125 0.29846797812500003 0.6606407125 0.3018137078125 0.6745524515625 0.298414 0.6828783781250001 0.291263978125
0 0.5709036359375 0.36466456406250003 0.5801817218750001 0.363267171875 0.6014736921875 0.3485291578125 0.6023633609375 0.33915978125 0.5911464875 0.320708740625 0.5818511640625 0.3179345453125 0.5707118625 0.3182556484375 0.5642428453125 0.3254390609375 0.5610719046875 0.344413496875 0.554141890625 0.3523707328125 0.5569638859375 0.36128544375 0.5709036359375 0.36466456406250003
0 0.7119779484375 0.368608621875 0.7119165375 0.353747340625 0.7192978484375 0.3426697609375 0.7192590625 0.3332836890625 0.710881421875 0.3279189453125 0.697885209375 0.3282066609375 0.6821661203125 0.34356629375000003 0.6803458421874999 0.3523975265625 0.684126459375 0.3686292109375 0.692497634375 0.37242960625 0.70363909375 0.37262995 0.7119779484375 0.368608621875
0 0.8112385765625 0.3500585296875 0.8242326343749999 0.34924936562500003 0.8325650265625001 0.343663690625 0.8316042484375 0.3358252671875 0.8241615265625001 0.3320415671875 0.7851642703125 0.3308189171875 0.7703563984375 0.34202365625 0.77687281875 0.3463121125 0.77410469375 0.3504336125 0.785254771875 0.3527197515625 0.7963703718749999 0.3466627140625 0.8112385765625 0.3500585296875
0 0.9281527765625001 0.3349543390625 0.9346498046875 0.33454975625 0.937396384375 0.32521376874999997 0.934598090625 0.32203499375 0.92622906875 0.31875604375 0.9188035843750001 0.3191439328125 0.884517553125 0.3346911078125 0.8837140765625 0.3649184234375 0.8967210640625 0.3672379515625 0.9106263390624999 0.3622738953125 0.91336645 0.35137356406250003 0.9086918546874999 0.3434683609375 0.9226035937500001 0.3400686515625 0.9281527765625001 0.3349543390625
0 0.9349687109374999 0.41172413125 0.948884759375 0.4093673171875 0.9507481328124999 0.41096505156249996 0.9506447046875 0.3859355265625 0.9497033187499999 0.382790140625 0.9302445562500001 0.3918256109375 0.9228104515625001 0.3901277046875 0.9172138656250001 0.38377015000000003 0.9116366734374999 0.3821056328125 0.8995775343749999 0.38449583593750003 0.8893559124999999 0.38222639375 0.8754334 0.3830188609375 0.85968414375 0.391078215625 0.8597035375000001 0.3957712515625 0.8652785749999999 0.39691432031249996 0.869940240625 0.40169083437499997 0.8829472296875001 0.40401036250000005 0.8950128312500001 0.40318450468749994 0.9191828234375 0.41091886093749996 0.9349687109374999 0.41172413125
0 0.8244394921874999 0.39930841875 0.8402102953125 0.3964635484375 0.8457594765625001 0.39134923593750004 0.8438680921874999 0.38297266875 0.8289977296875 0.3790554046875 0.8011354687500001 0.376468753125 0.783518528125 0.3818874734375 0.7686718703125 0.38370614375 0.76312484375 0.3893419046875 0.7631593203125 0.39768508125 0.7687451328125 0.401435390625 0.78360471875 0.40274541406250003 0.8067923859375 0.39742686250000003 0.8244394921874999 0.39930841875
0 0.7074994375 0.40815522812499994 0.7380931953125 0.3977557546875 0.7417854671875 0.39260805312499997 0.7399005437499999 0.38579583125 0.7352474984375 0.3831051125 0.7203922203124999 0.3828379890625 0.700929146875 0.3908305609375 0.6869893953124999 0.3874514421875 0.6572831515625001 0.3879600890625 0.653599496875 0.3951935859375 0.661985759375 0.402644121875 0.6722159984375 0.406999359375 0.6963515140625 0.4063905390625 0.7074994375 0.40815522812499994
0 0.592399596875 0.3992910328125 0.6081617796875001 0.39436036875 0.609990678125 0.3876149296875 0.6034225421875 0.3708117125 0.5941099828125 0.3638659296875 0.5811116140625 0.36363219375 0.5755516593750001 0.36613926406249997 0.5718572328125 0.37076551874999997 0.572846021875 0.385382771875 0.5571053859374999 0.3955279203125 0.55713770625 0.403349646875 0.56272351875 0.407099959375 0.570157621875 0.40879786874999996 0.5849999718750001 0.40593630156250005 0.592399596875 0.3992910328125
0 0.511690825 0.4140034453125 0.5246784203125 0.4116299375 0.533012965625 0.406565709375 0.5301371015624999 0.3846147890625 0.5236120609375 0.3782405390625 0.5041101984374999 0.376847040625 0.5004028453125 0.3783446046875 0.49017906718750004 0.3755537140625 0.49201658437500007 0.3708940671875 0.47901606093750004 0.3701388859375 0.4781199296875 0.3779439171875 0.460500834375 0.382841190625 0.45216628906249995 0.38790542031249997 0.44941970937500003 0.3972414046875 0.452228778125 0.4030274234375 0.4596758109375 0.4078540234375 0.47639015 0.4086759875 0.4847354703125 0.4062190015625 0.511690825 0.4140034453125
0 0.4703930625 0.344490021875 0.475972409375 0.3466759875 0.52422189375 0.3402438671875 0.52603570625 0.3298482859375 0.513020103125 0.3254429640625 0.4870276765625 0.3260183921875 0.48236385468750004 0.32072043125 0.4739948328125 0.317441484375 0.45821325625 0.31767911249999997 0.452659765625 0.321750528125 0.4703930625 0.344490021875
0 0.35431581093750003 0.298374384375 0.362671903125 0.29852464218749997 0.3747245796875 0.29457009375 0.3756207125 0.286765059375 0.36723876093749996 0.280357421875 0.348658890625 0.27741627343749997 0.34213385 0.27104202499999996 0.3346954375 0.26830121875 0.3263393453125 0.2681509625 0.3179940265625 0.2706079484375 0.311531471875 0.279355703125 0.2948472984375 0.28583401875000003 0.2920942546875 0.293605659375 0.2948968578125 0.29782733281249996 0.302337425 0.3010895859375 0.3190496109375 0.3013901015625 0.3311022859375 0.29743555312500003 0.3347967125 0.29280929843750003 0.35431581093750003 0.298374384375
0 0.3694117046875 0.35687009375 0.38613035625 0.3587349546875 0.3972481109375 0.3531993671875 0.3953545703125 0.3443013515625 0.38326310937499997 0.338869828125 0.3702733609375 0.3407218875 0.362839259375 0.3390239796875 0.35722974375 0.3295377359375 0.346071046875 0.3251658046875 0.3340011359375 0.32494876562499997 0.324733825 0.3289534 0.323831228125 0.3351940859375 0.3275665953125 0.3404753515625 0.34897707968749997 0.354417003125 0.362899590625 0.3536245375 0.3694117046875 0.35687009375
0 0.370616690625 0.42380635624999996 0.37897709218750003 0.4249995125 0.3901034671875 0.42154971718749995 0.390066834375 0.41268509218749994 0.38633146875 0.4074038265625 0.37702968124999997 0.4030652859375 0.3649037453125 0.3892905859375 0.3528144421875 0.3843805109375 0.34352989218749996 0.3842135578125 0.336121646875 0.3887730328125 0.33614103906250004 0.39346606875 0.3473622234375 0.4129600046875 0.370616690625 0.42380635624999996
0 0.4822216078125 0.4718714234375 0.4766207109375 0.46447097187499997 0.485857853125 0.453166059375 0.4858169125 0.44325853750000005 0.4765086625 0.437355653125 0.457015421875 0.4380479484375 0.45055933281250005 0.4483600484375 0.43482300625 0.459548096875 0.436707928125 0.46636031562499997 0.450703703125 0.483297096875 0.462790853125 0.48768572343749994 0.47670905625 0.485850359375 0.4813319359375 0.48124079999999997 0.4822216078125 0.4718714234375
0 0.5946012703125 0.4827561796875 0.6038384140625 0.471451265625 0.6140277125 0.46589898124999995 0.61399108125 0.45703435625 0.601899621875 0.45160283437500004 0.59163275 0.43838297343750005 0.5776994640625001 0.436568196875 0.566570934375 0.4394965453125 0.564763584375 0.45145646875 0.5722321625 0.46149755312499996 0.5667066843749999 0.4723477984375 0.5704700625 0.48440789375 0.582546440625 0.486189278125 0.5946012703125 0.4827561796875
0 0.6629593203125 0.4812015734375 0.6936177203125 0.48644555624999997 0.7298231515625 0.48605377499999997 0.7315938703125 0.46522922656250004 0.7240951234375 0.447887865625 0.72592833125 0.442185321875 0.71106228125 0.43931095625000005 0.6989945234375 0.4396153640625 0.6887944484374999 0.44256040781249995 0.6878767671875 0.44515095625 0.6628235703125 0.4483503203125 0.6629593203125 0.4812015734375
0 0.837459265625 0.4723469765625 0.8392127484374999 0.44735084062499997 0.830854496875 0.44667913593749997 0.8196699453124999 0.436049821875 0.8085155578125001 0.4327207875 0.79552365625 0.43405139843749996 0.789970165625 0.4381228140625 0.7900046406250001 0.44646598906249996 0.7919132656250001 0.45901414375 0.7984189125000001 0.46069535625 0.8040672140625 0.4795676734375 0.8115099359375 0.48335137499999997 0.8217250921874999 0.48405647187499995 0.8328471578125001 0.47956377968749997 0.837459265625 0.4723469765625
0 0.9414160375 0.466916571875 0.9525359484375 0.46190243124999997 0.958039878125 0.4458377015625 0.9570597109375001 0.43330624218749997 0.9533329609375001 0.4301107703125 0.9459010140625 0.4289343109375 0.9004131937500001 0.42968058593749997 0.9013653484375 0.435433215625 0.8948984875000001 0.44313807499999996 0.8949717484375 0.460867321875 0.89963988125 0.46720818125 0.9182542281250001 0.47849250468750004 0.933109503125 0.478759628125 0.9433031140624999 0.474250240625 0.9414160375 0.466916571875
0 0.91701709375 0.5394751953125 0.9253581046875 0.5359753140625 0.928108990625 0.5276822250000001 0.9206339484375 0.516076796875 0.9397501765625 0.5133410953124999 0.94090009375 0.49910173750000003 0.9107007812499999 0.500935284375 0.897422578125 0.5156594125 0.8956324671875 0.5317909265625 0.8975044593750001 0.5354744546875 0.9077325453125 0.5393082421875001 0.91701709375 0.5394751953125
0 0.8306729515625 0.53844398125 0.8417971703125 0.5344727375 0.8529429374999999 0.535715978125 0.8537938203125 0.5169605296875 0.842630815625 0.5115456984375 0.8426092687500001 0.5063312140625 0.8054796937500001 0.5077491953125 0.801752946875 0.504553725 0.7822597046875 0.5052460203125 0.7757885328125 0.5119079828124999 0.7618660203125 0.5127004515625 0.7591302171875001 0.5246436796875 0.7703061499999999 0.5331871984375 0.8306729515625 0.53844398125
0 0.6978773515625 0.5296286578125 0.72016673125 0.5315936906250001 0.7303581859375 0.526562853125 0.7303215546875 0.51769823125 0.7200870046875 0.512300096875 0.7061666468750001 0.5136140109375 0.688521696875 0.5122539046875 0.676460403125 0.514122659375 0.6607176124999999 0.523746359375 0.660756396875 0.53313243125 0.6654116 0.5363445984374999 0.674698303125 0.5370330015625 0.6978773515625 0.5296286578125
0 0.58184635625 0.5337991265625 0.5994352843749999 0.5216015734375 0.6077396625 0.50923706875 0.6077094953125 0.5019367890625 0.5956137265625 0.4954623671875 0.5854050328125 0.49632161874999997 0.5779946328125 0.5003596406249999 0.5706230171875 0.5137837390625 0.5595009531249999 0.51827643125 0.555806528125 0.5229026875 0.5567716125 0.53178400625 0.5670104734375 0.5382250359375 0.58184635625 0.5337991265625
0 0.510960775 0.5370388390625 0.517414709375 0.5262052890625 0.5182483546875 0.5032782515625 0.5145065234375 0.496432640625 0.47736833125 0.4957648296875 0.48109507812499996 0.49896029999999997 0.469055334375 0.5060435375 0.443077990625 0.51026910625 0.44590214218749996 0.5197052656250001 0.44313185937500005 0.5233053187500001 0.4477978375 0.5291247265625 0.4654363234375 0.528920490625 0.47104583906249997 0.538406734375 0.47755148593749996 0.5400879468750001 0.510960775 0.5370388390625
0 0.363657321875 0.5293542796875 0.3794324328125 0.5275523062499999 0.38405747031250004 0.5234641953125 0.38306006406250004 0.50676115 0.38117729375 0.5004703765625 0.37373457499999996 0.496686675 0.3598012875 0.49487189843749996 0.3514559671875 0.497328884375 0.3468632546875 0.509238721875 0.3376067171875 0.5158506 0.3320855484375 0.5277437421875 0.335801521875 0.5283319718749999 0.339500259375 0.524748615625 0.35156155 0.5228798593749999 0.363657321875 0.5293542796875
0 0.49296680468750004 0.593205846875 0.49945521406250004 0.5907154718750001 0.5031280921875 0.58087473125 0.499397034375 0.5766363625 0.477025771875 0.5548562890625 0.46678906875 0.5489367078125 0.43987680781250005 0.5515812343750001 0.42040942187499997 0.558530909375 0.41952190937499995 0.5684217375 0.427921096875 0.5790009625 0.47066880468749994 0.5891550203125 0.4734649421875 0.5918123484375 0.49296680468750004 0.593205846875
0 0.5960102046875 0.591408884375 0.6145771453125 0.59122134375 0.6210569359375 0.586645175 0.6201026234375 0.580371096875 0.59403478125 0.5626958296875 0.555968134375 0.562011321875 0.548549115625 0.563963553125 0.5439305421875 0.569616009375 0.5486072937500001 0.5780426609375 0.5616185890625001 0.5814050875000001 0.5755303281249999 0.5780053765625001 0.5829665859375 0.580224734375 0.5857799640625 0.58705365 0.5960102046875 0.591408884375
0 0.708310140625 0.58300005 0.7203692796875 0.5806098453125 0.7296236609375 0.5734765187499999 0.728682278125 0.5703311328125 0.7240206109375 0.5655546203124999 0.70172045625 0.560982346875 0.6775914046875 0.563155509375 0.6553580484375 0.5747481390625 0.6526136250000001 0.584605571875 0.6647137046875 0.592122890625 0.6832677171875 0.5888066578125 0.6962703953125 0.5900832890625 0.6971665296875 0.58227825625 0.708310140625 0.58300005
0 0.8198152171875 0.606904321875 0.8346661859375001 0.6061285484375001 0.8392804484375 0.5994331953125001 0.8383304453125 0.594202015625 0.8290157296875 0.586734784375 0.8224734515625001 0.576188946875 0.8159656500000001 0.5739862875 0.8048285015625 0.5748288390625 0.775109328125 0.5722087953125 0.7649135625000001 0.5761967359375 0.7621454359375 0.5803182359375 0.7658915765625001 0.58820674375 0.7779744187500001 0.5915524750000001 0.7918990859374999 0.5912814562500001 0.8198152171875 0.606904321875
0 0.9181603218750001 0.591466225 0.950636846875 0.587357525 0.9561881812499999 0.5827646609375 0.9542989515625001 0.5749095421875 0.9403592 0.571530421875 0.9088003562500001 0.573048575 0.903218853125 0.5703411609375 0.88742865625 0.5684929953125 0.8763022812499999 0.571942790625 0.873549240625 0.5797144328125 0.88100058125 0.5855839265625 0.8884368390624999 0.587803284375 0.9181603218750001 0.591466225
0 0.9397453421874999 0.6476452015625 0.943444078125 0.6440618437500001 0.9434096015625 0.6357186687499999 0.9396807 0.632001746875 0.908104615625 0.6293483125 0.8812031296875 0.6346000843749999 0.8654193984375 0.6343162640625 0.8525266140625 0.659633503125 0.847957603125 0.6772792734374999 0.8646805625 0.6801870328125 0.8827638828125 0.67529810625 0.931484059375 0.6704386765625 0.9249503984375 0.6619786359375001 0.9295883640625 0.6610192125000001 0.9332784796875 0.6553500609375 0.9323220140625 0.6485545359375 0.9397453421874999 0.6476452015625
0 0.8228785500000001 0.674221259375 0.82658159375 0.6716807984375001 0.8302544734374999 0.6618400578125 0.8292721484375001 0.6487871515625 0.8199337312500001 0.6355839875 0.8106297890624999 0.6307239984375 0.8022672328124999 0.62900939375 0.7892817937500001 0.6319043515625 0.7865481437499999 0.6443690281250001 0.7995788328125 0.6524244890625 0.7977714828125 0.6643844125 0.8024503875000001 0.6733325140625 0.8228785500000001 0.674221259375
0 0.59905845 0.6550756843750001 0.6074080796875 0.6536615968749999 0.6111025062500001 0.6490353421874999 0.6101481921875 0.642761265625 0.5989507125 0.6290032609375 0.5878049437499999 0.627760021875 0.57199535625 0.6212188203125 0.5636457265625 0.6226329078124999 0.5627323546875 0.6262663500000001 0.5664569484374999 0.628940375 0.5627646765625001 0.634088078125 0.5692854078125 0.639419428125 0.5739298359375 0.6400243546875 0.5888389843749999 0.6533276906250001 0.59905845 0.6550756843750001
0 0.4644109546875 0.64744038125 0.463469571875 0.6442949953125 0.4847701625 0.6316427734375 0.491170228125 0.6077730125 0.48372319687500004 0.6029464140624999 0.47165328281249996 0.602729375 0.461459671875 0.6072387625 0.45285330156250003 0.621335696875 0.4392801859375 0.6318676015625 0.4383797453125 0.6386297359374999 0.4439784859375 0.6455087390625 0.4644109546875 0.64744038125
0 0.355600740625 0.601685359375 0.3555684203125 0.5938636328125 0.36848921562500003 0.575325221875 0.36938319375 0.566998740625 0.35636974375 0.5631148671874999 0.3507666921875 0.55519296875 0.339607996875 0.5508210359375 0.332178203125 0.5501660265625 0.320123375 0.5535991265625 0.31834188124999996 0.5718164328124999 0.3146366828125 0.5738354453125 0.318406525 0.5874598875 0.3166056390625 0.60098415625 0.3286733984375 0.6006797453125 0.3323958359375 0.602832321875 0.355600740625 0.601685359375
0 0.3146852671875 0.6507463375 0.31556416249999997 0.63876971875 0.32850219531249997 0.6244028953125 0.3256672703125 0.6123594953125 0.29963821562500004 0.6040703 0.2950196421875 0.6097227546874999 0.279257459375 0.6146534203125 0.2764914890625 0.619296371875 0.2625646671875 0.6190459421875001 0.2597555984375 0.613259921875 0.2551111703125 0.6126549984375 0.2477330921875 0.6245147484375 0.25245293593749996 0.6433703703125 0.24969342968750002 0.6495776656250001 0.241354575 0.653598996875 0.2543960375 0.6642617000000001 0.26926208906250004 0.667136065625 0.3184335609375 0.6591562953125 0.3211995328125 0.6545133437499999 0.3146852671875 0.6507463375
0 0.3474931109375 0.7207494734375001 0.35676257499999997 0.7172662859375001 0.36413203437499997 0.7033207390625 0.3631669484375 0.6944394218750001 0.33617927187499996 0.678833253125 0.32503565624999997 0.6781114609375 0.31483989375 0.6820993984375 0.3139459140625 0.6904258796875 0.322332175 0.6978764156249999 0.3270434015625 0.7146462421875001 0.3344925859375 0.7199942906250001 0.3474931109375 0.7207494734375001
0 0.46002509687500004 0.7094092703125 0.4608846015625 0.6927396156250001 0.4525134234375 0.6889392171875001 0.4478474484375 0.683119809375 0.44040687968750003 0.67985755625 0.42740420312499994 0.6785809234375 0.4181412046875 0.68362845625 0.41910197968749996 0.691466878125 0.43121067812499997 0.7010699890625001 0.42844686093749995 0.7062343906249999 0.43034040156250003 0.7151324031249999 0.439637878125 0.718428046875 0.45355823749999996 0.7171141296875 0.46002509687500004 0.7094092703125
0 0.559458109375 0.73257505625 0.5677797265625 0.7243821390625 0.5677021546875001 0.7056099953125 0.5583702015625 0.6939711749999999 0.5490662609375 0.689111184375 0.5388511031250001 0.6884060890625 0.531429928125 0.689836871875 0.5268070484375 0.69444643125 0.52777213125 0.7033277499999999 0.53523209375 0.7112830406249999 0.53436828125 0.7269097984374999 0.5408911671875 0.7327625984374999 0.5464662062500001 0.7339056671875 0.559458109375 0.73257505625
0 0.2543460703125 0.7887671859375 0.2645569203125 0.7884293859375 0.26826211875 0.786410371875 0.2681910109375 0.7692025734375 0.26440393125 0.75140654375 0.2309989484375 0.75549855 0.2217079375 0.7537672515625 0.21150786406250002 0.7567122937499999 0.20218668437499998 0.7476807171875001 0.1938305921875 0.7475304578124999 0.1892163296875 0.7542258125 0.1753024359375 0.757104071875 0.1697532546875 0.7622183859375 0.17071403125 0.770056809375 0.17724122656250002 0.7769525046875 0.191178821875 0.779810178125 0.21073670625 0.7947613359375 0.22560060312500002 0.7971142546875 0.23672697812500001 0.793664459375 0.2450873796875 0.7948576140625 0.2543460703125 0.7887671859375
0 0.2646947984375 0.72766051875 0.2683741421875 0.7193841234375 0.276712996875 0.7153627953125 0.2766677484375 0.704412378125 0.26551120625 0.70056189375 0.2274445578125 0.6998773859375 0.2070508734375 0.7073318171875 0.1968615734375 0.7128841015625 0.1950262109375 0.7180651953125 0.196027928125 0.7358111390625 0.20256158750000003 0.74427118125 0.2099698328125 0.7397117062499999 0.23038937499999998 0.738514659375 0.23502087500000002 0.7359908921875 0.2461709515625 0.73827703125 0.2619417546875 0.7354321609375 0.2674974015625 0.7318821921875001 0.2646947984375 0.72766051875
0 0.35356567499999997 0.7832051921875001 0.36842310624999997 0.783993765625 0.3795451703125 0.7795010734375001 0.3804369953125 0.7706531453125 0.3729813453125 0.763740753125 0.353449315625 0.7550469765625001 0.30703950468749996 0.7573409 0.2930911359375 0.7518759859374999 0.288461790625 0.7549212015625 0.2875958234375 0.7700265125 0.2922725734375 0.7784531625 0.30156143125 0.7796630140625 0.3405392953125 0.776192628125 0.35356567499999997 0.7832051921875001
0 0.45574606093750003 0.7972279265625 0.4742548234375 0.7829612765625 0.47795140312499995 0.77885646875 0.47693460468750004 0.7574603875 0.46762204374999994 0.7505146046875 0.4546258328125 0.75080231875 0.44536283125000004 0.7558498499999999 0.4416834875 0.7641262421875 0.4444925546875 0.7699122625 0.42785147500000004 0.786819546875 0.4278773328125 0.793076928125 0.43253468906250003 0.79681054375 0.45574606093750003 0.7972279265625