0 0.0719843296875 0.8364356484375 0.0647555171875 0.81972356875 0.0692842546875 0.8005054609375 0.0663308359375 0.7956255703124999 0.0369089078125 0.790877846875 0.026782676562500003 0.811336925 0.0179223015625 0.816722709375 0.0198349625 0.824650984375 0.024926139062499998 0.825434240625 0.0391590296875 0.8108069406249999 0.042618765625 0.81366260625 0.0446720375 0.8265912234374999 0.057188878124999995 0.8510870374999999 0.06512098281249999 0.8527499125 0.0684119859375 0.8496051671875 0.0719843296875 0.8364356484375
0 0.08315119374999999 0.832953640625 0.0894237359375 0.8356888546875 0.10396597031249999 0.8320623062499999 0.102559628125 0.8221098046875 0.1045848984375 0.814012896875 0.0997750640625 0.8032048671875 0.1094794625 0.7677447640625 0.11572388281249998 0.7694799109375 0.1039102140625 0.749960346875 0.1037696046875 0.7449600046875 0.11021099999999999 0.7336701718749999 0.110014146875 0.7266696953125 0.1016602109375 0.7100057953125 0.0970472296875 0.7061982437500001 0.08292695 0.704800359375 0.0618028328125 0.6946909421874999 0.0530267015625 0.7231023875 0.05589563125 0.745007528125 0.08315119374999999 0.832953640625
0 0.0474570875 0.7653943375 0.034827635937500004 0.7569237046875 0.03232429375 0.7480194499999999 0.035756028125 0.729849590625 0.033899610937500005 0.7239214515625 0.013394300000000001 0.71578808125 0.0073748546875 0.72205348125 0.002817996875 0.740271521875 0.0027053859374999998 0.75629670625 0.008724709375 0.7700567609375 0.007121390625 0.7731292359374999 0.010637368749999999 0.7779850374999999 0.0159254609375 0.77575604375 0.027795434375 0.787263015625 0.0481321359375 0.76937051875 0.0474570875 0.7653943375
0 0.759913175 0.7238713984375 0.778083875 0.7291009234375 0.79400445 0.714401353125 0.80193655625 0.716064228125 0.8066057796875 0.721871915625 0.8155505203125 0.7194863390624999 0.818194596875 0.713365478125 0.8163663015625 0.7084374062500001 0.8231171609375 0.6881228687500001 0.8318086828125001 0.6967621312500001 0.8394876890624999 0.6894243921875 0.8392627125000001 0.681423846875 0.8312744859375 0.6577353796875001 0.8164510343750001 0.65136124375 0.8077032687499999 0.6407218453125 0.80269658125 0.6229133359375 0.79583335625 0.6192021453125001 0.786494784375 0.6276122234375 0.7817129515625 0.63782971875 0.781319121875 0.6438542171875 0.784328784375 0.6507342453125 0.78345675625 0.6597830390625 0.7780842406249999 0.66902455625 0.7708834296875 0.673338 0.7685205749999999 0.68945954375 0.7696174515624999 0.70843675 0.759913175 0.7238713984375
0 0.9450531281250001 0.5577422359375 0.909892609375 0.6293369640625001 0.9011446015625 0.6587484765625 0.915714834375 0.676147453125 0.923703184375 0.6798104640625 0.9278662109375 0.6676169234375 0.9368953187500001 0.6682315484375 0.944658690625 0.6638940140625 0.9531252359375 0.66453273125 0.9628126609375001 0.6719807890625 0.9643037015625 0.6468194796875 0.9638702703125 0.6460497000000001 0.9549257734375001 0.608384365625 0.9575417281249999 0.6012634375 0.964770659375 0.5979500609375 0.967155903125 0.5986885875 0.9674788921875 0.59323815 0.9641518546875 0.595974015625 0.9588778859374999 0.5886903140624999 0.95790755625 0.5742134125 0.9619862187500001 0.55901966875 0.954588553125 0.5563326359375 0.9450531281250001 0.5577422359375
0 0.7849199546875 0.5716083984375 0.7910237640625 0.568343203125 0.7945959874999999 0.575199140625 0.794427134375 0.5892241859375 0.7821631453125 0.6137798984375 0.789476446875 0.6134667281249999 0.7910235203125 0.608394115625 0.7970992109374999 0.60412885 0.8034281171875 0.5888387453124999 0.8115851984375 0.598502165625 0.8123446140624999 0.6054785546875 0.8192359625 0.6101898140625 0.821711184375 0.6180939984375 0.8273649203125 0.6188531671875 0.8320622671875 0.6256609234375 0.838166078125 0.6223957265625 0.8391225906249999 0.59632168125 0.8495581609375 0.5868633546875001 0.8518647734375 0.568741675 0.8637910515625 0.5722360546874999 0.8714980593749999 0.5859238390625 0.882946265625 0.572417059375 0.8875031234374999 0.55419901875 0.8864906109374999 0.5382220171875 0.868404396875 0.515967240625 0.8641852468750001 0.5061351875 0.8509369906250001 0.49568850937500003 0.8473366468749999 0.48783250312500004 0.8476742328125001 0.4798078671875 0.8411204703124999 0.46707197031250003 0.8251718953125 0.460746015625 0.8124860765624999 0.47030070312500005 0.7935555953125 0.5181711578125 0.7807010484375 0.5217254359375 0.769815403125 0.535208125 0.77001225625 0.5422086046875 0.775750359375 0.545967975 0.7797444125 0.5678249375 0.7849199546875 0.5716083984375
0 0.8213473046875001 0.3247367296875 0.8192659125 0.31080804375 0.8063269984374999 0.3113621171875 0.7952164984375 0.29681880625 0.782446315625 0.30337328750000003 0.7733046 0.31878384375 0.764950421875 0.34217085625 0.7671724249999999 0.3610998828125 0.7516456781249999 0.36977495312499997 0.7496204078125001 0.37787186093749997 0.75175804375 0.39380068281249997 0.7502953359375 0.40187349843750003 0.7353592718749999 0.41152454687500006 0.7285521687500001 0.429838946875 0.7382280796875 0.45345514531250003 0.7529671671875 0.45682907500000003 0.7652591546874999 0.4532988859375 0.766834228125 0.4692517984375 0.7703783296875 0.4751076671875 0.77645401875 0.470842403125 0.787339540625 0.47738516875 0.7887177624999999 0.48633760312499996 0.798787625 0.4839038453125 0.804525728125 0.48766321718750005 0.80671973125 0.48556671875 0.8059884374999999 0.47959040000000003 0.8107702703124999 0.46937290468750004 0.8135269546874999 0.4472268640625 0.8171836656250001 0.4370575484375 0.8302069484375 0.43950368125 0.8367327093749999 0.431214053125 0.83653585625 0.4242135765625 0.823371965625 0.4167671015625 0.8196591328125 0.40491082343749996 0.8114739296875 0.3942473328125 0.8053421171874999 0.37648700625 0.8025856765625001 0.3585821375 0.807930071875 0.348340553125 0.8271132859374999 0.36954708125 0.8428931296875 0.369872625 0.847590596875 0.3566549265625 0.847365621875 0.34865438125 0.8499815749999999 0.341533453125 0.8486314765625 0.3335810859375 0.84680318125 0.3286530140625 0.82604465 0.3315444875 0.8213473046875001 0.3247367296875
0 0.3684613984375 0.683785978125 0.3597417546875 0.6741466453125 0.3489124765625 0.6696040171875 0.34401815468749997 0.6758212375 0.3412333453125 0.6969672124999999 0.3368734640625 0.702160275 0.32829443125 0.6975212859375 0.3201091078125 0.7068832515625 0.2769324828125 0.7137385328125 0.2732758921875 0.703882390625 0.266215690625 0.7131961765625 0.26486546875 0.7252692671875 0.25282658125 0.73780006875 0.24163159374999998 0.7402820078125 0.2255982859375 0.791032215625 0.223966725 0.8131300796875 0.22700450781249998 0.8210101734374999 0.2358367609375 0.814624321875 0.2472006 0.7981173375 0.2733316484375 0.78598435 0.2762850671875 0.7908642421875001 0.28368273125 0.793551275 0.2837952203125 0.7975515468750001 0.290827178125 0.80726315 0.306607021875 0.80758869375 0.3114451 0.7993713359375 0.3133860046875 0.788274225 0.31988364375 0.7789845296875 0.318646034375 0.7750324359375 0.3308255328125 0.767501975 0.33653551406250004 0.7702612796875 0.335635365625 0.77831000625 0.3457894734375 0.7989019078124999 0.3531871390625 0.8015889406250001 0.3640446625 0.7871061828125 0.37411452500000003 0.7846724218750001 0.38145606718749997 0.7653338640625 0.393101128125 0.7588275624999999 0.43996234218749997 0.782853946875 0.441818759375 0.7887820859375 0.4464036171875 0.7915895703125 0.44674120312500004 0.7835649328125001 0.43914680468749995 0.7538519671875 0.43172101874999996 0.7501648656250001 0.4275862328125 0.74333301875 0.4162506375 0.740814615625 0.394029640625 0.7117279921875 0.3882915390625 0.7079686187500001 0.389585515625 0.69389539375 0.39636437343750003 0.6946063796875 0.397939571875 0.6905338375000001 0.3969833 0.6765569703125001 0.3946486890625 0.6736531265625 0.39563320156250004 0.6686046046875 0.3935798109375 0.67570144375 0.3697833734375 0.690738275 0.3684613984375 0.683785978125
0 0.27070951875000004 0.7728558078125001 0.269978225 0.7668794890624999 0.2629743890625 0.75816795625 0.2636214375 0.741118615625 0.2607242640625 0.738238859375 0.26168065625 0.7321902703125 0.25934604375000003 0.7292864265625 0.23760299843750002 0.73722641875 0.23493080000000002 0.742347209375 0.23526826406249998 0.7543480312499999 0.23214599374999997 0.7634931859375 0.233186628125 0.78047025625 0.2467724703125 0.7828922984375 0.24964164375000003 0.764746528125 0.2547328203125 0.7655297859375 0.263480584375 0.776169184375 0.27070951875000004 0.7728558078125001
0 0.209165703125 0.7074047171875 0.23858763125000002 0.7121524406249999 0.24511339531249998 0.7038628124999999 0.24663246874999997 0.6777646765625 0.24348219843750002 0.6658843078125 0.215747953125 0.661064315625 0.21076926562499998 0.6642813296875001 0.2118661453125 0.6832585375 0.208321921875 0.697428125 0.209165703125 0.7074047171875
0 0.266856196875 0.73597373125 0.27633537656249996 0.7325639953125 0.288402265625 0.7410587171875 0.31802129375 0.71275600625 0.324828275 0.7144670625 0.32969447500000004 0.707249771875 0.3287944515625 0.69527304375 0.31852773437500004 0.6907063234375 0.3108769703125 0.6790186765625 0.3058702828125 0.66121016875 0.307670575 0.6451127140625 0.28935926562500003 0.634882846875 0.28263665 0.6361719984375 0.2780235484375 0.6523899 0.270344540625 0.659727640625 0.265168878125 0.6759696359375 0.2534113296875 0.6784756640625 0.251273571875 0.6825722984375 0.25518325937499997 0.7014290546875 0.2623839484375 0.717141065625 0.2598804828125 0.7282622671875 0.266856196875 0.73597373125
0 0.5639792156250001 0.746503821875 0.56707324375 0.7563840546875 0.57205193125 0.7531670375 0.5757647625 0.7650233171874999 0.5802090125 0.762830459375 0.5866222875 0.750540559375 0.600826934375 0.754938646875 0.6092091125 0.752577159375 0.6108124312500001 0.7495046828125 0.596917246875 0.736081890625 0.58960406875 0.71636960625 0.5910667765625 0.7082967890625 0.5993083484375 0.7009349593749999 0.589435459375 0.690343740625 0.563023678125 0.612374221875 0.5349519671875 0.595553409375 0.532504746875 0.608674746875 0.5345017734375 0.6196032265625 0.5200716625 0.6873064171875 0.5173432203125 0.6904270718750001 0.5174838296875001 0.6954274125000001 0.5221811765625 0.7022351703124999 0.5231093234374999 0.7152119671875 0.5639792156250001 0.746503821875
0 0.536492378125 0.65033315 0.5385456484375 0.6632617656249999 0.5370548171875 0.6703345140625 0.53162605625 0.67757589375 0.526506759375 0.67579256875 0.513849065625 0.6863473234375 0.518208825 0.7011797171875 0.5241156578124999 0.7109394984375 0.5563502765624999 0.735592228125 0.5600631078125 0.74744850625 0.5728894140625 0.762919615625 0.5790494671874999 0.76165455625 0.58655974375 0.7483164062500001 0.60399915 0.7475696125 0.604899296875 0.7395208859375 0.5962921437500001 0.733881828125 0.589794621875 0.72314606875 0.5872631578124999 0.713241746875 0.5903573078125001 0.7030965234375001 0.5964329968750001 0.6988312578125 0.5962923859375 0.693830915625 0.5796125156249999 0.6815286421875 0.569008334375 0.664961103125 0.5679114578125 0.645983896875 0.5723275828125 0.642790971875 0.5547758093749999 0.6195120359375 0.5501909515625 0.6167045515625 0.5446497015625 0.6199456578125 0.545549728125 0.6319223859374999 0.536492378125 0.65033315
0 0.5300229812499999 0.64059745625 0.5390520875 0.641212084375 0.5423993359375 0.640067475 0.5542413703125 0.62053619375 0.559388790625 0.6233195874999999 0.562679915625 0.6001493859375 0.553707053125 0.601534896875 0.541105725 0.594064334375 0.5240321453125001 0.5677611031249999 0.5101932062500001 0.556338446875 0.5022892234375 0.5556756390625 0.4947508265625 0.5680137203125 0.49449748437499996 0.59906401875 0.48091152187499997 0.6166674328124999 0.4807707875 0.631692546875 0.47503256406250005 0.6479586312500001 0.47978615468749997 0.6567665234375 0.48372408437500003 0.65659789375 0.48586184374999997 0.6525012593749999 0.5183779203125 0.647103759375 0.5300229812499999 0.64059745625
0 0.6700452828125 0.5124461453125 0.6659105000000001 0.5056142968749999 0.6614662515624999 0.5078071546875 0.65170585 0.5012162078125 0.648189871875 0.4963604078125 0.6486118249999999 0.49133597656249994 0.635672909375 0.49189004843750006 0.6383448625 0.52682016875 0.6337317609374999 0.5430380734375 0.634659909375 0.5560148703125 0.626587071875 0.5693771109375 0.6220583359375 0.5885952171875 0.6122415718750001 0.6000295921875 0.614126109375 0.6069578 0.620173675 0.6016924671874999 0.6264462171875 0.6044276796875 0.6474854828125001 0.691638715625 0.6464728484375 0.6956871687499999 0.651873365625 0.7074711765624999 0.651226315625 0.7245205171875 0.6459662859375 0.7377623078125 0.6569924203124999 0.7493054140625001 0.659805228125 0.7491849640625 0.66562781875 0.7359190843750001 0.672209825 0.72962959375 0.693952746875 0.74171505625 0.705597928125 0.7151832984375 0.7055418062500001 0.69315770625 0.7013789 0.685325790625 0.7004788750000001 0.6733490609375 0.6952470890625 0.6675654625 0.6908592062500001 0.6517330015625 0.6971037484375 0.6334426890625 0.6877934234375 0.62282738125 0.6892842546875 0.6157546328125 0.6982008734375 0.6123689859375 0.6985665796875 0.60534441875 0.686809153125 0.5878249906249999 0.67943973125 0.5661125703125001 0.6679354046875 0.5575937578125 0.6613535203125 0.54385779375 0.6593002484375 0.5309291765624999 0.6700452828125 0.5124461453125
0 0 0.6113892765625 0.0008624218750000001 0.61063840625 0.0168391203125 0.6179644296875 0.02989064375 0.601385171875 0.04550175625 0.5957103078125 0.0564154015625 0.6032531421875 0.057006206250000004 0.584203665625 0.06581033750000001 0.5768177437500001 0.0345603546875 0.5270910390625 0.0351230390625 0.5070414921874999 0 0.4840303046875 0 0.6113892765625
0 0.07392755 0.44485487656249995 0.0824784609375 0.44849379687499996 0.0843067546875 0.4534218671875 0.0959518140625 0.446915565625 0.10357445624999999 0.4576031453125 0.10109911093749999 0.469724415625 0.0906916625 0.48018281093750004 0.0828719234375 0.5025456640625 0.0761211859375 0.5028347453124999 0.07066430312500001 0.5090760578125 0.073223890625 0.5199804484375 0.08135285 0.5286438015625 0.0885817828125 0.5253304234375 0.0965701328125 0.5289934359374999 0.10084552656250001 0.5408256234375 0.10706182500000001 0.5415607015624999 0.11327800156250001 0.5623212343749999 0.11800346875 0.5701290578125 0.13071740781250002 0.5615744406250001 0.138283928125 0.5502364281250001 0.1444721046875 0.5499714359375 0.15111047500000002 0.525656625 0.1576643609375 0.518367065625 0.1605334125 0.5202467515625 0.163739928125 0.53412725625 0.1764538671875 0.5255726375 0.180166821875 0.5174034609375 0.17985747968750002 0.506402709375 0.1756945734375 0.4985707953125 0.1733319609375 0.47464142656249997 0.1698722265625 0.47178576093749997 0.1718974953125 0.46368885468750004 0.1704911546875 0.4537363515625 0.161349559375 0.44912145312499996 0.1612651921875 0.44612124687500004 0.1424756875 0.43891567656249997 0.1130538796875 0.414142496875 0.1033497234375 0.40955168750000004 0.09718966875 0.41081674687499997 0.0929141515625 0.4190100140625 0.0910576140625 0.4331073296875 0.078428040625 0.4446621546875 0.07392755 0.44485487656249995
0 0.11004263437499999 0.6675933953125 0.11299604999999999 0.6724732859375 0.13507655937500002 0.6765341125 0.1433462515625 0.6701723515625 0.1489719875 0.64990599375 0.16714280937499998 0.6351100640625 0.174624840625 0.6407973015625 0.17853452812499998 0.659654059375 0.189082465625 0.6742214609375 0.1996024015625 0.6677633375 0.2060156765625 0.6554734375 0.20694406562499998 0.6283993234375 0.2030906234375 0.611542703125 0.2107696328125 0.6042049625 0.223089740625 0.60167484375 0.21937702812499998 0.5697931109375001 0.215101634375 0.557960921875 0.2117543875 0.5591055296875 0.2059880421875 0.5743715453125 0.1987309859375 0.576684853125 0.178000696875 0.5605509375 0.1627271703125 0.5582011671875 0.1518696484375 0.572683925 0.149281815625 0.5808049203125 0.1506600375 0.58975735625 0.12053444843750001 0.6601352046875 0.11004263437499999 0.6675933953125
0 0.37489649375 0.6722721296875 0.36305458125 0.671777953125 0.3583572328125 0.6649701968749999 0.34935625 0.6653556375 0.38280035625000003 0.6929603921874999 0.39399534062499997 0.690478453125 0.396301953125 0.672356771875 0.40384035 0.6600186906250001 0.424823859375 0.6651277671875 0.43376859999999995 0.6627421874999999 0.44279794843750003 0.623305903125 0.4408852875 0.615377625 0.4313779859375 0.6177872953125 0.421645709375 0.6121964171875 0.41514819062499997 0.6014606578125 0.397089978125 0.6002314046875 0.3850230890625 0.5917366828125 0.3805225953125 0.5919294046875 0.3750657125 0.5981707140625 0.367555315625 0.6315343203125 0.37003053750000003 0.63943850625 0.3871886015625 0.648716484375 0.38969194687500003 0.6576207390625 0.3882292375 0.66569355625 0.3806627171875 0.67703156875 0.37489649375 0.6722721296875
0 0.39391219375 0.4872236890625 0.376585153125 0.5119962124999999 0.3768101296875 0.5199967578125 0.3736316125 0.5271417765625 0.36572763125 0.5264789703125 0.36108652812500003 0.5216713484375 0.353407521875 0.5290090890625 0.354729496875 0.5359613875 0.3645742640625 0.5455525375 0.36598060625 0.5555050406250001 0.373828346875 0.5541677109375 0.3835887453125 0.5607586578125 0.3885955546875 0.5585417078125 0.3917740703125 0.5513966906250001 0.3973715625 0.5501557203125 0.3977372703125 0.543131153125 0.40789156093749995 0.5336848703125 0.41846768125 0.5392396125000001 0.41846755937499996 0.55926506875 0.42271483125 0.5700971890625001 0.4196769265625 0.5822425484375 0.4268213703125 0.5959544234374999 0.440322846875 0.5953762609375 0.4529524203125 0.5838214359375 0.45770613281249994 0.5726038734375 0.45638415625000006 0.5656515765625 0.44890212500000004 0.5599643390625 0.44803022031250006 0.5489876781249999 0.45219324843750003 0.5367941375 0.4556248625 0.5386497328125001 0.4599285 0.531456534375 0.45975976718749995 0.5254561234375 0.44307989843750006 0.5131538499999999 0.435963575 0.50044204375 0.438579528125 0.493321115625 0.44518965625 0.4880316921875 0.44440211874999996 0.4800552359375 0.4166679953125 0.45520978593750006 0.40482608124999997 0.4547156109375 0.3988066375 0.4609810125 0.39391219375 0.4872236890625
0 0.6734514546875 0.0727416421875 0.669654134375 0.077910615625 0.6666162296875 0.090055975 0.667347521875 0.0960322953125 0.65468970625 0.12661250625 0.6425102078125 0.13414296718750002 0.6425382078124999 0.155168490625 0.652861046875 0.181760803125 0.6491480921874999 0.18992998125 0.6403158390625 0.1963158328125 0.6268424859375 0.1978940640625 0.6247890921875 0.20499090312499998 0.6187415265625 0.210256234375 0.6201197484375001 0.21920866874999997 0.6282487078125001 0.22787202187500002 0.64121574375 0.22831801718750003 0.6529170453125 0.2238118515625 0.664421375 0.23233066249999998 0.665040059375 0.254332165625 0.6714250890625 0.261067653125 0.6740127984375001 0.27297211250000003 0.6722125046875 0.2890695640625 0.6791882203124999 0.29678102968750003 0.68315415 0.317637921875 0.6855168828125 0.321541834375 0.696796234375 0.3220601015625 0.7032937546875 0.3327958609375 0.70801934375 0.3205782296875 0.7135324703125 0.31633705624999997 0.7191862078125 0.3170962234375 0.72385543125 0.3229039109375 0.7281309484375 0.31471064375 0.7326315625 0.2944924671875 0.7359506859375 0.29234778906250003 0.7406480328125 0.299155546875 0.7470894296874999 0.2878657140625 0.7450924031249999 0.2769372328125 0.741660790625 0.2750816375 0.73685095625 0.2642736078125 0.7388762265625 0.25617670000000003 0.748636746875 0.24274219062500002 0.749452528125 0.231693259375 0.7464709890625 0.22581330156249999 0.740198446875 0.22307808750000002 0.736513859375 0.1921964203125 0.7160085453125 0.18406305 0.710158075 0.15627795 0.708273659375 0.1293242875 0.6951943796875 0.08482710624999999 0.6965446 0.072754015625 0.685715321875 0.0682113875 0.6734514546875 0.0727416421875
0 0.5664782109375001 0.4347767671875 0.564087234375 0.44989824218749996 0.5508107328125 0.4584769515625 0.54496001875 0.4707427609375 0.54389101875 0.492816534375 0.547772584375 0.5106732234375 0.5518230015625 0.514504865625 0.5540170046874999 0.51240836875 0.5691497984375 0.5297832546875 0.5905271359375 0.5288678296875 0.5939869921875001 0.5116980375 0.5932277 0.48469619374999995 0.613114328125 0.47082806250000003 0.6229028484375 0.47841907499999997 0.6400889140625 0.5087225796875 0.6488649234375 0.500336590625 0.643323915625 0.4635267859375 0.625547046875 0.452272759375 0.6147740109375001 0.44973026718750003 0.6052105890624999 0.43011434375 0.60504185625 0.42411393437499995 0.6088954203125 0.42094509843749994 0.6085860796875 0.409944346875 0.6123834 0.404775375 0.59103430625 0.3866654125 0.576942146875 0.386267596875 0.5681661390625 0.3946535859375 0.5619215953125 0.4129438953125 0.5643405734375 0.41884794531249997 0.5612464234375001 0.42899316875000004 0.5664782109375001 0.4347767671875
0 0.2214312734375 0.4225180796875 0.21898405312500002 0.43563941875 0.22660669375000003 0.44632699843749996 0.23462316562500002 0.4509900765625 0.23822350937499998 0.4588460828125 0.23948924218749998 0.46379824375 0.235326215625 0.475991784375 0.23737948593749997 0.488920403125 0.252568646875 0.48826996874999995 0.2640448515625 0.4957887125 0.2738897390625 0.4853544078125 0.3021865453125 0.49015031093749994 0.3057870125 0.47798086093750003 0.3060402328125 0.46695601875000003 0.313212921875 0.46164250625000003 0.317207096875 0.46347401093749996 0.32339514999999996 0.48323447656249996 0.32789564375 0.4830417546875 0.3397658 0.46451054375 0.34176295 0.4554135671875 0.342634975 0.4463647734375 0.3382189703125 0.42953224375000004 0.3334653796875 0.42072434999999997 0.3217359546875 0.4242304484375 0.3148446078125 0.4195191875 0.296224075 0.3782631140625 0.2943676609375 0.372334975 0.29706797812499997 0.36821424999999997 0.24646580937499998 0.33133151875 0.236367825 0.332765209375 0.2288294265625 0.3451032890625 0.22671966875 0.37022544687500003 0.23341404062499999 0.387961684375 0.22978545156250002 0.3991310671875 0.2205031265625 0.40954128125 0.2214312734375 0.4225180796875
0 0.3943072421875 0.28094463125 0.3876127484375 0.2832338484375 0.376755103125 0.3177420625 0.3768957125 0.3227424046875 0.3880062125 0.337285715625 0.387246675 0.350334784375 0.3818741578125 0.35957629999999996 0.3828866703125 0.3755533015625 0.38929982343749997 0.3832888578125 0.41529014062499997 0.38618098437500004 0.426147540625 0.39172368281250003 0.4315200578125 0.3824821671875 0.4415055546875 0.37704820156249996 0.4395647734375 0.368119859375 0.440943115625 0.3570468359375 0.46063276875000003 0.35620368281250003 0.47320597500000006 0.3626741765625 0.48198186249999997 0.3743136453125 0.49213596875 0.394905546875 0.4948080453125 0.4098102109375 0.49767709531250004 0.411689896875 0.5031621015625001 0.4064486546875 0.5045966890625 0.3973757703125 0.5016151484375 0.3914958109375 0.5007151234375 0.3795190796875 0.49376753281249997 0.372807684375 0.4916580171875 0.3578789296875 0.5037250281250001 0.346348196875 0.513288575 0.3459386640625 0.5169734078125 0.33676941875 0.5180705296875 0.315695715625 0.5121074515624999 0.30393579531250003 0.503556540625 0.300296875 0.49975922031250003 0.3054658484375 0.49247404218749996 0.3067790875 0.482179203125 0.3012123 0.47284075468750003 0.28959692187499997 0.46578079843750003 0.258859796875 0.460127059375 0.2581006296875 0.4468508046875 0.22662842656249998 0.435993403125 0.22108573125 0.4258672953125 0.221519353125 0.42094485156249994 0.2267365046875 0.42119795 0.23573711875 0.4160785296875 0.25397925 0.3943072421875 0.28094463125
0 0.1367803765625 0.096171653125 0.1342206671875 0.1052927171875 0.1345581296875 0.1172935390625 0.14111189375 0.13002943281249998 0.1444871390625 0.1499103484375 0.1532067828125 0.1595496796875 0.17534353593750002 0.16561064375 0.1920235265625 0.1578874609375 0.2011371203125 0.1414768359375 0.2109536421875 0.170093375 0.2262834125 0.1744432828125 0.2339623 0.1871309984375 0.2382939375 0.20096332499999997 0.2559020765625 0.2062169390625 0.265212521875 0.19680679375000001 0.29643474687500004 0.1854570625 0.30180714375 0.19624100312499998 0.314492959375 0.186686315625 0.32101860000000004 0.19842214375 0.3272067765625 0.19815715312499999 0.33252305 0.18691549999999998 0.3306667546875 0.1609619046875 0.33781144531249996 0.13462286875 0.34684055156250004 0.13523749375 0.3560946328125 0.1438526671875 0.35975134375 0.133683353125 0.3604546375 0.1186341484375 0.3671210078125 0.1153448625 0.367486715625 0.10832029375 0.362705003125 0.09851233125 0.3499629453125 0.10606688281250001 0.34574379375 0.09623483125 0.3429309859375 0.0963552828125 0.3341831015625 0.1057413375 0.327460484375 0.1070304875 0.307377121875 0.0938726875 0.30374865624999997 0.0850166125 0.30684280468749997 0.0748713890625 0.3025674109375 0.06303919999999999 0.3010485796875 0.049086425 0.2859720296875 0.033711675 0.284390928125 0.02955000625 0.210834978125 0.032699834375 0.200687534375 0.0653993765625 0.19154581875 0.080809934375 0.1803508328125 0.083291871875 0.171546703125 0.0906777921875 0.16620230625000001 0.10091937499999999 0.15900149531250002 0.1052328203125 0.1406620625 0.0940028859375 0.1367803765625 0.096171653125
0 0 0.314548671875 0.005630465625 0.31951349218749997 0.013309471875000001 0.3121757515625 0.02697968125 0.317598 0.036093275 0.301187375 0.044503575000000004 0.2998259546875 0.049791604687500005 0.3076096890625 0.0541794875 0.3234421515625 0.069059184375 0.3318164234375 0.078031925 0.35045636875 0.0832355890625 0.3552398984375 0.0899019609375 0.3519506109375 0.09859348125 0.360589875 0.12120842968750001 0.36362654375000003 0.1268622875 0.3443602546875 0.1345412953125 0.3370225140625 0.136088490625 0.311924446875 0.13504785625 0.29494737656250003 0.1242466984375 0.291404815625 0.115273959375 0.27276486875 0.1032914375 0.2672703515625 0.09572503906249999 0.258582909375 0.09175910781249999 0.237726015625 0.0870617625 0.23091825937500002 0.081801975 0.2041091375 0.0843335625 0.193988003125 0.0933064265625 0.1926024921875 0.0995227234375 0.1933375703125 0.10250426406249999 0.199217528125 0.137636175 0.2067245546875 0.13878954375000002 0.1876509875 0.1344297828125 0.17281859375 0.1286354359375 0.16705908593750002 0.1181154984375 0.1735172078125 0.0800864140625 0.1631304265625 0.038625837499999996 0.1308625953125 0.03204383125 0.1371520859375 0.022170699999999998 0.166611778125 0.011988226562499999 0.1850707203125 0.0052374890625 0.18535980000000002 0 0.19159818125 0 0.314548671875
0 0.5054457953125 0.567780025 0.502745475 0.5719007484375 0.5040112078125001 0.576852909375 0.5009451796875 0.5879982015625 0.5012545234375 0.598998953125 0.4861777265625 0.6236751140625 0.48755594843749994 0.6326275484375 0.525472665625 0.6189886015625 0.533151796875 0.59162540625 0.5328986984374999 0.5826247906249999 0.5218163203125 0.569081546875 0.5115214828125 0.5635147593750001 0.5054457953125 0.567780025
0 0.44901969375000006 0.7644431859374999 0.4618742421875 0.7608889078125001 0.47278800781249997 0.7484062859375 0.4819294796875 0.773046640625 0.4798760875 0.7801434796875 0.47436296093749997 0.7843846531249999 0.47447545 0.7883849281249999 0.482520040625 0.794048075 0.5071602609375 0.7889878359375 0.5147830234375 0.7796499609375 0.519986809375 0.7644080343749999 0.5142205828125 0.7596485953125 0.50935450625 0.746840428125 0.5111829218749999 0.7317430421875 0.5076669421875 0.7268872421875 0.5037852578125 0.729056009375 0.4532114515625 0.653122434375 0.4417633671875 0.646603759375 0.43734724218750004 0.649796684375 0.43596890000000005 0.66086970625 0.43880970625 0.6817747796875 0.4305961375 0.710162134375 0.448569984375 0.70839118125 0.45180462343750005 0.7232717546874999 0.4471915203125 0.739489659375 0.44901969375000006 0.7644431859374999