0 0 0.3665064515625 0.0023824109375 0.3677766203125 0.036321684375 0.3716602828125 0.0434387484375 0.3703462234375 0.0523768171875 0.363129790625 0.07053725625 0.356093253125 0.07242386875 0.351897725 0.0710103796875 0.341763096875 0.0626766453125 0.3380630671875 0.048420646875 0.3401222359375 0.029305967187499997 0.3489720625 0.0169365828125 0.34683570625 0.0026587125 0.3483259296875 0 0.349649934375 0 0.3665064515625
0 0.099372834375 0.31880974218749997 0.09138900625 0.32421288593750003 0.0917607796875 0.3338850078125 0.1161139046875 0.35476367343750004 0.13043550937499998 0.354411346875 0.1425643359375 0.35028927187500003 0.16608644374999998 0.34954789375 0.1781715328125 0.344287921875 0.17877586875 0.33337145625 0.170442134375 0.3296714234375 0.15807274843750002 0.32753506718750003 0.142884378125 0.3319764765625 0.132521884375 0.3287738078125 0.13131615000000002 0.324044190625 0.11779570156250001 0.31860058593749996 0.099372834375 0.31880974218749997
0 0.256219378125 0.350231825 0.265704175 0.357239103125 0.2811549734375 0.35962507499999996 0.2942817796875 0.35482760625 0.295884096875 0.34323574843750004 0.271705921875 0.326908671875 0.23665932500000003 0.3208556609375 0.225528478125 0.32430234375 0.21958434218749998 0.329492596875 0.2187613140625 0.334719578125 0.22412298125 0.3410147375 0.256219378125 0.350231825
0 0.38272176562500004 0.419648396875 0.39788826718750003 0.414638040625 0.4005760359375 0.40464658125 0.392588209375 0.3966262140625 0.3882205234375 0.3762321515625 0.380775425 0.3690119859375 0.36851538125 0.3697203703125 0.35842625 0.37362955625 0.34695349375 0.3948200859375 0.3483669828125 0.4049547140625 0.37245768125 0.419005996875 0.38272176562500004 0.419648396875
0 0.22782614531249998 0.4373570546875 0.23717972812500002 0.4409506421875 0.2494179015625 0.4396733078125 0.258443446875 0.43473266875 0.2618449 0.4166694875 0.2594334296875 0.40721025468749994 0.24143995000000001 0.39195135625 0.22714021093749998 0.39287263125 0.21818027187500003 0.399520115625 0.218573915625 0.4097611875 0.2272028796875 0.42114202343749996 0.22782614531249998 0.4373570546875
0 0.11784955 0.42655762187499996 0.1340359 0.4214408203125 0.14653650000000001 0.4269908671875 0.158687196875 0.42343773906250004 0.1554527015625 0.41920548750000003 0.162416684375 0.41390878750000004 0.145618003125 0.4030950328125 0.1028062671875 0.40813465000000004 0.09480056875000001 0.41296884375 0.09410875468749999 0.421609515625 0.10352794531250001 0.4269099484375 0.11784955 0.42655762187499996
0 0 0.42702269218750005 0.010415634375 0.428631115625 0.00564443125 0.4376975640625 0.0091632234375 0.4493261484375 0.0246796296875 0.45341896718749997 0.038870021875 0.44965295000000005 0.036581771875 0.416760384375 0 0.4037142484375 0 0.42702269218750005
0 0 0.5034736093750001 0.0020184109375 0.5031963562499999 0.028228285937499997 0.492463521875 0.0415300453125 0.49221763906250005 0.0557204359375 0.4884516234375 0.060622854687500005 0.48279886562499996 0.066698203125 0.4810223015625 0.06650138125 0.47590176562500003 0.048814065625 0.46860814531250006 0.0334726125 0.469066915625 0.0223417640625 0.4725136 0.0089743984375 0.471052634375 0.0029209187500000003 0.473398146875 0 0.47712172500000005 0 0.5034736093750001
0 0.08182096562499999 0.474874046875 0.0881587421875 0.479924865625 0.10562736875 0.481529 0.1249388671875 0.477799709375 0.15067561875 0.48139703125000005 0.16694944375 0.47855602187499996 0.172915446875 0.473934715625 0.17256554375 0.4648315421875 0.166205896875 0.459211775 0.149800859375 0.4586390921875 0.13018319375 0.4544031046875 0.0996752390625 0.45987223281249995 0.0835107578125 0.4655579828125 0.08182096562499999 0.474874046875
0 0.19617512343750002 0.4663659578125 0.20047320468750002 0.4716296640625 0.234587428125 0.48006491406249996 0.24675999375000002 0.47708073593749994 0.273319771875 0.47545107499999995 0.2843631453125 0.4697286 0.29323560937500004 0.46080532031250004 0.288850053125 0.4532658203125 0.2561711875 0.455534146875 0.2410046859375 0.46054450312500006 0.2192379796875 0.45367666250000005 0.20292041562500002 0.45537977500000004 0.197930521875 0.4587567375 0.19617512343750002 0.4663659578125
0 0.3472603953125 0.42944349531250003 0.3408212671875 0.44839495781250005 0.343145259375 0.455578396875 0.3607013609375 0.45945832812500004 0.3691444390625 0.4660031015625 0.38559321562500004 0.4677136796875 0.3936863921875 0.465155278125 0.3996523953125 0.46053397343749997 0.3993243609375 0.4519997453125 0.38154956875 0.4424303328125 0.38195708437500003 0.42639333281249997 0.3776808734375 0.4216985734375 0.371452440625 0.41949249843749997 0.3571745734375 0.4209827203125 0.3472603953125 0.42944349531250003
0 0.4719661125 0.4238536 0.46085713124999994 0.42786923281250006 0.456712134375 0.426588165625 0.43533906875 0.4299613953125 0.42846256250000003 0.4375338875 0.42632151875 0.46174905624999996 0.43571883749999996 0.466480540625 0.45010605000000004 0.46783506093750005 0.47937546875 0.4567828921875 0.48866344375 0.45866963437499997 0.5069988328125 0.45618468593749995 0.51496079375 0.45021259375 0.517779778125 0.4436348265625 0.51432659375 0.43371308906249995 0.5049292734375 0.4289816046875 0.48533347656250003 0.42531456562500003 0.4839855953125 0.4168867828125 0.469729596875 0.41894595468749996 0.4719661125 0.4238536
0 0.5107091546875 0.36160486718749996 0.5044151171875 0.357691946875 0.4870558359375 0.358932553125 0.478008421875 0.36330424375 0.47312787187499994 0.3695259515625 0.444528396875 0.3713685 0.43042548125 0.377410309375 0.43290255625 0.38857638906249997 0.48624080468750003 0.39100655624999997 0.492272415625 0.3880920953125 0.5107091546875 0.36160486718749996
0 0.63789955625 0.2920970875 0.6298501187500001 0.29579338593750004 0.6229736124999999 0.30336587656249997 0.602686003125 0.308339509375 0.593769803125 0.316124890625 0.595117684375 0.3245526734375 0.60855065625 0.3277204828125 0.6177292859375 0.32676248124999996 0.6389273984375 0.3188376640625 0.6432036109375 0.3235324234375 0.6566365828125 0.32670023125 0.674993840625 0.32478423125 0.683021409375 0.320518984375 0.6859059984375 0.3156480640625 0.682518421875 0.3074331703125 0.6638768671874999 0.301952840625 0.656366159375 0.2930258296875 0.647078184375 0.2911390859375 0.63789955625 0.2920970875
0 0.5877906375 0.3736818328125 0.57475130625 0.38075509375 0.5730833843750001 0.39064010625 0.5855621156249999 0.39562120625 0.60385376875 0.3919983609375 0.6108614875 0.38783955937500003 0.6262029421875 0.3873807890625 0.6490908453124999 0.37013990625000004 0.652951546875 0.36402464375 0.651669271875 0.3573037078125 0.6412958421875 0.3538165640625 0.6280378203125 0.35520034218749996 0.6159746 0.3610292640625 0.61024915625 0.37190900312499997 0.6021559812499999 0.37446740312500004 0.5877906375 0.3736818328125
0 0.5965055640625 0.4672161328125 0.60564045625 0.46512023593749996 0.63069926875 0.45108015625000003 0.6421282890625 0.4287517296875 0.6419314671875 0.4236311921875 0.633575865625 0.4193622125 0.6233773874999999 0.4204266578125 0.6103161890625 0.4269309703125 0.5976267625 0.44310740937500004 0.5876032359375001 0.4487234421875 0.5837425374999999 0.45483870312499997 0.5841143093750001 0.4645108265625 0.5965055640625 0.4672161328125
0 0.48032383125000006 0.5080946984375 0.49100342656249996 0.51954711875 0.48519050625000004 0.5281510640625 0.4866039953125 0.5382856921875 0.49190005625 0.54287400625 0.507285246875 0.54355313125 0.5203683140625001 0.5376177671875 0.534966221875 0.5178147484375 0.536721621875 0.5102055296875 0.5189030921875 0.49949822031249996 0.511326778125 0.48886436250000004 0.48986623749999997 0.48996179843750004 0.47990831875 0.4972846765625 0.48032383125000006 0.5080946984375
0 0.340022225 0.5341630015625001 0.3514811109375 0.5392505453124999 0.362160703125 0.5507029671875 0.37557180625000003 0.5533018281250001 0.3887642203125 0.55021120625 0.3923406234375 0.5366996140625 0.385762290625 0.5253903625 0.393505559375 0.5137287875000001 0.39096287812499997 0.5008558609375 0.37859349062500003 0.4987195046875 0.3633613828125 0.5020230156250001 0.3526897828125 0.5174176171875 0.33965045312500003 0.5244908781250001 0.340022225 0.5341630015625001
0 0.2869443984375 0.555503709375 0.28556665312499996 0.51965995625 0.2578776828125 0.5185513187499999 0.2567484875 0.5158130203125 0.2453989515625 0.51357021875 0.23211906093749998 0.5143850484375 0.2159108421875 0.5189329015624999 0.218191096875 0.524978446875 0.210753990625 0.5446053015625 0.2136684453125 0.56715035 0.2534862453125 0.5641369125 0.2869443984375 0.555503709375
0 0.1125781875 0.521149565625 0.1007773953125 0.53380586875 0.0916206328125 0.5353328171875 0.0947100421875 0.5624294546875 0.10011544531250001 0.5698625109375001 0.1125504390625 0.5737057140624999 0.12374689531250001 0.571965875 0.13175259374999998 0.56713168125 0.1370843953125 0.5460108703125 0.144157725 0.5435589125 0.1456725640625 0.5296912609375 0.145322659375 0.5205880859375001 0.139028621875 0.5166751656249999 0.12468514687500001 0.5164585421875 0.1125781875 0.521149565625
0 0 0.5774556953125 0.0061801109375 0.576810659375 0.026117815625000002 0.5627338515625 0.030954628125 0.5553742484375 0.0302110828125 0.53603 0.0227441125 0.5282408843749999 0.0235234 0.5218760078125 0 0.523525590625 0 0.5774556953125
0 0 0.6374953875 0.00104290625 0.6401822515625 0.01037461875 0.6432068906249999 0.0205730953125 0.6421424453125 0.0316383375 0.6369889171875001 0.03352495 0.6327933890625 0.030807315624999998 0.6153688765625 0.01552656875 0.6005711578125 0 0.6009770750000001 0 0.617736778125 0.0053111234375 0.6180299890625001 0 0.6272777671875 0 0.6374953875
0 0.0806347671875 0.63301748125 0.0928292 0.63060225 0.105242325 0.6338765046875 0.1713574765625 0.6224060265625 0.18324574375 0.61202551875 0.1796832125 0.5992590375 0.164341759375 0.5997178062499999 0.1569185296875 0.5930665875 0.1354579890625 0.594164025 0.1315098125 0.5980034937500001 0.09062842812500001 0.599985478125 0.0908471171875 0.6056749625 0.078827634375 0.61264178125 0.0806347671875 0.63301748125
0 0.22640023281250002 0.61590303125 0.25081096875000003 0.6116415187500001 0.2766351984375 0.617514634375 0.28681180624999997 0.615881240625 0.29177983125 0.6119353281250001 0.29138619062500004 0.60169425625 0.27363326718750003 0.592693790625 0.2602877703125 0.591801775 0.240954403125 0.594962115625 0.22559108125 0.5948519375 0.21459144375 0.6017123109375 0.2149632171875 0.6113844359375 0.22640023281250002 0.61590303125
0 0.3586524 0.5935310234375 0.37855436249999996 0.605163340625 0.395068746875 0.6085807671875 0.4060246453125 0.6005824953125 0.40667272031249996 0.5908039281249999 0.40239650625 0.5861091703125 0.3899615125 0.5822659671875 0.3812341390625 0.5683248625 0.37290040625 0.5646248296875 0.3616383421875 0.5646578234375 0.34864275 0.5728689828125 0.34894891562499997 0.5808342609375 0.3586524 0.5935310234375
0 0.4508422625 0.5580081453125 0.44704717031249996 0.565830253125 0.44902925312499997 0.5907575390625001 0.4566274359375 0.601960346875 0.4934950359375 0.6021109859375 0.5005683640624999 0.5996590281249999 0.5062938078125 0.5887792890625 0.5256927828125 0.5873257921875 0.5305514640625 0.5805351375 0.5273388375 0.57687183125 0.5300047390625 0.5663114265625 0.50125218125 0.5641713359375 0.48768799375 0.5575898359375 0.4916361734375 0.553750365625 0.4508422625 0.5580081453125
0 0.5958176703125 0.556781546875 0.5954976296875001 0.575094340625 0.600771821875 0.57911370625 0.6181967078125 0.5795799453125 0.6311923 0.5713687843749999 0.644537796875 0.5722608 0.6487702703125 0.5758176625 0.6528277921875 0.5748229359375 0.6462057203125 0.5623757890625 0.6357229453125 0.556043903125 0.63012071875 0.5434903109375 0.6208327453125 0.54160356875 0.6056006375 0.54490708125 0.5975949375 0.5497412749999999 0.5958176703125 0.556781546875
0 0.4717701390625 0.6594120109375 0.47901841562499997 0.6615116421875 0.50039148125 0.6581384124999999 0.503341678125 0.6549743359375 0.5498610328125 0.63983681875 0.55860228125 0.62749985 0.5571669234375001 0.6167962734375 0.5354439546875 0.6110663296875 0.50573715625 0.6107395265625 0.4947593921875 0.6181688484375 0.471179675 0.644050403125 0.4672752359375 0.64902776875 0.4717701390625 0.6594120109375
0 0.337907659375 0.6665288546875 0.3452434140625 0.670904278125 0.3656622359375 0.6693443390625 0.376705609375 0.6636218609375 0.37948085625 0.6559061984375 0.3875521609375 0.6527788484375 0.4030029609375 0.6551648218749999 0.41714961562499997 0.6502609078125 0.42189895 0.6406255109375001 0.41655915156249995 0.6348993 0.40831289374999996 0.6334750609375 0.3664991375 0.637839284375 0.338665078125 0.659595028125 0.337907659375 0.6665288546875
0 0.21795127500000003 0.6624833515625 0.22845591875000001 0.6693841859375 0.24182328437499997 0.67084515 0.2540395875 0.6689988671875 0.2553874703125 0.67742665 0.2696216 0.6747985296875 0.29017163749999997 0.6766522796875 0.303123490625 0.6673032234375 0.2996484359375 0.6568125359375 0.2746691046875 0.6462813890625 0.24804372031250002 0.646204203125 0.223742325 0.6533104578125 0.21883990781249998 0.658963215625 0.21795127500000003 0.6624833515625
0 0.099416375 0.6954194984375001 0.0986152171875 0.7012154265625 0.1039987546875 0.708079534375 0.120360053125 0.7075143203125001 0.150321284375 0.6878214812500001 0.16564087031250002 0.6867937625 0.1787676765625 0.6819962937499999 0.18251903125 0.673036290625 0.1792845375 0.6688040359375 0.167891259375 0.6654233359374999 0.1353436109375 0.671105353125 0.12306169843749999 0.6712447890625 0.11601024062500001 0.67426569375 0.10930868593750001 0.686389775 0.099416375 0.6954194984375001
0 0 0.6995738265625 0.01153451875 0.7000221343749999 0.0440384328125 0.693202221875 0.052109737499999996 0.690074871875 0.0600279609375 0.6829648828125 0.056640384375 0.6747499890624999 0.044249128124999995 0.672044684375 0.0269773234375 0.6755610843750001 0.0209675828125 0.67904449375 0 0.67985474375 0 0.6995738265625
0 0 0.7739925953125 0.0022049234375 0.7769696125000001 0.0073478984375 0.7775752875 0.0005588703125 0.7874235734374999 0.054341434375 0.788093671875 0.07444715468749999 0.7917074890625 0.09269506875 0.786946746875 0.086852284375 0.768134721875 0.071502834375 0.7417464703125 0.054165425 0.7435560265625 0.02434928125 0.7403844828125 0 0.744534459375 0 0.7739925953125
0 0.115932875 0.778809040625 0.1201216125 0.7812280031250001 0.1425363921875 0.7783172765625 0.147263859375 0.76811293125 0.14472117499999998 0.75524000625 0.15867100781250001 0.7452155578124999 0.1550866109375 0.7318801265625 0.140677528125 0.729956659375 0.1315645046875 0.7326215046875 0.12156284843750001 0.7388064859375 0.111911096875 0.754094640625 0.111437975 0.768424796875 0.115932875 0.778809040625
0 0.352507684375 0.7266979546875 0.3517502625 0.7336317796875 0.356026475 0.7383265375 0.3652707109375 0.7390753828125 0.37642342812499996 0.7361976484375 0.39219426875 0.7202708265625 0.3972716375 0.7191696546874999 0.40419188124999994 0.712735059375 0.39989379999999997 0.707471353125 0.40386384687500004 0.7042008328125 0.40269091562500003 0.7003246375 0.39344667968749997 0.6995757921875 0.3763716953125 0.70821273125 0.36417726250000004 0.7106279609375 0.352507684375 0.7266979546875
0 0.5129299406250001 0.7179514515625 0.5353009828124999 0.7139028281249999 0.541135771875 0.70586783125 0.539831628125 0.6985779453125 0.5244215546875 0.688380709375 0.5143055703125 0.6738230859375001 0.502890425 0.669873440625 0.48963240468749997 0.67125721875 0.48167044375 0.677229309375 0.4898153515625 0.7026558281249999 0.5138185734375 0.7144313171875 0.5129299406250001 0.7179514515625
0 0.627776975 0.6157100390625 0.6136521890625 0.6211829 0.6150219421875 0.6301796296875 0.63008709375 0.6491715515625 0.630415128125 0.657705778125 0.6559769281250001 0.6567515125 0.6599688421875001 0.6540499421875 0.6732487328125 0.6532351109375 0.6706404421875 0.638655340625 0.6741512390625 0.623436903125 0.669984371875 0.6215868875 0.6671792625 0.6018865796874999 0.653768159375 0.5992877187500001 0.6456312468750001 0.6007082234375 0.6335680265625 0.6065371453124999 0.627776975 0.6157100390625
0 0.7334939609375 0.6677993578125 0.7181962453125 0.669396025 0.7149398812500001 0.6645948234375 0.6973837796875 0.66071489375 0.69204398125 0.654988684375 0.6638162828125 0.6665033546875 0.6612597250000001 0.679908503125 0.6761499265625 0.6943488359375001 0.6776727593749999 0.7073282078124999 0.670686909375 0.7120559578125001 0.6739432734374999 0.716857159375 0.7283669765624999 0.720887728125 0.7445751921875 0.7163398734374999 0.7584156828124999 0.7034706828124999 0.7490621 0.6998770953125 0.7457401296875 0.6933690453125 0.7500520828125 0.6723546796875 0.741390315625 0.6601204218750001 0.7363129453124999 0.6612215921875 0.7334939609375 0.6677993578125
0 0.6448618859375 0.78679846875 0.659117884375 0.7847392984375 0.6670579765625 0.7781982578125 0.6714574078125 0.7594596859375 0.6803298703125 0.7505364078125 0.67896011875 0.7415396750000001 0.6675668421875 0.7381589765625 0.6553505375 0.740005259375 0.62640915625 0.759591653125 0.6257610812500001 0.769370221875 0.6345103265625001 0.783880275 0.6448618859375 0.78679846875
0 0.5279374796875 0.76208355 0.5189119343749999 0.7670241890625 0.5206315890625001 0.7851240953125 0.5280985578124999 0.7929132109375 0.5434618796875 0.7930233890625 0.55352914375 0.7885452546875 0.555197065625 0.778660240625 0.551918834375 0.7732900890625001 0.5647832125 0.7616652390625 0.565475025 0.7530245671875 0.5550578578125 0.748399528125 0.540823728125 0.7510276484375 0.5327961609375 0.75529289375 0.5279374796875 0.76208355
0 0.40208869375 0.7912132203125 0.402875978125 0.8116953640625001 0.41240451250000004 0.8198405390625 0.42674798750000004 0.8200571625 0.4328233375 0.818280596875 0.4397217109375 0.811277053125 0.43804579375 0.7943150453125 0.44587654062500004 0.7849292625000001 0.446524615625 0.7751506953125 0.4412285546875 0.7705623796875 0.433004165625 0.769707090625 0.421807709375 0.7714469296875001 0.41180605625 0.7776319093749999 0.40208869375 0.7912132203125
0 0.815023503125 0.8014052968750001 0.805844875 0.8023632968750001 0.7960181687500001 0.813099865625 0.78466863125 0.8108570640625 0.7745357609375 0.8136283531249999 0.737624421875 0.8123398187499999 0.7342885765625 0.83210984375 0.735010253125 0.8508851421875001 0.7391771203124999 0.852735159375 0.7504173140625 0.85213321875 0.7608782203125 0.8578961546875 0.7700131109374999 0.8558002578125 0.7824043656249999 0.8585055640625001 0.798634453125 0.8545266578125 0.819438925 0.83636076875 0.8346272953125 0.8319193578125 0.84148193125 0.8237779171874999 0.8421737453125001 0.8151372468750001 0.83583596875 0.8100864281250001 0.8204070390625 0.80826940625 0.815023503125 0.8014052968750001
0 0.7986223359375 0.7588170296875 0.7758576500000001 0.75262458125 0.73404389375 0.7569888031249999 0.7219588046875 0.7622487765625 0.7224180546875 0.7741966953125 0.731771634375 0.7777902812499999 0.7362009296875 0.7864676796875 0.7333163375 0.7913386 0.7395885078125 0.7946825734375 0.7570571312500001 0.7962867078125 0.7692078296875 0.7927335796875 0.7744164125 0.7950461 0.7969186703125 0.7944111671874999 0.805274271875 0.7986801484375 0.812063303125 0.7888318609375 0.8123396046875 0.7693811687500001 0.81008121875 0.7639045734375001 0.7986223359375 0.7588170296875
0 0.6123588343749999 0.8539248609375001 0.6247938265624999 0.8577680640625 0.6410895203125 0.8554960046875 0.6550830921874999 0.8466094500000001 0.698091646875 0.8466903718750001 0.7082463875 0.8444880296875 0.712995721875 0.8348526328125001 0.7113416734375 0.818459571875 0.706111221875 0.8155781031249999 0.69103219375 0.8228642546874999 0.63990859375 0.8247727875 0.618841696875 0.8361112953125 0.6109672125000001 0.8443591828124999 0.6123588343749999 0.8539248609375001
0 0.5084080625 0.8666995515625 0.5294173515625 0.8805012203125001 0.55491354375 0.877840109375 0.5598596984374999 0.8733252484375 0.5595972703125 0.866497865625 0.5405183328125001 0.8496385671875 0.54333731875 0.8430607999999999 0.5389080234375 0.8343834031249999 0.5284908578125 0.8297583625 0.5141911203125 0.8306796375 0.504276940625 0.8391404124999999 0.5041537218750001 0.86257374375 0.5084080625 0.8666995515625