0 0 0.8514132421875 0.0028887765624999997 0.8563923609374999 0.0153600421875 0.8515834171875 0.0222354375 0.8579915984375001 0.0378647328125 0.8549976499999999 0.0468042390625 0.8595212296874999 0.049477175 0.8641283296875001 0.0484698703125 0.8669273921875 0.054810679687499995 0.87241415 0.0607282625 0.8853349109374999 0.073447 0.8990935703125 0.0797135671875 0.8990100484375001 0.0898583578125 0.9155886499999999 0.10013925625 0.942379434375 0.10648006562500001 0.9478661953125 0.14365876093750002 0.9158001328125 0.178498609375 0.9041932375 0.18849491406250002 0.909631275 0.1936428109375 0.903991390625 0.197112703125 0.89001696875 0.1953109625 0.872398621875 0.1630450640625 0.8811855765625 0.16050823593750002 0.886790659375 0.15477625781249998 0.8877956015624999 0.14640846093749998 0.8869785828125 0.14367365625 0.87772958125 0.14751727812499998 0.8526076328125001 0.151608375 0.846053290625 0.15448181249999998 0.82651554375 0.161159228125 0.8180696375000001 0.172051478125 0.8123531937499999 0.17964958749999999 0.794609565625 0.18952215625 0.7907638015625 0.18983401875 0.7749743765625 0.18743582187500002 0.7517927109375 0.18003821250000002 0.7453914921875 0.17405875937499998 0.7278288296875 0.1532196984375 0.7318207578125 0.14549785312500002 0.7402805828125001 0.139194165625 0.7375789640625 0.1345561078125 0.7422835078125 0.126958 0.7600271328125 0.11349180156250001 0.7685635203125 0.11003428125 0.7834663265625 0.10543334687499999 0.7909560109375 0.097587765625 0.7901320328125 0.08851214843750001 0.775396271875 0.0760532578125 0.781133596875 0.068655646875 0.7747323781250001 0.0454529890625 0.7973267109375 0.043599234375000004 0.8149937765624999 0.034011259375000005 0.8401922875000001 0.0225472984375 0.8422021734375 0.012476751562500001 0.8311938515625 0.010774 0.8210025515625 0.006074075 0.8210651921875 0 0.8269800171874999 0 0.8514132421875
0 0.3534617703125 1 0.353663503125 0.9969871265625001 0.35717051718750004 0.98579784375 0.353913496875 0.9765558015625 0.35693541875 0.9681586187500001 0.375039671875 0.9549176875000001 0.3813186140625 0.9557625468750001 0.38978539843750004 0.9640066046875001 0.3923964671875 0.9639718046875 0.3959282296875 0.9546392796875001 0.40802576406249996 0.9609778578125001 0.41207973906250006 0.9516383749999999 0.411470909375 0.945146671875 0.40516722187500004 0.9424450546875001 0.4039371890625 0.9285332703125 0.40015795625 0.919298190625 0.3919138953125 0.9277649734375 0.383570846875 0.92880471875 0.3759381375 0.9047642734375 0.37666085 0.8806124671875001 0.3713026015625 0.8704698859375 0.3655582484375 0.8705464468749999 0.3599623796875 0.8817635734374999 0.347840096875 0.873568234375 0.3432762828125 0.883843059375 0.31390856718750004 0.8749490265625001 0.30491956875000004 0.8667119265625001 0.2888051796875 0.8724979734374999 0.2853229140625 0.8855440187499999 0.2786949890625 0.8977034453125 0.2646570828125 0.9025332703125001 0.25666049687500003 0.9295676609375001 0.24758488125000003 0.9148319 0.23183185 0.90854204375 0.211552121875 0.9153121531249999 0.20384265 0.9247003578124999 0.2014790546875 0.9433027624999999 0.195895559375 0.95544826875 0.19604404375 0.96658883125 0.1987664765625 0.9749094546875 0.20244672187499999 0.9767174921875 0.21900908281250003 0.9653542046875 0.22584735625 0.9689772421875 0.23119323125000002 0.9781914421875 0.23963527031249998 0.9845787406250001 0.25010429375 0.9862962984375001 0.2590994796875 1 0.3534617703125 1
0 0.5307889234375 0.7666202359375001 0.5385726375 0.7628023109375001 0.5436462921875 0.751592146875 0.5418198046875 0.73211704375 0.53805294375 0.7238103406249999 0.5291753078125 0.7239286640625 0.5175504921875 0.7138696062500001 0.518931528125 0.699923021875 0.525111478125 0.6933408375 0.5254852109375 0.6821933140625001 0.5280220375 0.67658823125 0.5263440312500001 0.6682536906250001 0.5210600249999999 0.663681390625 0.518473703125 0.6655729515625 0.516570453125 0.6795264953125 0.5079526624999999 0.6991408046875 0.5002679390625 0.710385771875 0.48886584843750003 0.71703755625 0.4705883609375 0.7172811625 0.468885609375 0.7070898609375 0.4703408875 0.6987135578125 0.46087917031250003 0.6941969390625 0.45554566875 0.68591111875 0.445697846875 0.69161364375 0.4217255015625 0.6956473328125 0.4160801390625 0.7031509375 0.415755903125 0.71801198125 0.42108940468749995 0.7262978015625 0.4222946890625 0.738352825 0.4125582296875 0.7524107734375 0.4126200984375 0.757052675 0.4240072953125 0.7884714390625 0.43029860937500003 0.790244678125 0.451508878125 0.8141041546875 0.4569537453125 0.8307453984375 0.4570651078125 0.8391008203125001 0.46182690156249995 0.8436800812499999 0.47122675 0.8435547984375 0.4810745734375 0.8378522734375 0.4921673203125 0.80799098125 0.4973770875 0.8069929984374999 0.50273785625 0.77813665 0.5109447953124999 0.7668847234375 0.520270403125 0.7611891578125001 0.5270715578125 0.76202705625 0.5307889234375 0.7666202359375001
0 0.36854882031249997 0.663857003125 0.37261516875 0.6554458984375 0.37606031562500003 0.6396147125 0.3749045234375 0.6312732109375 0.3727043046875 0.622945628125 0.360992871875 0.6063879078125 0.3568151625 0.606443590625 0.3518404953125 0.6250807968750001 0.348209746875 0.626986278125 0.3413590984375 0.622434859375 0.3407007734375 0.6122296375 0.3368967921875 0.60113779375 0.3108603390625 0.607056084375 0.3013367515625 0.5978975671875 0.290991465625 0.6054638125 0.27689169062499996 0.6056517375 0.27548590625 0.6177415609375 0.2798121 0.6288264421875 0.278829540625 0.6334822640625 0.275795246875 0.6409510671875001 0.26854611875 0.645690409375 0.26189344999999997 0.655993075 0.264665375 0.66802721875 0.2643040203125 0.680103121875 0.27330539374999996 0.6892686 0.27709700000000004 0.6994320640625 0.27157537187499997 0.7162194687500001 0.274495784375 0.7393941749999999 0.2819552625 0.7504372953125 0.2913674859375 0.7512403937500001 0.3368397359375 0.7144210671875 0.334179171875 0.710742346875 0.3356715703125 0.7051511859375 0.351340509375 0.6659434484375 0.357545209375 0.6612180249999999 0.36854882031249997 0.663857003125
0 0.6379889640624999 0.6194098593749999 0.6540291109374999 0.6080535312500001 0.657748996875 0.5736477796874999 0.6492945859375 0.5663321 0.634533965625 0.59531373125 0.6257553171875 0.6028590984375 0.6067947609375001 0.5910407203125 0.6064606718750001 0.5659744546875001 0.6025948234375 0.5502407109375 0.58275069375 0.550505196875 0.5693958609374999 0.56739700625 0.5672822562500001 0.5655680875 0.5636762531249999 0.5693303296875001 0.5607656953125 0.586082934375 0.562604559375 0.606486421875 0.5684973953125 0.6175504218750001 0.5811295171874999 0.6248104203125 0.5839261921875 0.638701321875 0.5793005078125 0.6443342453125 0.582557528125 0.6535762859375 0.5805429156249999 0.659174409375 0.5870322078125 0.67580173125 0.5954866171875 0.683117409375 0.6085295937499999 0.682015025 0.6276164078125 0.664118275 0.6238990421875 0.65952509375 0.6237629328125001 0.6493129125 0.6200703140625 0.6465764921875 0.6199960703125 0.641006209375 0.6281040203125 0.622327240625 0.6379889640624999 0.6194098593749999
0 0.74835161875 0.7878626890625 0.7523932203125 0.7775948234375 0.7555017562499999 0.7756963015625 0.7569322875 0.7654632390625 0.7505296109375 0.755334578125 0.746438515625 0.761888921875 0.7432804828124999 0.760073921875 0.7383330859375 0.7415689578125 0.734056384375 0.7341975984375 0.7299529171875 0.7398235609375 0.72474315 0.74082154375 0.7194715171875 0.737177625 0.714623109375 0.7260997015624999 0.709014865625 0.736388446875 0.6985829625 0.73745603125 0.6965436 0.7411973921875 0.6936701640625 0.7607351390625 0.6875025859375 0.7682457031250001 0.689789421875 0.783071946875 0.687849046875 0.7942403515625001 0.6821913109375 0.800815575 0.6824635328124999 0.821239940625 0.672130615625 0.8297345671875 0.6611146296875 0.8261672093750001 0.649116084375 0.8272556734375 0.641916453125 0.8357085390625001 0.6409833875000001 0.8440778812499999 0.6467896093750001 0.84864321875 0.6489650796875 0.855114040625 0.6615105875 0.8558753781249999 0.66994025 0.8613342953125 0.6736947390625 0.8687126171875 0.6651511890624999 0.8938972062499999 0.6659332499999999 0.9133862328125 0.677508571875 0.9197317703125 0.690412915625 0.9474161328124999 0.6899649421875 0.9529933749999999 0.693246709375 0.964092178125 0.6969640765625 0.96868535625 0.7085022765625 0.9722457531250001 0.7183624703125 0.967471609375 0.716647346875 0.9563519250000001 0.727057021875 0.9144286515625 0.7277673640625 0.8893484640624999 0.732120825 0.8632911765625 0.7508091640625 0.8546851875 0.7530366500000001 0.825870596875 0.75874388125 0.8230088953125 0.761280709375 0.8174038124999999 0.7601001703125 0.8072055515625 0.7505394625 0.7952618890625 0.74835161875 0.7878626890625
0 0.4697792625 0.539011271875 0.47016536562500005 0.528792128125 0.47687990625000004 0.5231313656250001 0.47783771875000003 0.5166187828125001 0.47300168125 0.506469240625 0.4608546515625 0.49641714375 0.4483215203125 0.4965841875 0.44222818437500006 0.5096650328125001 0.44550995000000004 0.5207638359375 0.44199056406250004 0.5310247390625 0.44276024999999997 0.549585384375 0.433173534375 0.5552844296874999 0.42340121562500005 0.5470577703124999 0.422792384375 0.54056606875 0.41755787343749995 0.5397072890625 0.4143379734375 0.533250390625 0.4096133015625 0.5314562703125 0.40082228124999997 0.53807325625 0.3934989140625 0.5372423171875 0.392578221875 0.546540040625 0.38382432187500004 0.555942165625 0.3828665109375 0.5624547484375 0.3902641203125 0.5688559671875 0.3943799625 0.564158384375 0.40167858437500004 0.5631325625 0.404898484375 0.5695894625 0.40499747187499996 0.57701650625 0.42200528437499996 0.5990749046875 0.42754913749999995 0.6231431890625 0.43336773281249996 0.628636909375 0.44432185 0.627562365625 0.469066403125 0.603090390625 0.469489628125 0.5956563874999999 0.46316119375 0.591098009375 0.4604635078125 0.5846341484375001 0.46656921718750005 0.5724816828125 0.4815525625 0.5602108953125 0.4814783203125 0.5546406125 0.47721399375000007 0.5481976328125 0.4741054578125 0.5500961546875 0.4697792625 0.539011271875
0 0.4517047953125 0.47611110156249997 0.4606071796875 0.47784953750000003 0.46207483125 0.4704016140625 0.452192409375 0.43432006875000007 0.44381224062499997 0.43257467031249996 0.42456456718749996 0.438402478125 0.4171050890625 0.4273593578125 0.41427129375 0.41068331562499993 0.40380226874999997 0.4089657578125 0.3738726984375 0.43629247656250003 0.38222812031250003 0.4361811140625 0.386319215625 0.42962676875000005 0.39727333593749997 0.42855222656249997 0.4024336046875 0.423840721875 0.409880709375 0.4339554625 0.41154634218749997 0.441361625 0.40956884843749997 0.44974488749999997 0.3940261671875 0.45923749531249997 0.3920363015625 0.46669237812500003 0.40027783906250003 0.4972245234375 0.405574221875 0.502725203125 0.4097519328125 0.5026695218749999 0.4206070609375 0.4941679375 0.4372931578125 0.49208844999999996 0.4429014015625 0.4817997046875 0.4517047953125 0.47611110156249997
0 0.24780375625 0.500185275 0.2404061453125 0.49378405625 0.24332907656249997 0.4779598328125 0.2414283484375 0.4529144453125 0.235013296875 0.4418574046875 0.2250169921875 0.43641936562500006 0.2158027453125 0.45047035312499994 0.21290456249999998 0.46815133906249995 0.20619002343749998 0.47381210312500005 0.188783734375 0.461044465625 0.18279190781250002 0.442553421875 0.17488445625 0.43708754218749996 0.154579984375 0.44200089218749994 0.15203078125 0.44667759218749997 0.1620394625 0.4530440109375 0.19265943593749998 0.51670551875 0.1917263703125 0.5250748625 0.19443643125 0.532467103125 0.2050539390625 0.545325225 0.21911659218750001 0.5423521578125 0.23770593906249998 0.526319128125 0.24451946875 0.52808540625 0.250449425 0.541934546875 0.2535950828125 0.54282116875 0.257102096875 0.5316318812499999 0.25931720937499997 0.5018889125 0.24780375625 0.500185275
0 0.21809187031250002 0.6222207015625 0.21936154531250002 0.5999186953125 0.222918053125 0.59244293125 0.2227819421875 0.5822307484375 0.2190274578125 0.574852428125 0.20691754843750002 0.5675854703125001 0.2044797109375 0.58061759375 0.20189338750000002 0.5825091546875 0.1955402046875 0.5760940156250001 0.18845445624999999 0.5539033718749999 0.18271010468749999 0.553979934375 0.17526299843749998 0.5438651953125 0.163153090625 0.5365982359375 0.15907436875 0.544080959375 0.1541120765625 0.5636465453125 0.148380096875 0.5646514890625001 0.144873084375 0.5758407734375 0.137611584375 0.5796517375 0.1307856828125 0.5769570765625 0.1235860515625 0.5854099421875001 0.12163330624999999 0.595649965625 0.1269296859375 0.6011506468750001 0.133196253125 0.6010671249999999 0.14130168125 0.6213870859374999 0.15134748125 0.630538646875 0.154107034375 0.641644409375 0.1474543640625 0.6519470734375 0.13641363125 0.64652295625 0.1349088578125 0.6511857375 0.12712514375 0.6550036609375 0.131302853125 0.6549479796875 0.143449884375 0.6650000796875 0.1457119703125 0.6779695609374999 0.149988671875 0.6853409218750001 0.1557453984375 0.6861927390625 0.164561165625 0.681432515625 0.1908723578125 0.6569396609375 0.20800642812499998 0.6492829328124999 0.2079693078125 0.6464977921874999 0.2162628640625 0.6417445265625 0.217183553125 0.632446803125 0.2149957078125 0.6250476046875 0.21809187031250002 0.6222207015625
0 0.0874858796875 0.5808323796875 0.1145321609375 0.533116096875 0.106090121875 0.526728796875 0.10481059687500001 0.50910349375 0.09498751875 0.5166627781249999 0.0803036625 0.5122157609375 0.06757255 0.4975287234375 0.0530495515625 0.5051506515625 0.0414371078125 0.496019971875 0.0399323359375 0.500682753125 0.028579740625 0.511048059375 0.0218033328125 0.5120669234374999 0.017214771875 0.5204849859375 0.0120050046875 0.52148296875 0.015709996875 0.52514776875 0.0158089875 0.5325748109374999 0.007552553125 0.5401132140625 0.0060725265625 0.5466327578125 0.008235625 0.552175196875 0.01769734375 0.556691815625 0.03203221875 0.5741431140625 0.0405979921875 0.5898142171874999 0.0439787484375 0.6083400625000001 0.048243075 0.614783040625 0.046750676562499996 0.6203742046875 0.055155592187500005 0.6239763625 0.08877778124999999 0.5993860640625 0.0874858796875 0.5808323796875
0 0.6989273625 0.4106035390625 0.699301090625 0.399456015625 0.7028576 0.391980253125 0.702063165625 0.3715628453125 0.6902527453125 0.347578084375 0.6705694734375001 0.3599115125 0.6642286656249999 0.3544247546875 0.6583234546875001 0.3424323734375 0.6557123859375 0.342467175 0.6459388046875 0.3537399796875 0.6513218015625 0.36573932187499997 0.6525765812500001 0.381507865625 0.6480251406249999 0.392711071875 0.6491190640625 0.3964106703125 0.6329748859375 0.478337821875 0.627267653125 0.4811995234375 0.6214614328125 0.47663418281250003 0.6199814078125 0.4831537265625 0.6295173671875001 0.493240625 0.634452390625 0.5108172078125001 0.6424464578125 0.5227817484374999 0.6420851 0.534857653125 0.646983003125 0.5496490953125 0.6458494406249999 0.582163284375 0.657860359375 0.5820032015625001 0.657276278125 0.577368259375 0.66034769375 0.5726845968750001 0.6691387125 0.5660676125 0.673341171875 0.5678686921875 0.6769100531250001 0.5613213078125 0.6662430515625 0.5447496671875001 0.667648834375 0.5326598437500001 0.67321995625 0.5195859578124999 0.6835528703125 0.5110913328125 0.68954721875 0.49058344531250003 0.6997687703125 0.47373339531249997 0.6991599390625 0.46724169375 0.690767396875 0.464567915625 0.689114140625 0.4580901359375 0.6973334515625 0.447766590625 0.690844159375 0.43113926718749995 0.6943016796875 0.41623646093750005 0.6989273625 0.4106035390625
0 0.55429381875 0.49238613124999997 0.5656835359375 0.484805965625 0.57405133125 0.48562298281249994 0.570111240625 0.46431895624999997 0.565448434375 0.4671667390625 0.5537246312499999 0.4496806390625 0.550578975 0.44879402031250004 0.5422359234374999 0.44983376406250003 0.531195190625 0.4444096453125 0.5008572906250001 0.441099815625 0.49871894218749996 0.43741413281249997 0.49506344375 0.4374628546875 0.49099709531249996 0.44587395937499996 0.49693942656249995 0.46065148125000005 0.4976472453125 0.474570225 0.51091294375 0.4901786859375 0.51234095625 0.5189445515625 0.5198004328125 0.5299876734375 0.5270990546875 0.52896185 0.5394837031249999 0.5176542421875 0.55429381875 0.49238613124999997
0 0.59444998125 0.370211503125 0.600058225 0.35992275937499996 0.607817190625 0.35424807343750003 0.606673775 0.3468349515625 0.5904851437499999 0.3470507171875 0.5830132906250001 0.3350792171875 0.577256565625 0.3342273984375 0.5659658375000001 0.34923460624999997 0.5629810375 0.36041693124999996 0.534058775 0.3849445875 0.528960371875 0.39429799062500004 0.5254904796875 0.4082724171875 0.5376251359374999 0.4173961359375 0.542300315625 0.41547673281249997 0.5476090671875 0.42190579218749996 0.549262325 0.42838357499999996 0.547856540625 0.44047339843750005 0.556956903125 0.45706591875 0.5565831734375 0.46821344218750005 0.561842434375 0.47092898125 0.5659830234375 0.468088159375 0.5813524734375 0.445598228125 0.577137640625 0.4428687671875 0.5774247546875 0.42522258281249997 0.586614253125 0.4093148359375 0.6015975984375 0.397044046875 0.60153573125 0.3924021453125 0.5957418828125001 0.3887651875 0.5924848625 0.3795231453125 0.59444998125 0.370211503125
0 0.33769145625 0.4256321640625 0.344331753125 0.41440111875 0.35366973437500004 0.40963393437500006 0.354043465625 0.39848641093750004 0.349256925 0.3920503921875 0.34301510468749996 0.3939906734375 0.314481465625 0.36930025624999996 0.3036263375 0.37780184375000003 0.2947115796875 0.37513502656250003 0.2885440015625 0.38264559062500003 0.29129118125 0.392822971875 0.28522259375000003 0.407760578125 0.2823244109375 0.4254415640625 0.284462759375 0.42912724375 0.29545399843750003 0.430837840625 0.300874115625 0.44562232343749997 0.3082717265625 0.4520235421875 0.3131696296875 0.46681498593750004 0.31944857031249996 0.4676598421875 0.33602330468749997 0.4572249359375 0.3337364703125 0.442398690625 0.33769145625 0.4256321640625
0 0.2502317421875 0.447225840625 0.27574598125 0.44131451093749996 0.278208565625 0.43013914687500004 0.275797996875 0.40602910000000003 0.269432440625 0.3986855796875 0.242351559375 0.404617790625 0.24195308125 0.413908553125 0.245781809375 0.42685715625 0.24549469687499997 0.44450334218750004 0.2502317421875 0.447225840625
0 0.291516428125 0.3705348859375 0.2902616484375 0.3547663421875 0.29641685156249997 0.34632739687499997 0.296864825 0.34075015625 0.290038921875 0.338055496875 0.282341825 0.34837208125 0.277654271875 0.3493631046875 0.2742982640625 0.3326940203125 0.2618022515625 0.3356462046875 0.2614903890625 0.3514356296875 0.264735034375 0.35974929218749996 0.2648835203125 0.3708898546875 0.2675564578125 0.3754969546875 0.28800941562500004 0.38172416875000004 0.2900611484375 0.3789111875 0.28894247812499996 0.373354828125 0.291516428125 0.3705348859375
0 0.8196797578125 0.6532015062500001 0.8226645578125 0.64201918125 0.8345764875 0.63443205625 0.834489871875 0.62793339375 0.828124315625 0.6205898734375 0.81615051875 0.6235350984375 0.8123712828125 0.6143000187500001 0.8089657796875 0.5939174140625 0.80414211875 0.5846962515625 0.8045900906250001 0.579119009375 0.8024764875000001 0.577290090625 0.79730384375 0.5810732140625 0.787879246875 0.579341734375 0.78694618125 0.587711078125 0.7771107328125 0.594341984375 0.771316884375 0.590705025 0.7682578437500001 0.5963170671875 0.7674113953125 0.611185071875 0.7558855671875 0.6085530546875 0.7423575015625 0.6124475406250001 0.7342990453125 0.6348400296875 0.741310553125 0.6514603921875 0.7555216921875 0.6596278890625 0.757187321875 0.6670340515625 0.755818659375 0.6819090171875 0.7580065031250001 0.6893082171875 0.77272748125 0.696540375 0.7713959390625 0.714200478125 0.78003595625 0.7354418640625 0.7890991953125 0.74924924375 0.8011843578125 0.754659440625 0.8109208171875 0.7406014937500001 0.8229317359375001 0.740441409375 0.8243251468749999 0.7274232046875 0.8284162437499999 0.7208688624999999 0.8477629046875 0.722468096875 0.8492676781249999 0.7178053140625 0.8502131171875 0.710364353125 0.8475154312500001 0.7039004906249999 0.84741644375 0.6964734499999999 0.8425556593750001 0.6844671484375 0.8279460437499999 0.6855904125000001 0.81098520625 0.706244465625 0.8056393296875 0.6970302640625 0.8075054609375 0.6802915781250001 0.8125048749999999 0.66351113125 0.8196797578125 0.6532015062500001
0 0.8570491 0.5570632875 0.8605808609375 0.5477307625 0.876484896875 0.5261622515625 0.8768091328125 0.5113012078125 0.8718864828124999 0.4946530046875 0.8607591328125 0.4827302234375 0.8541435843749999 0.49581803124999996 0.8432265859375001 0.49967771406250006 0.840392790625 0.483001671875 0.8303593656249999 0.47477849218749996 0.8284710078125 0.4506614875 0.8226895328125 0.4479529078125 0.8185984390625001 0.4545072515625 0.8133886734375 0.4555052328125 0.81139880625 0.46296011562499995 0.8051941093749999 0.4676855390625 0.8047585109375 0.4741911609375 0.797571253125 0.48357240625 0.7911190796875001 0.4697302234375 0.7853252312500001 0.466093265625 0.7836967234375 0.46147224375 0.7769079421875 0.4615627265625 0.78921583125 0.4836837671875 0.7899112749999999 0.4966741328125 0.7868646078125 0.50321455625 0.7810831328125001 0.5005059765625 0.7764327015625 0.5042821375 0.7735716390625 0.524748265625 0.7683989953125 0.5285313890625 0.7684856109375 0.53503005 0.779090746875 0.546959790625 0.7911387859375 0.549584846875 0.8105200484375 0.5929681515625 0.82264233125 0.6011634906250001 0.8371777046875 0.59446994375 0.8427612 0.5823244375 0.8421399968750001 0.57490435625 0.845174290625 0.5674355531249999 0.8570491 0.5570632875
0 0.9440436562500001 0.4221932984375 0.9506592046875 0.40910549218750003 0.9568515296875001 0.40345168906250006 0.9567649140625001 0.3969530265625 0.9488698375 0.392415528125 0.9333766515624999 0.40562165937500005 0.92555581875 0.406654440625 0.9181953296875 0.40303836249999997 0.9098522796875 0.40407810624999996 0.9055260859375001 0.3929932234375 0.8982645859374999 0.3968041875 0.8854319640625 0.4136890359375 0.894668434375 0.440493740625 0.9300007078125001 0.5050209859375 0.9388907171875 0.5058310453125 0.9456423781250001 0.5029554218750001 0.9412790624999999 0.4890853984375 0.9416218593749999 0.475616925 0.94622898125 0.46859143124999997 0.9499216 0.4713278515625 0.9545225343749999 0.4638381671875 0.9467264468750001 0.4667277109375 0.9399005453125 0.4640330515625 0.937202859375 0.457569190625 0.9440436562500001 0.4221932984375
0 0.807235990625 0.424945246875 0.8207269343749999 0.41826562031250003 0.8272187484375 0.3958940109375 0.8271197609375 0.38846696875000003 0.8197221499999999 0.38206575 0.8120003046875001 0.39052557499999996 0.80496405 0.3720484515625 0.8064688234374999 0.36738567031249997 0.8037835125000001 0.3618501890625 0.7954033421875 0.36010479218749997 0.7912998734375 0.3657307546875 0.7840136265625001 0.3676849578125 0.7686961921875 0.354889478125 0.7520595890624999 0.3606824875 0.76164504375 0.37448290625 0.7613579296874999 0.3921290921875 0.7641669765625 0.406948375 0.771005253125 0.41057141562500005 0.7763387546875 0.41885723593749996 0.7774945453125001 0.4271987359375 0.774970090625 0.4337322 0.775566546875 0.439295521875 0.7803902078125 0.4485166828125 0.789366834375 0.45582540156249995 0.79558390625 0.45202835781250006 0.7995388921875 0.43526183281249997 0.807235990625 0.424945246875
0 0.0769236375 0.376180659375 0.0789011296875 0.3677973953125 0.090278475 0.35928885 0.0907511921875 0.35556836875000003 0.071218928125 0.3400434328125 0.060662024999999994 0.351326678125 0.055676246875 0.3495360375 0.05260483125 0.3542197015625 0.05420859375 0.35698396093749996 0.049159684375 0.37005088750000004 0.0498798796875 0.3848980109375 0.054802529687500004 0.4015462140625 0.0606211234375 0.4070399328125 0.07930946093749999 0.39843394375 0.0808018609375 0.39284278125 0.0769236375 0.376180659375
0 0.1373049921875 0.3215202625 0.14134659375 0.3112524 0.1391587484375 0.3038531984375 0.1400794390625 0.294555475 0.12646475625 0.2919512984375 0.120757525 0.2948130015625 0.09888136875 0.37774509218749996 0.09706473437499999 0.3981972984375 0.10628883281249998 0.42407362187500003 0.1254746359375 0.41360391406249997 0.1385052375 0.4115731484375 0.142633453125 0.4078039453125 0.14973409375 0.3919240390625 0.149647478125 0.38542537656250003 0.1432448015625 0.3752967171875 0.14318293437500001 0.37065481562499997 0.1533797390625 0.35194800625 0.147660134375 0.353881328125 0.1373049921875 0.3215202625
0 0.1091549359375 0.325609634375 0.1042199125 0.30803305000000003 0.11027612656250001 0.2921670640625 0.10645977343749999 0.2801468421875 0.10328936875000001 0.2774034640625 0.0960031203125 0.2793576640625 0.08534597031249999 0.3027133359375 0.0839401859375 0.3148031609375 0.0808440234375 0.3176300609375 0.0670932296875 0.304813703125 0.062405678124999996 0.305804725 0.060938026562500004 0.313252646875 0.06935531874999999 0.31778318437499997 0.07952485468750001 0.33621854687499997 0.10660573437500001 0.3302863359375 0.1091549359375 0.325609634375
0 0.026593125000000002 0.3619947515625 0.0473579453125 0.3524325421875 0.049422053125 0.350547940625 0.0477564234375 0.3431417796875 0.0423981734375 0.3329991984375 0.04173985 0.3227939765625 0.036940934375 0.31542957656250004 0.021635875 0.3035624765625 0.023499484374999997 0.3258227234375 0.0221555671875 0.34255445 0.026593125000000002 0.3619947515625