0 0.83173390625 0.8959897453125001 0.8380643125 0.8912582359375 0.8457600390625 0.8896629703125001 0.8532428828124999 0.8944618906249999 0.8585395234375 0.9056453687499999 0.8692951546875 0.9130455656249999 0.8863811937499999 0.9157142546875001 0.9072645640625 0.9090127390625 0.9152060984375 0.90129558125 0.9167337671875 0.889465065625 0.9081643390625 0.8756803109375 0.9123567921875001 0.8695776828125 0.931743134375 0.8586507343750001 0.9409358875 0.8612809 0.95882520625 0.8461285171874999 0.9588075999999999 0.83782824375 0.9498430515624999 0.8207759125 0.9202585484375 0.81260348125 0.889212228125 0.8168061640625 0.8366416093750001 0.8305646765624999 0.8171235593749999 0.8404024343750001 0.8150032078124999 0.8473315875 0.77871078125 0.8489233625000001 0.771805296875 0.85705378125 0.775769546875 0.8653733140625001 0.7790094062499999 0.8677022937500001 0.7858666421875 0.8673275531250001 0.7890452171875 0.901768434375 0.7931235671875 0.9028768859375 0.81898963125 0.89660789375 0.83173390625 0.8959897453125001
0 0.4611973625 0.9223476375 0.475816178125 0.920922225 0.4865059546875 0.9277778265625001 0.5094614281250001 0.9219028343750001 0.5158094390625 0.9254716000000001 0.5280268875 0.920496684375 0.536117734375 0.92216899375 0.5448495109375 0.9209869890625001 0.5615886765625 0.9126324265625 0.551408121875 0.90183331875 0.549300809375 0.8844062484374999 0.571891803125 0.8592077296875 0.5813303624999999 0.8557160078124999 0.5846184703125 0.8502893078125 0.584139890625 0.8381768640624999 0.5694376171875 0.8307574046875 0.5563640750000001 0.828652571875 0.5099745515625 0.8282901109375 0.501751996875 0.8255286093749999 0.494943009375 0.8181476734375 0.48193532031249997 0.8165874359374999 0.44533123124999996 0.82375650625 0.422986046875 0.8428331359375001 0.43188474218749995 0.85934086875 0.4371308515625 0.861951775 0.45395347499999994 0.86244208125 0.4693318890625 0.883607771875 0.45443662187499995 0.907211021875 0.45581954687500004 0.9186475390625001 0.4611973625 0.9223476375
0 0.21589937187500002 1 0.2061234546875 0.9983898 0.1947092875 0.98554364375 0.19473993125 0.96948769375 0.1913683640625 0.966069521875 0.171946809375 0.960395925 0.14535635625 0.9606743625 0.11327398749999999 0.9644637812499999 0.08643772499999999 0.970864109375 0.07816692187499999 0.9758582859375 0.06555435468750001 0.9775656250000001 0.04646206875 0.9746150078125 0.0404915703125 0.9660135453124999 0.0313449171875 0.96376459375 0.0357265671875 1 0.21589937187500002 1
0 0.10838712187499999 0.8261941875 0.11394489062499999 0.8232278031250001 0.133480546875 0.821690315625 0.1362770390625 0.828507396875 0.1481828234375 0.8291097734375 0.15689699375 0.819627496875 0.170857275 0.8127561265625 0.1741453828125 0.807329428125 0.16784561874999998 0.7960049859375 0.181081509375 0.7831430578125 0.1811956125 0.775931975 0.1631217703125 0.7650943484375 0.13064427812499999 0.76561619375 0.1140964828125 0.7728378328125001 0.0778102453125 0.7771963203125 0.0425845109375 0.7631454078125001 0.0277681375 0.7629370328125 0.014334684375 0.7741651703125 0.014023021875 0.7797424625 0.030402276562500004 0.7847208703125 0.0349592078125 0.79794176875 0.014848475 0.8028781609375001 0.011819346875000001 0.8022918906250001 0.012662271875 0.80926271875 0.0137641765625 0.8102205781249999 0.012832715625 0.8106722609375 0.0201293296875 0.8710138515624999 0.038076496875 0.8644945484375001 0.048090134374999996 0.85760391875 0.0511806828125 0.85054343125 0.06688379531250001 0.8417756031250001 0.061949348437499996 0.8335874046875 0.06821390468750001 0.8283113 0.08322784062500001 0.8301534625 0.10838712187499999 0.8261941875
0 0.4053196953125 0.688581140625 0.397281665625 0.7118096515625 0.4061627546875 0.7200171140625 0.41652326562499997 0.724149734375 0.424548259375 0.7252774484375 0.461481615625 0.7208313609375 0.465739921875 0.715273325 0.4795026421875 0.7067681671875 0.48711490937499996 0.69632803125 0.5236531453125 0.688614365625 0.557969965625 0.6706847125000001 0.5704025796875001 0.6756438578124999 0.5881954 0.676002828125 0.598621765625 0.6806800453124999 0.614342484375 0.68021249375 0.6228767015625001 0.6773967 0.63611259375 0.6645347734375 0.632855128125 0.653905521875 0.6129902031250001 0.652720025 0.5994732921875 0.655103296875 0.5829623296875 0.649035696875 0.5718598265625 0.630612246875 0.5388202953125 0.610176778125 0.5287232000000001 0.6082225390625 0.5018869390625 0.6146228671875 0.49132886875 0.6088564578125 0.4855076828125 0.609644459375 0.46237225625 0.6221859359375 0.451208465625 0.6358743890625 0.42205429531250005 0.64757008125 0.4271863015625 0.6573920671875 0.41429728125 0.681277246875 0.4053196953125 0.688581140625
0 0.7950404546875001 0.6170060140625 0.7863438875 0.634788565625 0.801261328125 0.652142084375 0.8096814437500001 0.6565373734375 0.8057524062500001 0.6648183875 0.7972840421875 0.668178775 0.7938642265625 0.67251628125 0.8037507250000001 0.6971929546875 0.822070375 0.7019086953125 0.8568175296874999 0.7038471625 0.8662254468749999 0.716411390625 0.8809277218749999 0.723830846875 0.895480684375 0.721860840625 0.9154114625 0.7235909328125001 0.9263294421875001 0.7160243703125 0.944385678125 0.7185617265625 0.9623584562499999 0.7122542109375 0.9739173671874999 0.7018333359375 0.9749398078124999 0.698847415625 0.9751639140625 0.6927965484375 0.9671214156250001 0.6700961765625 0.9763722328125001 0.6601719359375 0.978036490625 0.6152369703125 0.9766343000000001 0.6101363281250001 0.9469180890625 0.6008747046875 0.8542707484375001 0.6012389734375 0.8135883078124999 0.607299590625 0.805958434375 0.6094394515625 0.7950404546875001 0.6170060140625
0 0.8829978234375 0.357680225 0.8724573578125 0.36021408906249996 0.866522071875 0.368213171875 0.8627423453124999 0.38588364999999997 0.8460031796875 0.3942382140625 0.8333247593750001 0.39540095937499997 0.8291805546875001 0.393747909375 0.8188376500000001 0.39791556093749997 0.8041705875 0.40709665156249997 0.79463553125 0.42609972812499997 0.795886746875 0.4364470515625 0.8015938296874999 0.44287012968750006 0.806971646875 0.44657022812499997 0.8180389390625 0.44839313125 0.8250454890625001 0.45740785624999997 0.825128946875 0.46625272500000003 0.84384371875 0.474236040625 0.8507668078125 0.47440589375000003 0.8759919406250001 0.47099121562499996 0.8810887390625 0.4642126578125 0.8895571015625 0.46085226874999996 0.9065114328125 0.46243176718749995 0.94578030625 0.460990584375 0.9652018609375 0.46666418125 0.9719273890625001 0.4652002484375 0.9801652656250001 0.459933775 0.970488203125 0.3799063359375 0.9674754249999999 0.37945527343749996 0.943927271875 0.380428903125 0.9385318500000001 0.36842853125 0.9421974734375 0.357969134375 0.9256953140625 0.35605167187500003 0.9188951296875001 0.3528208734375 0.8950177078125 0.3510715203125 0.8829978234375 0.357680225
0 0.4874773859375 0.34867440781250003 0.464965284375 0.3500612984375 0.4495562265625 0.344951559375 0.42419938437500004 0.347277046875 0.39672219375 0.3565316875 0.3886489515625 0.3631596515625 0.38277951875 0.37170333125 0.3837849265625 0.38817254375 0.37546587656249997 0.4009223984375 0.3760585578125 0.40582376093750006 0.3805320296875 0.41019978906250004 0.3958093796875 0.41422033750000004 0.40125305000000006 0.41846503281249997 0.392982246875 0.423459209375 0.3727398078125 0.42730641093750005 0.3603424046875 0.43894781250000003 0.3572518578125 0.4460082984375 0.366923190625 0.4607509109375 0.38790762343749996 0.4711945390625 0.37894764375 0.48679870468750003 0.3844923765625 0.50818854375 0.416609959375 0.52099966875 0.42650949374999997 0.5213201187500001 0.44869232812500004 0.5172102484375001 0.46543149375 0.5088556843750001 0.48922545624999997 0.50176016875 0.4955558625 0.497028659375 0.49553825937499996 0.48872838593749995 0.499287340625 0.48711385781249994 0.4994014421875 0.47990277812500004 0.49395777343749997 0.4756580828125 0.496850759375 0.46696380625 0.5042172203125 0.46264556093750003 0.5119787984374999 0.461594890625 0.513260659375 0.4558862625 0.5383540859375 0.4513823921875 0.5649314999999999 0.47546017812499997 0.5715911765625 0.47345165 0.586095890625 0.4792373203125 0.6106800953125 0.4786769546875 0.64009768125 0.46915964531250004 0.6537110890625 0.451265021875 0.655568025 0.442157484375 0.6555504187500001 0.43385721093749996 0.6493341125 0.43137763749999997 0.620785659375 0.42361846875 0.607334603125 0.42654633437499995 0.586236065625 0.42331379062499996 0.5611074281249999 0.41121711406249994 0.5633594859375 0.405377153125 0.5725346328125 0.3997070484375 0.572960396875 0.386918671875 0.562336471875 0.3806076671875 0.5553475296875 0.379893215625 0.525403115625 0.3850537578125 0.5123954281249999 0.3834935203125 0.5048138015625 0.37787770468750004 0.501011903125 0.3545914125 0.4874773859375 0.34867440781250003
0 0 0.5668106828125 0.0046359421875000004 0.563483571875 0.017050950000000002 0.5601424453125 0.026603612500000002 0.5494396421875 0.07460426249999999 0.5468164578125 0.090474296875 0.5557383687499999 0.1073627734375 0.5567732703125 0.1215206140625 0.5515356875 0.123772671875 0.5456957250000001 0.1352657296875 0.534730253125 0.12638464062500002 0.52652279375 0.12546269062499998 0.5188984484375 0.13223646718749998 0.5096788390625 0.1315603265625 0.49593260624999996 0.1199486 0.4814526609375 0.1104265796875 0.47609951562499997 0.0859564765625 0.4694488 0.062013203125000006 0.46715485 0.04933478125 0.46831759531249995 0.037920615625 0.4554714390625 0.0399751125 0.44799768906250004 0.0504497234375 0.444919228125 0.0417661953125 0.43834555625 0.0407783921875 0.43017661562500004 0.035532282812499996 0.42756570937499994 0.009007684375 0.42838874374999997 0 0.4315241171875 0 0.5668106828125
0 0 0.3032940359375 0.0106663921875 0.2953217015625 0.012984303124999999 0.2900263359375 0.043587253124999996 0.2903117546875 0.0556071375 0.2837030515625 0.07106444375 0.281057115625 0.0822282328125 0.26736866406250004 0.0763235890625 0.259311796875 0.0790979078125 0.22517210781250002 0.054820796875 0.18749868281249998 0.029512203125000004 0.182068490625 0.022834923437499998 0.175776746875 0.0107315796875 0.17354058125 0.0029699984375 0.1745912515625 0 0.176238559375 0 0.3032940359375
0 0.509294409375 0.0805895796875 0.49978999375 0.08353670625000001 0.47890205625000004 0.05758172499999999 0.46783476406249996 0.055758821874999996 0.46303202499999996 0.048659812499999996 0.450665265625 0.0442452640625 0.4194213875 0.0468141578125 0.39408215156250004 0.0574399171875 0.382145725 0.072893490625 0.381162490625 0.09738105 0.39088206875 0.1043679828125 0.4047282484375 0.10470769375 0.4083632296875 0.1103042484375 0.4239039953125 0.11650317968749999 0.40991307031249996 0.139430503125 0.41557647343750004 0.18626575625 0.41171328906250004 0.1950913640625 0.427469221875 0.2112243578125 0.456395190625 0.21395082968749998 0.465767896875 0.20991450937499997 0.47086469218750004 0.20313595156250003 0.4959405140625 0.19033180624999999 0.512433871875 0.18809913125 0.5355034453124999 0.175013059375 0.5413904828125 0.1747696515625 0.55263773125 0.1699260703125 0.5706939671875 0.1724634265625 0.5749698796875 0.175205665625 0.583767509375 0.17456825781250002 0.6052918093749999 0.165012428125 0.61458105625 0.15213123906249998 0.615156134375 0.14873233125000002 0.6079037765625 0.1458394953125 0.5943210125 0.1476781703125 0.5829903046875 0.1436768796875 0.5692099796875 0.1438817671875 0.5593586921875 0.1358056390625 0.554077371875 0.1165941859375 0.55859909375 0.11321453906250001 0.5691395578125 0.11068067343750002 0.5840524312500001 0.0953776953125 0.5787887171875 0.0844665140625 0.5796096015625001 0.07494571718750001 0.5720279765625 0.06932990156249999 0.5546785234375 0.06448282968749999 0.531393784375 0.0676348421875 0.509294409375 0.0805895796875
0 0.8895114187500001 0.1342872953125 0.89120600625 0.14014651718749999 0.8837912984375 0.1522204421875 0.8636147140625001 0.1566122390625 0.862464559375 0.163410059375 0.8519240953124999 0.1659439234375 0.8442459734375 0.1758394625 0.8465332421875 0.186600046875 0.8550192109375001 0.19153993125 0.8629124984375001 0.1915784546875 0.8722369578125001 0.1952978140625 0.9123267140625 0.1843358328125 0.9296761671875 0.18918290625 0.9455944484375 0.190349140625 0.9474982578125 0.18978391875 0.9332925234375 0.072305215625 0.9241835843749999 0.070368171875 0.9153201 0.07046098281249999 0.8993535703125 0.0770504265625 0.8836987046875 0.078062575 0.8671571 0.08805092812500001 0.8547773031249999 0.107992603125 0.8648613624999999 0.134303065625 0.8895114187500001 0.1342872953125