0 0.726430325 0.9237960875000001 0.732401675 0.9250868750000001 0.7487071421875 0.9138266015625 0.7582527921875 0.9020907593749999 0.765969246875 0.8978448078125 0.7658465765625 0.8948613046875 0.7697888921875 0.8907851828125001 0.7797025578125 0.8879998515624999 0.79375838125 0.893995190625 0.8022633015625 0.8889340156250001 0.8127517453124999 0.8961295437500001 0.8182709921875 0.8904229703125001 0.822174725 0.8814102015625 0.8254581765625 0.8693063625 0.820320796875 0.8603105546875 0.8158422828124999 0.8593424640625 0.8111500843749999 0.869170459375 0.7982052375 0.87820019375 0.7878394625 0.873988165625 0.7862378015625 0.84702908125 0.789773521875 0.8290658078125 0.77436138125 0.8020783859374999 0.7653588484375 0.807031996875 0.7551612546875 0.798913678125 0.7420482265625 0.8118497031249999 0.7342931890625 0.8111590078124999 0.7321414828125 0.8028085953125 0.7333118109375001 0.78729099375 0.72299154375 0.776189171875 0.7210535250000001 0.7570426718750001 0.71802926875 0.7514606296874999 0.7111853640625 0.7529382140624999 0.7063388374999999 0.743019615625 0.6875977390625 0.735025825 0.6765978328125 0.751375615625 0.6675953031249999 0.7563292265625 0.6583335765625 0.7789687187500001 0.6538867234375 0.7947637171874999 0.662177959375 0.8004986265625 0.6641159765625 0.8196451265625001 0.6728207312500001 0.8274407484375 0.6766720375 0.837144215625 0.6735498421874999 0.8571682015625001 0.6754947859375 0.864488259375 0.671622709375 0.8902641203125 0.6662261359375 0.8989541921875001 0.6579734859374999 0.89815593125 0.6527906 0.8960499171875 0.6520476421875 0.8899753499999999 0.6238133265625 0.8750011625 0.6167943218749999 0.892211478125 0.6159148453125 0.9068062906250001 0.6191458640625 0.9134186906249999 0.6303456062499999 0.9099256953125 0.66019543125 0.9282060812499999 0.6711950250000001 0.94479488125 0.7091180359375 0.9419857703125001 0.711740371875 0.9383625609375 0.726430325 0.9237960875000001
0 0.5999308921875001 0.9254782578125 0.5953752125 0.9146368718750001 0.5780042843750001 0.9039822781250001 0.5610399515625 0.9072148375 0.547926921875 0.9201508625000001 0.5483998 0.891668896875 0.53641851875 0.8841506718750001 0.5337306203125001 0.8707560437499999 0.5343192453125 0.857084021875 0.5206383625 0.8482127421874999 0.50956129375 0.8546892375 0.47878648281249997 0.8578934593750001 0.4775073296875 0.846774678125 0.463444584375 0.8526057781249999 0.4614610578125 0.840349071875 0.4559873203125 0.83916585 0.4478118359375 0.84824088125 0.44124493437499995 0.8724485609375 0.426716234375 0.8949351859375 0.4190452859375 0.8922913421875001 0.4137011453125 0.8822651796875001 0.4073093484375 0.890740121875 0.40195135625 0.9043668421875 0.395107453125 0.9058444265625001 0.392573884375 0.912196390625 0.3936462734375 0.92228481875 0.4071273203125 0.9182992953125 0.40770209687500003 0.9282801609375 0.4101901609375 0.9288179890625001 0.42076961874999996 0.9222339281249999 0.427031821875 0.9226019265625001 0.44037634218750005 0.9392857890625 0.4407443609375 0.9482362953125 0.43485017499999995 0.9568188031249999 0.43484696562499997 0.9623021453125 0.597345984375 0.95026518125 0.5966019375 0.9444718921874999 0.5999308921875001 0.9254782578125
0 0.328285190625 0.6996374515625 0.334585975 0.7049420984375 0.339523515625 0.701081109375 0.34628333125 0.7015566703125 0.35349525000000004 0.70902959375 0.35796683749999997 0.721824128125 0.35442419531249997 0.7516138484375 0.3591094703125 0.7536122953125 0.3607497125 0.7855080265625001 0.368459246875 0.7930885171875001 0.377416271875 0.7950246984375 0.3833490390625 0.791378840625 0.3859666984375 0.7830737265625001 0.3961781390625 0.7675391625 0.42364476562500003 0.747849246875 0.430197815625 0.7472944546875 0.4505366109375 0.7181784671875 0.4519908640625 0.7135645171875 0.44689899375 0.6976789171875 0.45167528125 0.6858977734375 0.45926906562500003 0.6786683203125 0.4634250671875 0.6637961109375 0.46027813906250004 0.6552305671875 0.4385513671875 0.6465913859375 0.4308418359375 0.63901089375 0.4232480515625 0.64624035 0.41283677343749997 0.6489181171875 0.4117119515625 0.6575459265625 0.407019753125 0.6673739203125 0.38960331406250004 0.66360911875 0.380691796875 0.6547831421875 0.3767178203125 0.6420961734375 0.374366278125 0.6208889640625 0.3767385921875 0.6066168484375 0.3748322296875 0.6042334406250001 0.3684018546875 0.6077717328125 0.3642913546875 0.61575415 0.365034315625 0.6218287171875 0.36204171406249996 0.6330097671875 0.36597710625 0.6407600859375 0.3631071796875 0.654924634375 0.34896034375 0.6627088796875 0.34050093124999997 0.6608802625 0.33439998437499996 0.668432415625 0.326799278125 0.6874883125 0.328285190625 0.6996374515625
0 0.5193535453125 0.6246314109375 0.520716784375 0.6337970484375 0.5320392015625 0.63328755625 0.536556296875 0.6391922984375 0.5397665421875 0.6812840234374999 0.5395142749999999 0.687143459375 0.535862809375 0.6902967906249999 0.5683095203125 0.7357513953125 0.577557396875 0.7367647859375 0.5880141812499999 0.7271972234375 0.597773521875 0.704665296875 0.5975351 0.6868718515625 0.6042177484375 0.6774741203125 0.6155856703125 0.6700748375 0.6188691203125 0.6579709953124999 0.6251382484375 0.646512553125 0.6218686453125 0.6349635078125 0.6163563234375 0.628843634375 0.6156974546875 0.6208159203125 0.6161564859374999 0.6159868375 0.623627596875 0.60577388125 0.625915821875 0.5934549125 0.6124802859375 0.5905506390624999 0.6048548421875 0.5810170015625 0.5929893078124999 0.588308721875 0.5698537890625001 0.57739369375 0.562880290625 0.5877142156249999 0.5591833140625 0.5977573421875 0.5512600984375 0.6009729375 0.548358515625 0.5983743968749999 0.5491994078125 0.5788429390625 0.54521850625 0.5779824125 0.529035715625 0.5922261890625 0.52442760625 0.6001010375 0.5208147234375 0.6081910171875 0.5193535453125 0.6246314109375
0 0.2643127875 0.5231747859375 0.276248565625 0.5375828031250001 0.2848306484375 0.5423949234375 0.2869754265625 0.5625717796874999 0.2852303203125 0.5681085203125 0.2808744859375 0.57012393125 0.277675121875 0.580274625 0.2727375796875 0.5841356140625 0.2856230734375 0.6056485578124999 0.29777253593749997 0.609260490625 0.3080611421875 0.6035992218749999 0.319267809375 0.5882797890625 0.3190224671875 0.582312784375 0.3249166515625 0.5737302765625001 0.32218324531250003 0.5672254421875 0.3290340703125 0.5539214203125 0.3433035796875 0.549120675 0.352267528125 0.539230415625 0.3601590875 0.519251728125 0.3624087296875 0.5019961125 0.360088846875 0.497551990625 0.3575166953125 0.4989673078125 0.34981408593749996 0.47956037656249995 0.3309048109375 0.47547287968749996 0.32247705781249997 0.4904073515625 0.31462408124999997 0.515322684375 0.29292896874999996 0.52344659375 0.28679636249999996 0.514235653125 0.28138198124999997 0.482509753125 0.27109337187500004 0.4881710234375 0.2643127875 0.5231747859375
0 0.119235509375 0.6731760875 0.12001705 0.684187303125 0.11569979062499999 0.6911393640625 0.102961703125 0.7011994515625 0.0987671171875 0.7111350125 0.099510075 0.717209584375 0.10411125937500001 0.7211611765625 0.0975829421875 0.7503055 0.11287933125 0.762482978125 0.10921401718749998 0.7892891921875 0.10235626718749999 0.8144196609375 0.0997178359375 0.8582040984375 0.0947347859375 0.868954884375 0.10273516875 0.875612584375 0.11484604843749999 0.8742878671875 0.1197835890625 0.8704268781250001 0.1262594765625 0.859998790625 0.1275069703125 0.85435448125 0.1481752 0.8292523546874999 0.1611586328125 0.82515926875 0.1677641125 0.8058882421875 0.1671576765625 0.7791442890625 0.1729677734375 0.7725149265625 0.1826746796875 0.7686992359375 0.1949082296875 0.7703580265625 0.1989346390625 0.7643287562500001 0.2058626296875 0.760898028125 0.20748506249999998 0.7523777875000001 0.203136146875 0.742566753125 0.1919819109375 0.739169953125 0.18036864375 0.7406022328125 0.1730340515625 0.7301458078125 0.179432771875 0.7098444234375 0.17599499375 0.7022016671875 0.1774947546875 0.6906979234375 0.18413881875 0.6763635421874999 0.1804942765625 0.6676904343750001 0.18361647187500002 0.6476664453125001 0.18278942812500001 0.6435450203124999 0.173128028125 0.6404709171875 0.17085365156250001 0.6291370046875 0.1628849265625 0.6392423921875 0.1567453984375 0.6418578984375001 0.152060121875 0.6398594484375 0.14982432968749998 0.6334621828125 0.143516621875 0.6399839796875 0.13322108906250002 0.6574716921875 0.1296537109375 0.658671878125 0.1277087671875 0.6513518203124999 0.11853805937499999 0.6602117234375 0.116831534375 0.6706851125 0.119235509375 0.6731760875
0 0.464072046875 0.4796172515625 0.4613703 0.489875509375 0.45389919218749997 0.5000884640625001 0.45149521562499995 0.497597490625 0.445478359375 0.5031964953125 0.4437332515625 0.5087332375 0.4543829515625 0.523848915625 0.45657324062500004 0.537135975 0.452049221875 0.5430576796875 0.44462361718750004 0.546380840625 0.44279442187500007 0.5538707281249999 0.45911769687500004 0.5830264281249999 0.46927670624999995 0.5862080984375 0.4764955515625 0.581854578125 0.48903379999999996 0.5589376921875 0.5119378265625001 0.54023283125 0.5142646328125 0.5328505078125 0.5192862640625 0.527036371875 0.5259619875 0.5294650812499999 0.5284886328125 0.5349395593749999 0.537491165625 0.529985946875 0.5385318984375 0.523311284375 0.5329809953125 0.512254765625 0.5348942796875 0.50281173125 0.527636853125 0.5022286046875 0.5212133953125 0.49394045468750003 0.5161531828125 0.4948179453125 0.51113155 0.50063208125 0.5058645765625001 0.5004792124999999 0.5033310046875 0.506831178125 0.4915075171875 0.513146325 0.484046790625 0.50561961875 0.49036142031249996 0.48727138124999997 0.490077496875 0.4763677265625 0.49655338125000004 0.4659396390625 0.49465394375000005 0.45172978906249994 0.48271124531250004 0.4491482109375 0.4680667984375 0.4568248921875 0.460388925 0.4660074953125 0.459348190625 0.47268215625 0.464072046875 0.4796172515625
0 0.48852826406250005 0.43069240625000005 0.497569378125 0.4306754453125 0.5042836859375 0.4380408015625 0.5065580640625 0.44937471875 0.521899959375 0.45466240156250004 0.529732165625 0.46522639374999997 0.5337130640625001 0.46608691875 0.5404342953125 0.46162583437500004 0.5574965656249999 0.4327872453125 0.557832921875 0.4249746609375 0.5458130578125 0.41251978593749994 0.546440265625 0.40378441406250004 0.5502599109374999 0.3967247859375 0.5604258468750001 0.38808001718749996 0.5639477171875 0.39376962656250003 0.5741067281250001 0.3969512953125 0.5760516734375 0.40427135156249994 0.5840134703125 0.40599240312499996 0.5635866234375 0.3729926765625 0.5530526734375 0.37268694375 0.5453292937499999 0.38875933749999997 0.5348725062499999 0.3983268984375 0.51820595 0.3888102265625 0.509662446875 0.3889347546875 0.48936223593749995 0.4229873890625 0.48852826406250005 0.43069240625000005
0 0.694448828125 0.48900420312500004 0.6854462953125 0.49395781406249994 0.67391711875 0.49343694843749997 0.6670979484374999 0.5235040640624999 0.6670910265625001 0.53533050625 0.670367553125 0.535053109375 0.6802040546875 0.5223944796875 0.6872547171875001 0.5219472546875 0.7002243015625 0.5415070531249999 0.7127872875000001 0.5471796984374999 0.7268114515625 0.53641195 0.73162631875 0.5295674546875 0.7332487546875 0.5210472140625 0.7816813859375 0.4635059375 0.793171978125 0.45909015468750003 0.792138171875 0.45393837656249997 0.7741855390625 0.4451293609375 0.7649762453125 0.449052615625 0.7536854875000001 0.4663251984375 0.7331923609375 0.47569459218750004 0.7284685046875 0.4687594953125 0.7310089984375 0.4505810875 0.7264147375000001 0.4348030515625 0.71521499375 0.43829604531250005 0.7057534328124999 0.44807873750000005 0.69640761875 0.4726713765625 0.694448828125 0.48900420312500004
0 0.6826891546875 0.5988276078125 0.6772015687499999 0.621297271875 0.6793146921875 0.6247110359375 0.6749974359375 0.6316630937500001 0.67308415 0.6411061265625 0.6795916921875 0.6474411296875 0.6787191406249999 0.6502095 0.692813546875 0.661141490625 0.710629659375 0.6906198890625 0.7176348171875 0.6970624546875 0.7233994046875 0.6973228875 0.7297071140625 0.6908010906250001 0.735769475 0.6783122921875 0.7504139249999999 0.6706356125 0.754394825 0.6714961374999999 0.7480940406250001 0.6661914921875 0.748055459375 0.6612548421875 0.7358604890625 0.6645327046875 0.7325908859375 0.6529836578125 0.7385691624999999 0.642448003125 0.7509323078125 0.6352638515625 0.7647952171875 0.6165759515625 0.7707665671874999 0.6178667390625 0.7774877984375 0.6134056578125 0.778696709375 0.6028247015625 0.77434779375 0.5930136703125 0.767006278125 0.5943836874999999 0.76120310625 0.58918660625 0.76121003125 0.5773601671875 0.75602714375 0.5752541515625 0.757158890625 0.5547998984375 0.755504796875 0.5465570546875 0.7417329015624999 0.5514653625 0.731566965625 0.560110134375 0.726093228125 0.5589269125 0.71264384375 0.579675521875 0.7046365359375 0.5848442640625 0.702730175 0.58246085625 0.7043140265625001 0.5690039640625 0.69054213125 0.573912275 0.684732034375 0.5805416359375 0.6815326734375 0.590692328125 0.6826891546875 0.5988276078125
0 0.803076465625 0.55245609375 0.814616528125 0.6052193765625 0.8078042859375 0.623460046875 0.8325869718750001 0.6544443640625001 0.8417121734374999 0.65247425625 0.8419644453125 0.64661481875 0.8479813015625 0.6410158125 0.85678399375 0.623205403125 0.8696902609375 0.609239021875 0.88865196875 0.5946102828125001 0.899063246875 0.5919325125 0.9027988015625 0.5868260359375 0.9033419234375 0.5800438046874999 0.8977069312499999 0.570940434375 0.9000337390625001 0.5635581140625 0.9046804296875001 0.5606199125 0.8999951562499999 0.5586214640625 0.8981343015625001 0.5493482609375 0.8919561890625 0.5470271171875 0.8842080749999999 0.53450998125 0.8841694921875 0.5295733296875 0.8703135078124999 0.5364347875 0.8587071640625 0.526040625 0.8421108500000001 0.53822369375 0.8267234437500001 0.5398258031250001 0.819595615625 0.5303997328125 0.8130742234375001 0.547717615625 0.803076465625 0.55245609375
0 0.283683053125 0.306573740625 0.28069045312499996 0.3177547875 0.2834238609375 0.3242596203125 0.2822535328125 0.3397772234375 0.271046865625 0.3550966578125 0.27580930625 0.3669684015625 0.27228051249999996 0.373105234375 0.26344615781249997 0.37415255625 0.260912590625 0.38050451875 0.265629521875 0.39926605625 0.26520215 0.42085823125 0.2725367421875 0.43131465625 0.273938565625 0.4454169390625 0.27165034062500004 0.4577359109375 0.2564627734375 0.4721948203125 0.257910103125 0.4794073109375 0.26247270624999997 0.47842225625 0.2688961609375 0.48671040468750004 0.27042758437500003 0.49196975 0.2684757140625 0.49647613437500004 0.279920803125 0.49895014687500006 0.2886077484375 0.4663297953125 0.29773987812499997 0.4525332421875 0.3010233265625 0.4404294046875 0.312268575 0.43004661874999994 0.32227325625000003 0.4134816953125 0.33442964375 0.4052671859375 0.33497276249999997 0.3984849578125 0.32804476875 0.401915684375 0.3234435859375 0.3979640921875 0.3326172578125 0.3132088875 0.33477588593749996 0.3097328578125 0.3337875859375 0.2976912859375 0.3397272765625 0.2822189828125 0.348484465625 0.2712983671875 0.3425200390625 0.2581811375 0.3400319765625 0.257643309375 0.3307771765625 0.2684563578125 0.32306071875 0.272702309375 0.30793250781250003 0.2566185421875 0.289422909375 0.2782446390625 0.2825265734375 0.2984384578125 0.283683053125 0.306573740625
0 0.38589049375 0.417376809375 0.39451115937500003 0.42712557812499996 0.401088946875 0.45516031874999996 0.4095414359375 0.46881537812499996 0.41621715937500003 0.47124408906250004 0.426673946875 0.461676525 0.4366855515625 0.4332851625 0.4540703296875 0.42028687500000006 0.45893070781249995 0.40655258437499997 0.469058059375 0.392971165625 0.46769481874999996 0.383805528125 0.46421152968749996 0.38305256875000004 0.461057678125 0.3863134640625 0.43103274843749995 0.3837658140625 0.41883778125 0.3870436765625 0.4111668296875 0.3843998328125 0.40789030625 0.3846772296875 0.3914166609375 0.3998437984375 0.38781070156249997 0.396107334375 0.377637840625 0.4165785515625 0.38589049375 0.417376809375
0 0.3905292609375 0.2863008921875 0.3928036359375 0.2976348078125 0.3918855765625 0.3072929734375 0.38599139375 0.315875478125 0.3793542515625 0.3183834171875 0.3778999953125 0.3229973671875 0.38854969375000004 0.338113046875 0.39256225312500004 0.35573666249999997 0.387533696875 0.3733772421875 0.382680246875 0.3752850859375 0.3906281984375 0.40065902343750004 0.3937365453125 0.40428792031249994 0.3995852234375 0.40259520625 0.402577821875 0.3914141578125 0.41627254999999996 0.37663255156250003 0.4185607765625 0.36431358281250004 0.42208957031249994 0.358176746875 0.4291016515625 0.3527928734375 0.43299846249999996 0.35560654375 0.4473520609375 0.34885265312499997 0.4482315359375 0.33425784062499997 0.4461639234375 0.3239542828125 0.42585974687499994 0.29393805781250004 0.42636428437499996 0.28221918281249997 0.4200704234375 0.26508809218749996 0.414305834375 0.2648276609375 0.40355819843749996 0.2753180140625 0.38813220937500004 0.271983475 0.384810178125 0.279150665625 0.3905292609375 0.2863008921875
0 0.6188601953124999 0.38986911874999997 0.621838946875 0.40234095625000005 0.6205845296875 0.41981170468749995 0.6139404625 0.4341460828125 0.6266647015625 0.44773888125 0.6329269046875 0.44810687812500005 0.6420590328125 0.4343103265625 0.651061565625 0.4293567140625 0.6606913046875 0.41566772968750004 0.6717228671875 0.416081028125 0.6748767234375 0.41282013281249996 0.6774172171874999 0.39464172343750004 0.676099484375 0.3785862921875 0.681786903125 0.368973428125 0.6781423609375 0.36030031875 0.668810396875 0.361240071875 0.66097819375 0.35067608125 0.6262541421875001 0.3697828671875 0.6208644953125 0.366646496875 0.6143500234375 0.3721379375 0.611357425 0.383318984375 0.6188601953124999 0.38986911874999997
0 0.6764012187499999 0.42990591718750004 0.699039125 0.44071337968749996 0.7043901906250001 0.43891310156249996 0.7094187484375001 0.42127252187500003 0.7169739468749999 0.4091064203125 0.7193848468749999 0.399770953125 0.6952541015625 0.38864079375 0.68695594375 0.394732325 0.6774033687500001 0.4182946078125 0.6764012187499999 0.42990591718750004
0 0.6885219828125 0.3408594609375 0.68258229375 0.3563317625 0.6841978015625 0.3596379625 0.6814574703125 0.3649595734375 0.68257536875 0.368158203125 0.7040182125000001 0.3658937375 0.7079605296875 0.3618176125 0.711450740625 0.3507441328125 0.7170540765625 0.3430844140625 0.72150093125 0.3272894140625 0.7104307828125 0.321939465625 0.702209790625 0.3379042953125 0.6980221296875 0.336013415625 0.6937573 0.3242492375 0.6864157859375 0.32561925468749997 0.6851682921875 0.3312635625 0.6885219828125 0.3408594609375
0 0.092738375 0.5245274421875 0.0922338375 0.5362463171875 0.0960010515625 0.54790293125 0.095741859375 0.5655888109375 0.092496990625 0.582629296875 0.08461235781250001 0.5907815421875 0.0745898671875 0.5669304890625 0.060947567187499996 0.562995859375 0.0526879921875 0.5740240390625 0.050361184375 0.5814063609375 0.0458371625 0.5873280640625 0.044505579687500005 0.5949255171875001 0.044544165625 0.599862165625 0.06353752968750001 0.601996515625 0.065482471875 0.609316571875 0.0629033953125 0.6225583328125001 0.0743484828125 0.6250323437499999 0.0794403578125 0.6409179468749999 0.09263055 0.6378552156249999 0.10545272812499999 0.6258419796875 0.1201040984375 0.6063388578125 0.12413743125000001 0.588483146875 0.1403973875 0.5841126671875 0.144714646875 0.5771606078125 0.147875425 0.5620732671875001 0.15169506875 0.55501364375 0.167748265625 0.5496128046875 0.1794525453125 0.5344009359374999 0.17847117031249998 0.510532921875 0.16669664687500002 0.5040450515625 0.1548766203125 0.5044469765625 0.158535009375 0.4894672015625 0.1572944421875 0.4832850671875 0.1506573 0.48579300468750003 0.1432386203125 0.477289725 0.1448610515625 0.46876948125 0.13532232500000002 0.4686788796875 0.13150960312499999 0.46391206093750004 0.128937453125 0.465327378125 0.1276899578125 0.47097168749999996 0.12030293593750001 0.47923149531250003 0.11091854062499999 0.4988874859375 0.10452674375 0.5073624265625 0.0939542078125 0.5021200453125 0.08565605 0.5082115765624999 0.0836200921875 0.5146711093749999 0.092738375 0.5245274421875
0 0.084793384375 0.4232582046875 0.0853681609375 0.43323906875 0.0936138875 0.4458637703125 0.0942727546875 0.45389148749999997 0.0914483328125 0.46116624218749996 0.093141009375 0.4743457359375 0.10503820312500001 0.483817109375 0.1191009515625 0.4779860078125 0.1506849953125 0.43848723749999996 0.1630026359375 0.438192878125 0.1767359484375 0.42834791875 0.17877190468749998 0.42188838906250004 0.174959184375 0.4171215703125 0.1783722296875 0.396174790625 0.175057121875 0.391515540625 0.16871083125 0.3931006875 0.1677611140625 0.3859957625 0.17233063906249999 0.3731842640625 0.19075614999999999 0.3535113125 0.1842871875 0.35211295625 0.181340096875 0.3564042125 0.174702953125 0.35891215 0.1643688390625 0.3714632140625 0.1603107734375 0.360729390625 0.16184911875000002 0.35416229375 0.1573320234375 0.3482575546875 0.15766838125 0.3404449703125 0.1529831078125 0.3384465234375 0.1510381625 0.3311264671875 0.1446918703125 0.33271161562499996 0.1356369125 0.3563814609375 0.1235646140625 0.362642825 0.115841234375 0.37871521874999997 0.10655477499999999 0.372765178125 0.104157725 0.3584477625 0.0899268 0.368185153125 0.08021297031249999 0.3838272859375 0.0760569671875 0.39869949375 0.084793384375 0.4232582046875
0 0.040259526562499995 0.26775369375 0.0426565734375 0.2820711078125 0.0385708140625 0.31864305625 0.0340467921875 0.3245647578125 0.026705278125 0.325934775 0.0201136421875 0.32155291875 0.02226535 0.32990333125000004 0.0266211890625 0.3278879234375 0.028918320312500002 0.335776940625 0.0251985921875 0.34926496406249996 0.016854928124999998 0.3622462890625 0.0224513390625 0.36641301406250004 0.031201601562499997 0.367318840625 0.0844035921875 0.30982286718749996 0.10129768593749999 0.28489056874999996 0.094092690625 0.265591203125 0.0882895171875 0.26039412031250003 0.0808184078125 0.2706070765625 0.07314745781250001 0.2679632375 0.0650174796875 0.270148475 0.05784414375 0.2676122015625 0.0469876796875 0.2514661671875 0.038069239062499996 0.2544666296875 0.03603328125 0.2609261625 0.040259526562499995 0.26775369375
0 0.16183823125000002 0.3019198765625 0.1727401984375 0.31117611875 0.1770050265625 0.3229402953125 0.175750609375 0.34041104375 0.18055855781250002 0.3453929953125 0.191344778125 0.3398392890625 0.198731796875 0.3315794796875 0.2009745171875 0.3261503046875 0.200522409375 0.31915294375 0.20413529531250002 0.3110629640625 0.2117290765625 0.30383350781249996 0.2193614453125 0.3015407015625 0.22650312343749998 0.2873138890625 0.2315316796875 0.269673309375 0.2448514671875 0.2577676375 0.2306729734375 0.24878879375000001 0.21217029843750002 0.258588453125 0.20578542500000002 0.255236953125 0.20354963124999997 0.24883968437499998 0.195006128125 0.2489642140625 0.1907729609375 0.25396312656250003 0.190811540625 0.258899775 0.1785255609375 0.27595722500000003 0.1736790296875 0.2660386265625 0.1646765 0.2709922375 0.1623496921875 0.2783745609375 0.16183823125000002 0.3019198765625
0 0.8868556890624999 0.3945742671875 0.886228478125 0.40330964218750004 0.8775098734375 0.41916690624999997 0.8772576046875 0.42502634375000004 0.8925539953125 0.4372038234375 0.899772840625 0.43285030312500006 0.90948666875 0.41720817187500003 0.9146378984375 0.4025510953125 0.9137336859375 0.3885563734375 0.9160990765625 0.3861107015625 0.91456765625 0.38085135625 0.9092586375 0.38167506093750003 0.902547790625 0.36839648281250004 0.8791916609375001 0.3801039859375 0.8785258703125001 0.3839027109375 0.8868556890624999 0.3945742671875
0 0.8440956328125001 0.32619140468749996 0.8448771718750001 0.337202621875 0.8252427499999999 0.36745653125 0.820350715625 0.3644277265625 0.8244859453125001 0.385034846875 0.8230316906249999 0.389648796875 0.813860978125 0.3985087 0.8118250218749999 0.40496823125 0.8138471328125 0.42216158437500007 0.816664628125 0.4267132703125 0.8285232375 0.43124799375 0.8437355406249999 0.445378615625 0.86033878125 0.4213691078125 0.8647470515625001 0.4006374640625 0.8687378390625 0.31377624375 0.864136653125 0.3098246515625 0.8503261734375 0.3097963125 0.8484128890625 0.3192393484375 0.8440956328125001 0.32619140468749996
0 0.8805895234375001 0.33013741093750004 0.8705848421875 0.34670233281249996 0.8716186499999999 0.3518541125 0.8957493937500001 0.3629842703125 0.9110210500000001 0.3465722171875 0.92043710625 0.343679315625 0.9212710765625 0.3359742984375 0.9170834171875001 0.334083415625 0.9000735765625001 0.3442057703125 0.8979604546875001 0.34079200468750004 0.9002486781249999 0.3284730359375 0.8970700921875 0.3031444 0.8906852187500001 0.29979290000000003 0.8868269921874999 0.301915875 0.8795626390625 0.3131591890625 0.8805895234375001 0.33013741093750004
0 0.9216569031249999 0.3853407765625 0.9386528953125 0.398871309375 0.9487416640624999 0.3803532390625 0.9524841437499999 0.3634203203125 0.96095740625 0.341596053125 0.9427455796875 0.3504729203125 0.9359402593749999 0.35688714843749997 0.9322432875000001 0.366930275 0.9240678015625001 0.3760053109375 0.9202481562499999 0.383064934375 0.9216569031249999 0.3853407765625