0 1 0.020834678125 0.989466746875 0.019497140625 0.9859391562500001 0.0448799453125 0.975248225 0.07377373125 0.9836313656250001 0.075814090625 0.9840554890625001 0.086602296875 0.97792369375 0.12095426093749999 0.967875971875 0.1391953765625 0.968077434375 0.14800360625 0.96074043125 0.1529270359375 0.9594504421875 0.1508115296875 0.95651706875 0.1621492421875 0.949713728125 0.16714043750000002 0.9408216859375 0.181624903125 0.93602226875 0.2044358578125 0.9319544125 0.2127019609375 0.9296890124999999 0.2299795921875 0.9316469734374999 0.2380350171875 0.9380297656250001 0.24567646718749997 0.9386093890625 0.25550856718750004 0.9362096796875001 0.26691404687500003 0.953265775 0.2759108171875 0.9573584 0.28423730625 0.961938728125 0.282867228125 0.9728099265625 0.26960992968749997 0.97760934375 0.246798975 0.98425718125 0.2427638828125 0.997976975 0.2454819015625 1 0.24412436875000001 1 0.020834678125
0 0.6423431765625 0.27001009531250003 0.6499240359375 0.26023838125 0.6649090515625 0.24847931562499997 0.6673759140625 0.2400099171875 0.6760241031249999 0.230373734375 0.7246971890625 0.22582000624999998 0.7322356578125 0.2297048078125 0.7347272859375 0.23782799843750002 0.7464891171875 0.23249059375 0.75738508125 0.23582588906250002 0.7618982546875 0.2315197328125 0.7623188062499999 0.21888708750000002 0.7499101968749999 0.2114563140625 0.7391237765625001 0.1974005828125 0.737031503125 0.18347300312499998 0.7401875359375001 0.1741152640625 0.7398305671875 0.1662631375 0.74543226875 0.15526425625 0.74594116875 0.1387394296875 0.7436722 0.13259621093750001 0.7273724265625 0.12564718125000002 0.7230111859374999 0.10557638124999999 0.7224527546874999 0.088916025 0.71740234375 0.0697335640625 0.7239830265625 0.0627623953125 0.7159532828125 0.0451533140625 0.7021203734375 0.02973488125 0.69967470625 0.0313760234375 0.6814700734375 0.07297760156250001 0.68778570625 0.077682975 0.6900546765625 0.08382619218750001 0.6846544390625 0.10363330468750001 0.6704045515625 0.1242683671875 0.65764254375 0.132406315625 0.6545536671875001 0.14470013125 0.6512633250000001 0.1481857171875 0.6486197625 0.16443947812499998 0.6577380328125 0.17535583593749998 0.6596076484375 0.18730344062499998 0.658208115625 0.1959083734375 0.650895875 0.2174243953125 0.6435376765624999 0.22917608125000002 0.6402932953125 0.24242599999999997 0.6285562296875 0.264355996875 0.6186852078125 0.27481275 0.6221770109375 0.280135396875 0.6334511359375 0.2844945609375 0.6392542984375 0.282303909375 0.6423431765625 0.27001009531250003
0 0.44099634375 0.2655092578125 0.4469090515625 0.25259816874999996 0.4548680703125 0.2438503265625 0.457066315625 0.2236366171875 0.467760815625 0.21816368281249998 0.47834577187500005 0.2234111828125 0.48152656875 0.2306460359375 0.479328325 0.25085974375000003 0.484467084375 0.2661500234375 0.49233775468749996 0.26129436093749997 0.50430105 0.2647651859375 0.509457434375 0.2498063578125 0.51903864375 0.23443355625 0.5177026953125 0.222553715625 0.52385925625 0.20479434375 0.515363 0.1900535703125 0.515228690625 0.1841814171875 0.50717775 0.173400590625 0.49808424687499997 0.179076825 0.485654440625 0.1784743109375 0.47239758906249996 0.1494671296875 0.46774653437499997 0.12448028124999999 0.482954209375 0.1147011890625 0.4861314375 0.09851519375 0.47634519218750004 0.0816589171875 0.45766690624999995 0.07928710624999999 0.4541291421875 0.0642001234375 0.45394887500000003 0.0485636359375 0.445897934375 0.0377828109375 0.44471748906249997 0.02494686875 0.440536515625 0.02051255625 0.430930540625 0.01929276875 0.425728196875 0.024487262500000002 0.42210565468750005 0.0367133125 0.43658177187499997 0.041479071875 0.44340987812500005 0.0530804671875 0.44436766250000004 0.0639364375 0.44070273125000003 0.08981900312499999 0.4421270296875 0.0978066640625 0.430266365625 0.18412705468749999 0.42490851875 0.19027765000000002 0.4249544796875 0.2000419859375 0.42262192499999995 0.21438353906250002 0.41855406562499997 0.2226496421875 0.41657847812500004 0.24484332343749998 0.4112877859375 0.25393 0.4184268984375 0.2636191875 0.4308778984375 0.2573934453125 0.44099634375 0.2655092578125
0 0.1139902609375 0.20641997656250002 0.11988177343749999 0.20033714531250002 0.12606309843750002 0.19917036562499998 0.1839358890625 0.3021524703125 0.1818471890625 0.311645740625 0.18731815000000002 0.3181955546875 0.1866537484375 0.33567648437500003 0.19130123125 0.3372424828125 0.20070574218749998 0.3296540390625 0.20917723281249997 0.32780221875 0.22042659531250003 0.3155687921875 0.22809580000000002 0.3019048984375 0.2309372546875 0.2710385171875 0.22844562656249998 0.2629153265625 0.22021798750000002 0.2599188625 0.21986102187499998 0.252066734375 0.22773169218749997 0.24721107187500002 0.2300430515625 0.239697775 0.236245571875 0.2317027359375 0.24220423906250002 0.22855598124999998 0.24642403124999998 0.195912925 0.239919315625 0.1906956171875 0.23223415625000002 0.17264236718749998 0.2088412328125 0.1657684796875 0.2021474359375 0.1600392359375 0.1905339671875 0.1175788375 0.180836071875 0.09683038125 0.1504454859375 0.1329811578125 0.13810403124999998 0.1284864609375 0.1296325421875 0.13033828125 0.1223626890625 0.1381977890625 0.10537375 0.13213709375 0.0988814171875 0.1352160828125 0.0955910765625 0.13870166718750002 0.0873246203125 0.172782565625 0.08750488906250001 0.18841905625 0.0940219875 0.201932659375 0.1139902609375 0.20641997656250002
0 0.41147826875 0.457046103125 0.41984021718750003 0.46591472187500005 0.4179070171875 0.4744518875 0.41917581249999997 0.48339565156250003 0.41375438124999997 0.5100310203125 0.4187588328125 0.5194491484375 0.42607464375 0.521353975 0.43501264375000004 0.5166338453125 0.44466100781250006 0.5041971171874999 0.451153340625 0.5011181296875 0.4573099015625 0.48335875625 0.45759614375 0.4648539578125 0.4650426921875 0.449210090625 0.47275785781249996 0.4453105296875 0.4814272421875 0.428846090625 0.47164099843749996 0.41198981406249996 0.4616568609375 0.40974615468750003 0.44918109531250006 0.39937930625 0.4454666328125 0.3920766859375 0.43961393906249996 0.3610821515625 0.43005035312500006 0.3462058484375 0.42418003593750003 0.34546042187500003 0.4005715953125 0.3834482609375 0.3778502140625 0.40593514375 0.37691719375 0.41167176562499996 0.3832787890625 0.426141475 0.3825931890625 0.45045065937500006 0.39427024374999997 0.4724262859375 0.40045156718749997 0.47125950625 0.41147826875 0.457046103125
0 0.6114401093749999 0.43657277499999997 0.6174906953125 0.45295469062500004 0.6118006453125 0.4678457515625 0.61146844375 0.4765862171875 0.61702775625 0.47924385156250005 0.625142278125 0.469539903125 0.6358367796875 0.464066965625 0.6488178734375001 0.4344881421875 0.6611345640625 0.42239024374999995 0.641823553125 0.3535802984375 0.6355962671875 0.3449827453125 0.6281249546875001 0.34403401875 0.6196110734375 0.35954235625000003 0.5993177390625 0.410637203125 0.5886691984375 0.425874475 0.5885808484374999 0.42976665625 0.5994768140625 0.43310195 0.6047463125 0.43084353281250004 0.6114401093749999 0.43657277499999997
0 0.8207503 0.454368815625 0.82475100625 0.4431666359375 0.8302643562500001 0.43605993437499996 0.8447157078125 0.4242331046875 0.8495186953125 0.4248429984375 0.8530105000000001 0.43016564375 0.8533674671875 0.4380177734375 0.8568592703125001 0.44334041874999996 0.8735795921875 0.43765680625 0.8804712828125 0.4287734296875 0.8884762625 0.42978992031249996 0.8955482203124999 0.43654303125 0.90123826875 0.42165196875 0.9105544312499999 0.417955709375 0.91361854375 0.3890693015625 0.917396590625 0.37588714843750004 0.91659430625 0.364075075 0.9128798437500001 0.3567724546875 0.908766025 0.35527422343750004 0.902719009375 0.36231315625 0.8886670125 0.3683356015625 0.8781916000000001 0.35236766249999996 0.8740530156249999 0.3342768390625 0.8683593953125 0.3257470515625 0.8529714531250001 0.319889653125 0.8464791187499999 0.3229686421875 0.8431887796875 0.3264542265625 0.844613075 0.3344418859375 0.831257390625 0.386417690625 0.8238779953125 0.4049976359375 0.8149188015625001 0.41654602343749997 0.8142084374999999 0.42426261875 0.8065180359375 0.444754771875 0.7987816750000001 0.45548258906249994 0.7962264625000001 0.46784417031250003 0.8007184437499999 0.470366271875 0.8032524593750001 0.4648329484375 0.8207503 0.454368815625
0 0.9600512234374999 0.565739153125 0.9655893390625 0.5752250421875 0.968748940625 0.5892881546875001 0.98787254375 0.5956199125 0.9899400500000001 0.5929549 0.9979378890625 0.547129690625 0.998291284375 0.5315609703125 0.9953331453125 0.5263060890625 0.9880561546875001 0.487323896875 0.9791605421874999 0.4783875109375 0.9678652218750001 0.48085660468749997 0.9604398656249999 0.4896722171875 0.9524384593749999 0.512076575 0.95219460625 0.516924859375 0.9560645718749999 0.523271375 0.954198528125 0.53474461875 0.9216273218750001 0.5608599984375 0.913958115625 0.574523890625 0.912869590625 0.581216615625 0.93172814375 0.599224915625 0.950424053125 0.571347621875 0.9600512234374999 0.565739153125
0 0.7721481703124999 0.6326328265625001 0.7765941890625 0.6253905921875 0.7927808468750001 0.6196392140625 0.8070343046874999 0.622425 0.8160854203125 0.6304052796875 0.8248891140625 0.6198129953125 0.8291584359374999 0.6203551234375 0.8326502390625 0.6256777703124999 0.8301833765625 0.6341471703125 0.8351418687500001 0.6338009625 0.8401215531249999 0.6266264953125 0.8385417531250001 0.6195949390625 0.8442953859375001 0.5842191046874999 0.8529895359375 0.5843472578125 0.8556119000000001 0.5749217546875001 0.852498259375 0.5706229765625 0.8430477859375 0.568447084375 0.8317948562499999 0.5572596625 0.817202053125 0.516372640625 0.8083064421874999 0.50743625625 0.8012132890625001 0.5075114015625 0.7927206046874999 0.5161914796875 0.7767885125 0.587357125 0.764941903125 0.6200075593750001 0.75558335 0.6373603359375 0.7607645 0.6389941015625 0.7650550171875 0.6327079703125 0.7721481703124999 0.6326328265625001
0 0.7819239296875 0.726579909375 0.78930689375 0.731420815625 0.7897522109375 0.7353807609375 0.7955553765625 0.7331901109375 0.7965343578125 0.7372178234375 0.8077413281249999 0.7386409109375001 0.8151666828125 0.7298253015625 0.8210122359375 0.713978134375 0.8192309703125 0.6981383484375 0.8243413937499999 0.673415184375 0.8324099578125 0.653946903125 0.8268046874999999 0.6415249359375 0.8395878874999999 0.6265587296875 0.8407188031249999 0.6062094890624999 0.8383826796875 0.5971301921875 0.8357143515625 0.5967913625000001 0.8309361281250001 0.6127740625 0.81764045625 0.6208442437499999 0.81330398125 0.6173660390625 0.786998878125 0.61500160625 0.7719926671875 0.6335889296875 0.7741944828125 0.6367960703125 0.777862984375 0.6343343546875 0.7798881015625 0.6453258578125001 0.7773116953125 0.6645156984375 0.772155309375 0.6794745234375 0.772112921875 0.693131040625 0.7804289078125 0.692235325 0.7870803140625 0.71162108125 0.7819239296875 0.726579909375
0 0.910749440625 0.82198230625 0.9304279015624999 0.8215535718750001 0.9334072359375 0.8199801953125 0.933894940625 0.8102836265625 0.9440345812500001 0.8115711828125001 0.9497705906249999 0.8064444546875 0.95419184375 0.7826096296875 0.952923053125 0.7736658671875001 0.9565915546875001 0.7712041515625 0.9589029140625 0.76369085625 0.9650347078125 0.7293388890625 0.963988571875 0.7223751 0.965900575 0.7206661921874999 0.961631253125 0.7201240640625 0.9550258062499999 0.7105026390625 0.954290678125 0.70162664375 0.948063390625 0.6930290890624999 0.940192721875 0.6978847515625 0.9354780828125 0.693382678125 0.93043124375 0.697621065625 0.9253420125 0.715515971875 0.9156724546874999 0.7347809562500001 0.9077665359375 0.8001348343749999 0.9075898390624999 0.8079191968749999 0.9117708109375 0.812353503125 0.910749440625 0.82198230625
0 0.85418091875 0.8147991046874999 0.8537567984375001 0.8040109015624999 0.8498868312500001 0.797664384375 0.8479500640625 0.7827807015625 0.8491269390625 0.772195796875 0.80974525 0.7564606703125001 0.7978950703125001 0.7656902546875 0.8001428468749999 0.7786617312499999 0.7901834734375 0.793010665625 0.7849599359375 0.8050334171875001 0.784249571875 0.8127500109374999 0.7878756859375 0.8239448109374999 0.8509577328125 0.8212207656249999 0.85418091875 0.8147991046874999
0 0.7107804609375 0.7956139359375001 0.7110243125 0.7907656515625 0.71346998125 0.7891245078125 0.7214537671875 0.7969692562499999 0.729080584375 0.7969618765625001 0.7395948171875 0.775852453125 0.742549384375 0.757686484375 0.7400365609375 0.7563915484375 0.73238855 0.7632271859374999 0.71691225625 0.7612619703125 0.71902215 0.7449404421875 0.7175307 0.73401670625 0.694137775 0.7271428203125 0.6938055734375 0.7358832843750001 0.6970535250000001 0.746054215625 0.684047665625 0.7590404484375 0.6805134734375 0.7673743171875 0.68002576875 0.7770708859375001 0.687518275 0.771191353125 0.6893207359375 0.7802028828124999 0.6875430406249999 0.7877839437499999 0.6794956703125 0.8004239703125 0.6720915125 0.802411321875 0.6725368281249999 0.8063712687500001 0.69019374375 0.8183718828125001 0.7050232578125 0.807568921875 0.7107804609375 0.7956139359375001
0 0.624736521875 0.7017406421875 0.6292708921875 0.6906062281249999 0.6345403921874999 0.6883478125 0.637275871875 0.6916227187499999 0.6384775125 0.6976304046874999 0.6364347703125001 0.7168880109375 0.6423722421875 0.7205695140625 0.648108253125 0.7154427859375 0.6580747640625 0.747935553125 0.654607725 0.759205496875 0.6653693796875 0.7566686375 0.6711513499999999 0.76130624375 0.6780218437500001 0.7592511265625 0.6842243640625 0.7512560890625 0.684867575 0.740603415625 0.6934945671875 0.737795490625 0.694540703125 0.74475928125 0.7083948046875 0.7533494562499999 0.7123071609375 0.74603945625 0.7124167046875 0.73531901875 0.692625128125 0.723047340625 0.6902890046875 0.713968046875 0.6899532328125 0.6992876609375 0.686104459375 0.6861128875 0.69174855 0.6614574906249999 0.6735579703125001 0.6493891109375001 0.6701509453125001 0.616753434375 0.65749848125 0.6141709453125 0.6518048609375 0.6056411578125 0.6468463703125 0.6059873671875 0.65027101875 0.6083739359375 0.6497833140625 0.618070503125 0.6434924468750001 0.6299577234375 0.6389368828124999 0.6479203953125 0.632023996875 0.6636320296875 0.6225982906249999 0.678048728125 0.60685695 0.6877600546875 0.60507925625 0.6953411171874999 0.6066590578125 0.7023726734375 0.6109955359375 0.7058508781249999 0.624736521875 0.7017406421875
0 0.606181834375 0.6349784359374999 0.608825396875 0.618724671875 0.6231636328125 0.59419743125 0.6439765796875 0.5968403078125 0.641884309375 0.5829127265625 0.6552223703125 0.5611860281250001 0.6468816187499999 0.545489153125 0.6445666890624999 0.5295816 0.6348687921875 0.5088331421875 0.626107490625 0.5057689125 0.6196823140625 0.511783978125 0.6136600624999999 0.5354155031250001 0.6097477046875001 0.542725503125 0.6076378109375 0.55904703125 0.5967206515625 0.5625399953125 0.5906736359375 0.5695789296875 0.5870298984375 0.5886332359375 0.5912568296875 0.6028318796875001 0.5890797812499999 0.6162173296875 0.5820325890625 0.6260568109375 0.5845913703125001 0.637116078125 0.596554665625 0.6405869046875 0.606181834375 0.6349784359374999
0 0.4692313203125 0.6263707921874999 0.4713447875 0.6334701140625 0.47561410937500004 0.6340122421875 0.48264010625 0.6310010203124999 0.511320153125 0.605367384375 0.5120976703125 0.6005868640625 0.5080933953125 0.5883681953125001 0.5027955609375 0.5506131703125 0.4889900390625 0.5325146281250001 0.48079859999999996 0.5117135015625001 0.4760839609375 0.507211425 0.46654514062499997 0.5089277140624999 0.469436125 0.5112465187499999 0.4693265828125 0.5219669546875 0.46508202499999995 0.53801741875 0.4612580171875 0.5414352375 0.46401826562500004 0.5613027374999999 0.4616857109375 0.5756442921875 0.45512979375 0.5992080515625 0.44808260000000005 0.60904753125 0.44737223750000005 0.616764128125 0.451599171875 0.63096276875 0.46365081249999995 0.630541415625 0.4692313203125 0.6263707921874999
0 0.4871675640625 0.7203782624999999 0.49268091406250003 0.7132715625 0.50108525 0.7084836640625001 0.506425475 0.732582175 0.5146778765625 0.75217123125 0.5269309828125001 0.7605581078125 0.5416509546875 0.760475584375 0.54640798125 0.75132114375 0.5525893078124999 0.7501543640625 0.55643450625 0.7399082875 0.5558548828125 0.7300761875 0.5660369125 0.7177072265625 0.56547848125 0.70104686875 0.5605623796875 0.6877365640625 0.5540240875 0.6810512171875 0.532900134375 0.6803205484375 0.530853821875 0.676157303125 0.5288287031250001 0.6651658015625 0.5294259546875 0.64474879375 0.5326491390625 0.638327134375 0.533359503125 0.6306105375 0.5254852624999999 0.6120453515625 0.5146776484375 0.6048178765625 0.4990034609375 0.6174652796875 0.4841315578125 0.6419247578125 0.48517769531250005 0.6488885468750001 0.4924493296875 0.6527394656250001 0.4975651109375 0.6631475765625 0.49361036562500005 0.6841140921875 0.48176375625 0.7167645265625 0.474939221875 0.7285839796875 0.47996486718750003 0.731173846875 0.4848562046875 0.7278915609375 0.4871675640625 0.7203782624999999
0 0.6097481640625 0.8374322140625001 0.62210724375 0.8116778015625 0.619594421875 0.81038286875 0.619325803125 0.7986385609375 0.61476666875 0.7931803828125 0.6194105828125 0.77132553125 0.6290589468750001 0.7588888046875 0.6469809078125001 0.7592128765624999 0.65609560625 0.746708384375 0.6588734781250001 0.7363267765625 0.6506210734375 0.7167377203124999 0.6403930843750001 0.719342346875 0.6312748171875 0.7084259875 0.57301695 0.70493166875 0.5682811171875 0.7072578515625 0.5685285390625 0.7258304171875001 0.581739434375 0.745073265625 0.5827855703125 0.7520370546875 0.5783183546874999 0.7661075453125 0.5739606828125 0.7694575984375 0.5715185843749999 0.7945195890625001 0.5665177046875 0.8085223140625001 0.56729879375 0.827162646875 0.563319284375 0.8315365671875 0.5702357375 0.8392457828125 0.5982973406250001 0.8408574109375 0.6097481640625 0.8374322140625001
0 0.4698147453125 0.8069770984375 0.47790807187500006 0.8041014093750001 0.4817780390625 0.8104479250000001 0.48057997031250005 0.8278610875 0.484538284375 0.8303154234375001 0.514550709375 0.793140778125 0.5174169281250001 0.7788669875 0.494331440625 0.7466600453125001 0.4794771625 0.740870415625 0.47923330937499997 0.7457187000000001 0.47327464218750004 0.748865453125 0.47103043749999995 0.7593148281250001 0.46520607968750005 0.768333734375 0.46396205 0.775982565625 0.4692775078125 0.78348848125 0.46856714374999997 0.7912050765624999 0.46405397031250006 0.7955112328125 0.4610534421875 0.8039128671875 0.46316690781250003 0.8110121906250001 0.4674362296875 0.8115543171875 0.4698147453125 0.8069770984375
0 0.39258878125 0.7961949171875 0.39950166249999997 0.780483284375 0.4071284828125 0.7804759046874999 0.41113275624999995 0.7926945765625 0.41987286562500004 0.8025870625 0.43043305624999995 0.7912419734375 0.4337445921875 0.7809281296874999 0.46589524843749996 0.767445396875 0.47149694999999997 0.7564465171875 0.462329146875 0.7123449749999999 0.457303503125 0.7097551078125 0.44418095625 0.6866200796874999 0.4400671390625 0.68512185 0.434398284375 0.693184653125 0.427838796875 0.6933275640625001 0.4328432484375 0.7027456875 0.4311327078125 0.713262828125 0.42542146406250003 0.7349821484375 0.41813042031250003 0.7496699125 0.4097932375 0.7573938874999999 0.3966494984375 0.741087115625 0.3927583375 0.7415688578124999 0.378752303125 0.7573556375 0.37321775625 0.7712905953125 0.373663071875 0.775250540625 0.37868871875 0.777840409375 0.3825162953125 0.797843440625 0.39258878125 0.7961949171875
0 0.3831064046875 0.730584734375 0.38739691875000004 0.7242986046875 0.391263315625 0.707224271875 0.39746583593749996 0.6992292328125 0.40318065000000003 0.7009307625 0.40491595468749997 0.7070062140625 0.409786096875 0.7105521859375 0.41994693281249995 0.705011484375 0.4265735734375 0.70780465 0.43141895156250004 0.6947580296875 0.42717082343749996 0.6873876421875 0.4264568875 0.6716833875 0.4146031375 0.6574921234375 0.41295618125000005 0.6475244921875001 0.3989430046875 0.616469571875 0.390513903125 0.6046648765625 0.3815087484375 0.60644893125 0.37019223437500004 0.6157462812500001 0.3617667046875 0.6273624359375 0.35736664375 0.644369003125 0.356723434375 0.6550216765625 0.363085028125 0.6694913828125 0.3743343890625 0.6572579546874999 0.38018351093749997 0.664831640625 0.3726945734375 0.6941320234374999 0.36142401875 0.713193709375 0.362625659375 0.7192013937499999 0.35749046875 0.7273319640625 0.35237647499999997 0.7286342765625 0.36073842031250003 0.73750289375 0.37556793437499997 0.7266999328125 0.3831064046875 0.730584734375
0 0.30546345937499997 0.75585605 0.30217311874999997 0.7593416328125 0.30384126875 0.7624810078125 0.3227846 0.753176278125 0.33158829375 0.7425839921875 0.333210484375 0.7359590328125 0.343904984375 0.730486096875 0.35159895625000004 0.7334147953125 0.35964989531249997 0.7441956203125 0.365385903125 0.7390688937500001 0.3683864328125 0.7306672578125 0.3669621359375 0.7226795984375001 0.358621384375 0.706982725 0.3439897625 0.7031730671875 0.329644384375 0.6808586109375 0.3199712546875 0.676702746875 0.3095665671875 0.6870917328124999 0.29191679375 0.7219328171875 0.29058441562500004 0.733473828125 0.291563396875 0.7375015390625 0.3053715390625 0.7363273796875001 0.30546345937499997 0.75585605
0 0.2907963609375 0.6651912515625 0.2975997 0.66020005625 0.311093265625 0.637517253125 0.3338606046875 0.62479470625 0.3360624203125 0.6280018468749999 0.3361755359375 0.640702259375 0.3398228421875 0.6450688015625 0.356253353125 0.6344691375 0.3579426984375 0.6307802546875 0.3555182234375 0.625593140625 0.3566950984375 0.6150082343750001 0.36494393125 0.611176440625 0.3711676453125 0.5963531453125 0.369142528125 0.5853616421875001 0.35938105 0.5850979578125 0.3587554625 0.5655015234375 0.34374567968749997 0.5606679953125 0.32517337031250004 0.524154896875 0.3152104265625 0.5150829796874999 0.30704994375 0.51502259375 0.2967124109375 0.5283476578124999 0.3018493859375 0.5319275109375 0.3096122984375 0.5495027109375 0.305657553125 0.570469225 0.3021233578125 0.5788030953125001 0.286516328125 0.5943865749999999 0.28660824687500003 0.61391524375 0.2757370484375 0.6271725406249999 0.2756063109375 0.6447212375 0.27769858125 0.658648815625 0.28225771875 0.6641069953125001 0.2907963609375 0.6651912515625
0 0.2131000625 0.7611190296875 0.222172371875 0.762271053125 0.24127120937500002 0.75201021875 0.2484950984375 0.734386378125 0.239221325 0.7244261265625 0.2381751890625 0.7174623343750001 0.24146553124999998 0.7139767499999999 0.224363475 0.6952156453125 0.22009415468750002 0.694673515625 0.20677728750000002 0.7095719578125 0.208600940625 0.7117552296875 0.20720140781250002 0.7203601625 0.1925733578125 0.73997135625 0.1900181453125 0.7523329359375001 0.193354446875 0.7586116859375001 0.20656176875 0.7544336828125 0.2131000625 0.7611190296875
0 0.1815002375 0.44971371250000003 0.1892366 0.4389858953125 0.20609123125 0.43917443437500003 0.21209228750000003 0.422371165625 0.216672615625 0.4210010859375 0.2256353828125 0.43287354687499996 0.2391996734375 0.436547671875 0.236934275 0.4538253015625 0.238560034375 0.47062119375 0.23991717812500002 0.47567277656250007 0.24783380781250003 0.48058144687500004 0.259484309375 0.47425405468750004 0.2668442953125 0.47421279375000003 0.2740681859375 0.456588953125 0.312774759375 0.41954245781250005 0.314085940625 0.4148297078125 0.31243898593749997 0.40486207500000004 0.3055896859375 0.4000889359375 0.28831271875 0.400822615625 0.2325411265625 0.37032021406250004 0.21008836406250003 0.40455140468749995 0.190834025 0.41576834218750003 0.1849637078125 0.4150229171875 0.182740696875 0.4186440328125 0.1764250609375 0.413938659375 0.16393167343749998 0.43382091562499997 0.173138290625 0.44084509374999997 0.178676409375 0.450330984375 0.1815002375 0.44971371250000003