0 0 0.7441221296875 0.006088590625 0.7489288875 0.0078254984375 0.7540685781249999 0.0062531390625 0.756658509375 0.011474831250000001 0.763418796875 0.0147694703125 0.7775136015624999 0.024686296875 0.793821659375 0.0309611078125 0.7950069734375 0.0377368734375 0.8136086359375 0.0425819296875 0.8424310765625 0.047803621875 0.8491913640625001 0.0914201234375 0.8247117484375 0.128560696875 0.8201798140625 0.1374426953125 0.82763153125 0.14372481718750002 0.8230443234375 0.1500179109375 0.8097983296875 0.1517840734375 0.791847925 0.1177845578125 0.7940862546874999 0.1141169390625 0.799167346875 0.1081895125 0.7990099703125 0.099998621875 0.7965003875 0.099139309375 0.7867148875 0.10806153437499999 0.762417728125 0.1134733734375 0.7567038046875 0.12029667968749999 0.7377840625000001 0.1286740625 0.7307056968750001 0.140708090625 0.7272050265625001 0.151886465625 0.7110325937499999 0.16252365468750002 0.7091926953125001 0.16603038125 0.6934957203125001 0.168326759375 0.66987156875 0.16223478281249998 0.66198456875 0.159817740625 0.6432439546875 0.1381996390625 0.643009553125 0.1287764546875 0.6498903671875 0.12302820625 0.645917565625 0.11744450312500002 0.649674390625 0.106266128125 0.665846821875 0.0910910375 0.671641096875 0.08462242656249999 0.6858162515624999 0.07851216718750001 0.6923605625 0.0708441765625 0.68994975625 0.064763171875 0.6734039703125 0.0511604421875 0.6766083109375 0.0450684671875 0.6687213125 0.0173254765625 0.6865762656250001 0.0118990078125 0.7038352359375 0 0.72265634375 0 0.7441221296875
0 0.3206643328125 0.91271479375 0.327451071875 0.9226576703125 0.3300655734375 0.92315155 0.3354810703125 0.9145513671875 0.34627915 0.9233273531249999 0.35221754843749997 0.91482594375 0.35292328125 0.908223034375 0.3471750328125 0.9042502328124999 0.34876201875 0.8901152531250001 0.34685690625 0.8801322015625 0.336910821875 0.8869142390625001 0.32836889375 0.8862629796875 0.3256117828125 0.8607219046875001 0.3312210828125 0.83676125 0.3279227859375 0.8255527078125 0.32217087968749997 0.8244661703125 0.31431274062500003 0.834529571875 0.3038657 0.8238952609375 0.2972288828125 0.8332270562499999 0.2697016390625 0.81840396875 0.262392 0.8083623171875001 0.2451289625 0.810875225 0.2390113890625 0.8231920578125 0.22993193125000003 0.833987071875 0.21493601718750002 0.8359659203125 0.20147955 0.861331196875 0.195398546875 0.8447854124999999 0.1809401625 0.8353179921875 0.1593184015625 0.8379698515625 0.1497196984375 0.8457798265625 0.14359481093749998 0.8638691828124999 0.13556115468750002 0.8748617484375 0.1334549234375 0.886011690625 0.1344897546875 0.8948680281250001 0.13779902187499998 0.8974177859375001 0.1566380734375 0.8894286828125001 0.16273370625 0.8944294218750001 0.16620751875 0.9047088015625 0.1733452953125 0.9127933546874999 0.1834522703125 0.9166272015624999 0.18970879375 0.932243828125 0.1950438375 0.9690729265625 0.26021092343749996 0.9813830265625001 0.2647980578125 0.9733731203125 0.2812017828125 0.9610747140625 0.284704853125 0.948264 0.2904713875 0.9378054890625 0.2890891765625 0.9279212156250001 0.2938062515625 0.9201514156249999 0.31456504375 0.9106003171875001 0.3206643328125 0.91271479375
0 0.505659646875 0.6988513890625 0.5098611375 0.6852102921875 0.517364578125 0.679891471875 0.5199937109375 0.66884030625 0.523661328125 0.6637592156250001 0.5236723 0.65510043125 0.5193208890625 0.649466859375 0.516355346875 0.6508313015625 0.5116309578125 0.664373625 0.49905574374999995 0.682206828125 0.489106003125 0.6918751265624999 0.476373553125 0.6962061828125 0.45807202968749994 0.6927490140625 0.458434040625 0.68223190625 0.46158241406249995 0.674165778125 0.4530477984375 0.6677419953125 0.44939846250000004 0.658391778125 0.43841023593750006 0.66209 0.41365472968750006 0.6612629421875 0.40649866875 0.6676096968749999 0.4031674625 0.6823775109375 0.40681679531250003 0.6917277296875 0.40558084687499996 0.7040043859375 0.393012946875 0.7160650656249999 0.39213535 0.7207108765625 0.3971486109375 0.7543766781250001 0.40307238125 0.7574203171875 0.419424909375 0.785529575 0.42149457031250004 0.8032422499999999 0.41991489687500005 0.8116047078124999 0.42374340781250003 0.8171395015625 0.43315561875 0.8189174734375 0.444143846875 0.815219253125 0.461264275 0.7876591484375 0.4666688 0.78771775 0.477861803125 0.760000271875 0.48833444375 0.7504307484375 0.4987997703125 0.7466337484375 0.5054219609375 0.7488470015625001 0.5082046703125 0.7541842453125 0.51675025625 0.751949240625 0.5240854921875 0.7417870609375 0.52620269375 0.7219783328125 0.5241220625 0.71292444375 0.5152327515625 0.711245246875 0.505659646875 0.6988513890625
0 0.3668862109375 0.559083540625 0.3581468203125 0.5766790171875 0.3541354765625 0.57784590625 0.3482153640625 0.57191600625 0.349623175 0.5615964499999999 0.34806910156250004 0.5497550734375001 0.3208709515625 0.5503912328125 0.3132139328125 0.5393216437499999 0.30135176406249997 0.5447794140625 0.2872334484375 0.54211245625 0.2833829953125 0.5538952312500001 0.2854599703125 0.5658353828125 0.2835365734375 0.570283640625 0.278995015625 0.5771242765625 0.27079681093749997 0.58038721875 0.2620683921875 0.589323909375 0.26240114531250003 0.60189689375 0.2595964953125 0.6138772218749999 0.2667306140625 0.6248480375 0.2684602078125 0.6357602499999999 0.25954895625 0.6513986265625 0.257775478125 0.675121553125 0.2629898578125 0.6876543625 0.27222654999999996 0.6903614953125 0.32508705625 0.6628164921875 0.32317463125 0.6586059640624999 0.325796446875 0.6533273203125 0.3493781734375 0.6173645859375 0.356530578125 0.613904090625 0.366984934375 0.6187658765624999 0.3727478109375 0.6111936296875 0.37939194375 0.5960893125 0.37992581406250003 0.5875293046875 0.379413884375 0.5787717406249999 0.371069415625 0.5598737500000001 0.3668862109375 0.559083540625
0 0.6196373765625001 0.5943182484375 0.6243763953125 0.5692308796875001 0.6236999171875001 0.55274369375 0.6038296921875 0.5489901984375 0.5870749281250001 0.563146928125 0.585334365625 0.5608934999999999 0.5809719828125 0.5639187140625 0.574675234375 0.5800509703125 0.5723825140625001 0.6007888593749999 0.5760281890625001 0.6130253406249999 0.587173653125 0.622829265625 0.58715536875 0.637260575 0.581396146875 0.6419465578125 0.582778359375 0.6518308359375 0.579633640625 0.6570107000000001 0.5827491046875 0.6749209296875 0.5897113609375 0.68393464375 0.602959396875 0.6854748875000001 0.6256415859375 0.6714755328125 0.6228588765625 0.666138290625 0.6247895875 0.655917509375 0.6216558421875 0.652438590625 0.62270895625 0.6468636203125 0.6345857515625 0.6298608031249999 0.645047421875 0.6289500640625 0.6633635734375 0.620862184375 0.6740409875 0.5872734046875 0.6670787296875 0.5782596921875001 0.646473515625 0.6041991984374999 0.6361800515625 0.609953296875 0.6196373765625001 0.5943182484375
0 0.7217273171875 0.7906695218750001 0.7205315953125 0.7711972968749999 0.7177525421875 0.76297379375 0.7125162203125 0.76775855625 0.707111696875 0.767699953125 0.7025847671875 0.7629955453124999 0.6999848906249999 0.7509566171875 0.692302271875 0.7600908578125 0.6816687390625 0.759044496875 0.6788750609374999 0.7623660375 0.672051753125 0.7812857796875 0.664372790625 0.7875337609375 0.6636560874999999 0.8027954546875 0.6594582546875001 0.8135502921875 0.6524777140625 0.8189678859375 0.6486162906249999 0.8394094484375 0.6365786046874999 0.8457963796874999 0.6262997671874999 0.84000543125 0.614097534375 0.838662740625 0.60519725 0.8456423296875 0.6025717765625 0.8538072343750001 0.6074460875 0.85953958125 0.60830905625 0.8664388187500001 0.620683153125 0.8697386093749999 0.627996446875 0.8768940015625001 0.6302526 0.8850187296875 0.61662426875 0.9084269046875001 0.61346126875 0.9280380796875001 0.623736446875 0.936715290625 0.6310204875000001 0.9669607750000001 0.6294444734375 0.97243696875 0.6304756453125 0.9841795703124999 0.6332583546875 0.9895168109375 0.6440600921875 0.9954065359375001 0.6548728015624999 0.9926374750000001 0.6554103296875 0.9811912046875 0.6742896078125 0.9414532203125001 0.6800744265625001 0.9165634046875001 0.6896950703125 0.891435859375 0.710099165625 0.8866293437499999 0.718154765625 0.8583192093750001 0.724433228125 0.8566182625 0.7281008484375 0.851537171875 0.7289857578125 0.841118840625 0.7218552953125 0.8272617640625001 0.7211678453125 0.8194333625000001 0.7272817625 0.8100027937500001 0.7307702046875 0.8087371265625001 0.73426961875 0.798812675 0.729925521875 0.7874065781249999 0.7245136828125001 0.7931205015625 0.7217273171875 0.7906695218750001
0 0.48049827343749996 0.467953771875 0.471766196875 0.479776721875 0.4727973703125 0.49151932187499997 0.46720635625 0.5010486703125 0.464218871875 0.5197306828125 0.4534920953125 0.52347829375 0.44539810625 0.5132884796875 0.4461038390625 0.50668556875 0.4410503515625 0.5047686437500001 0.43914158125 0.4976718546875 0.4347865140625 0.4949245453125 0.42466856875000003 0.49974947968750005 0.41752347656250005 0.49743745156249997 0.41472248437500003 0.50653151875 0.40407798125000005 0.514143940625 0.4018035453125 0.5204505203124999 0.407895521875 0.5283375218749999 0.41295632187500003 0.5244819203125 0.42045245 0.5249356265625 0.42236121875 0.5320324171874999 0.42095706718750003 0.5394657125 0.43347742812499995 0.5649264374999999 0.4341429359375 0.5900724078125 0.4388417265625 0.5967339171875 0.4499981609375 0.59787905625 0.47966089062500006 0.57846210625 0.48158794531250004 0.5711275875 0.4761907328125 0.5652964640625 0.4748048640625 0.55829845 0.48336142187500003 0.5474046609375 0.500807290625 0.5381900671875 0.50186040625 0.5326150953125001 0.498905834375 0.5253207515625 0.4954173921875 0.52658641875 0.4933404171875 0.5146462671875 0.49579402968749997 0.5045242625 0.5036448515624999 0.5002333828125 0.5059192875 0.49392680312500004 0.5031438953125 0.482817034375 0.49304788750000006 0.4703244015625 0.48049827343749996 0.467953771875
0 0.463333975 0.3925376109375 0.4638788171875 0.37531881718750004 0.4537718421875 0.3714849671875 0.41835354843749994 0.392701640625 0.4267199578125 0.3942820609375 0.432131796875 0.38856813749999997 0.44328823125000005 0.3897132765625 0.4493948328125 0.3860552296875 0.45478473125 0.397658878125 0.4549492796875 0.4053885015625 0.4512780046875 0.413355853125 0.43383579218749996 0.419684184375 0.4303400359375 0.42672237500000004 0.4323914125 0.458866359375 0.4365673046875 0.4654290921875 0.44075050937500004 0.46621930312500004 0.453311096875 0.4599311453125 0.47039495625 0.46123366250000003 0.4780775734375 0.45209942031250006 0.48802 0.44820364531249995 0.496558271875 0.45174116406250003 0.499531128125 0.44460419843750004 0.496964165625 0.4065889140625 0.48894879218750004 0.403150171875 0.468548353125 0.4050704203125 0.463333975 0.3925376109375
0 0.257632896875 0.37485155 0.2511606265625 0.391912965625 0.243309803125 0.3962038484375 0.2285113515625 0.379935965625 0.22626982812500002 0.36026618906249996 0.21947943281249999 0.35320957656249996 0.198208709375 0.35400311093750003 0.1947166125 0.3581550421875 0.203423090625 0.3665359203125 0.221117603125 0.43627833593750004 0.21849212968749998 0.4444432390625 0.2197024796875 0.452370415625 0.227703221875 0.46735420625 0.2423481 0.46723367812500005 0.26415635000000004 0.4549938703125 0.2706030203125 0.458136284375 0.2737221390625 0.4731602515625 0.276684025 0.4746820703125 0.2824505578125 0.46422356249999996 0.290681675 0.4349842640625 0.27952889999999997 0.43095286406250005 0.273436925 0.4230658640625 0.2795581546875 0.40786276875 0.2827284734375 0.38247906875000004 0.27855989375 0.3701438125 0.269677896875 0.3626920953125 0.257632896875 0.37485155
0 0.2199876921875 0.502464803125 0.21702215156250002 0.5038292453125 0.2119759765625 0.4961397984375 0.2093907296875 0.47255582343749997 0.203638821875 0.471469284375 0.198248925 0.4598656375 0.1876263625 0.45016049062499996 0.18203900312500002 0.4568035734375 0.17312409374999999 0.4753282109375 0.16719666718749998 0.47517083437499996 0.161430134375 0.48562934375 0.15340744687500002 0.487963121875 0.1471362953125 0.48389154687499997 0.1382360140625 0.49087113593750004 0.1342137 0.5006968125 0.1383895921875 0.5072595453125001 0.1446644 0.5084448593750001 0.14864648593750002 0.5303680640625 0.15682640625 0.5415364312500001 0.15733468125 0.5531802546875 0.1486062609375 0.5621169421875 0.1386784625 0.5544676734375 0.1362321640625 0.5588171515625 0.127686578125 0.5610521562499999 0.1318697828125 0.561842365625 0.1419657859375 0.574335 0.14160012187499998 0.5877383703125 0.144379171875 0.595961875 0.1499555609375 0.5979775765625 0.1597224671875 0.5950109609374999 0.1909539 0.5758903421875 0.2096137765625 0.5717166625 0.2101403328125 0.5689291765625 0.219384340625 0.5658637875 0.2221853328125 0.5567697218750001 0.221497884375 0.548941321875 0.225161846875 0.5467464921875 0.23094300781250002 0.5247429375 0.23600746718750001 0.5180010765625 0.237938178125 0.5077802953125 0.2356820265625 0.4996555671875 0.225059465625 0.48995041875 0.2199876921875 0.502464803125
0 0.10008440156250001 0.39181299062499997 0.084039028125 0.396480553125 0.0742904046875 0.3850158578125 0.0718441078125 0.3893653359375 0.058409581249999995 0.397413040625 0.051436353125 0.3970581125 0.045150575 0.4045315828125 0.03974605 0.4044729828125 0.042704278125 0.40888106406249997 0.041300125 0.41631435781250004 0.031529559375 0.422167234375 0.0287322234375 0.42837503750000006 0.0297707109375 0.4343451140625 0.0383053265625 0.44076889374999995 0.0490887796875 0.461089928125 0.054471364062500006 0.4784660984375 0.0540983828125 0.49764199375 0.057052956249999995 0.5049363375 0.054431137500000004 0.5102149796875 0.06209547343750001 0.5155120453125 0.10064751406250001 0.49777429218749997 0.10311209531250001 0.47899350468749996 0.139777309375 0.4368413890625 0.132639534375 0.4287568359375 0.1349285984375 0.41090520937499997 0.1235893328125 0.4164617546875 0.109825709375 0.40905021093749994 0.10008440156250001 0.39181299062499997
0 0.7248757296874999 0.3697691796875 0.7214055703125 0.35660353749999996 0.7187910671875 0.35610965625 0.706749725 0.36538285 0.70969698125 0.378449715625 0.70775895625 0.3944430203125 0.70094661875 0.40470397656249996 0.701290346875 0.4086181765625 0.668588934375 0.4871248046875 0.66231046875 0.48882575156249997 0.6574361578125 0.483093403125 0.654638821875 0.4893012078125 0.662120321875 0.5012999609375 0.6634915640625 0.5198430234375 0.6690533249999999 0.5334037687500001 0.6662486750000001 0.5453840984375 0.6681464734375 0.5611396734375 0.6604346 0.593364009375 0.6724613140625 0.5956358625 0.672816009375 0.5908912765625 0.6768310109375 0.5868381234375 0.68694895625 0.5820131890625 0.690781121875 0.584661721875 0.6956700625 0.578849021875 0.68837139375 0.560148584375 0.6922218453125 0.548365809375 0.7004310203124999 0.53644408125 0.7124687062499999 0.53005715 0.7226049359375 0.510800903125 0.7362222968750001 0.4960515140625 0.73692803125 0.48944860625000003 0.7290881765624999 0.4850807 0.7287481078125 0.47828023750000004 0.73904523125 0.4696398765625 0.7359297687499999 0.45172965 0.7423983796875 0.43755449375 0.7481576015625 0.43286850781249997 0.7507867328125 0.4218173421875 0.7558511890624999 0.41507547968749997 0.7591897109375 0.39453514375 0.752249396875 0.368203859375 0.7300974203124999 0.3765294671875 0.7248757296874999 0.3697691796875
0 0.5922856624999999 0.4409545953125 0.5837437343749999 0.44030333906249997 0.5738159359375 0.4326540671875 0.5441897734375 0.4232083984375 0.5428002484375 0.4190966453125 0.5391399421874999 0.4184052109375 0.533377065625 0.425977459375 0.536320665625 0.4419305875 0.5342107765625 0.45596679218749997 0.54429946875 0.4742319484375 0.539904175 0.5032335171875 0.545118553125 0.515766328125 0.55261468125 0.5162200343750001 0.567270528125 0.5074407203125 0.5871736671875001 0.48521786093749997 0.6000816328125 0.47995764375 0.6082725265625 0.482467225 0.6086491625 0.46040506875 0.6034164984375 0.4623035671875 0.5952475500000001 0.442476415625 0.5922856624999999 0.4409545953125
0 0.642111159375 0.33200160312500004 0.6277990390625 0.3446951171875 0.6225554046874999 0.3552524015625 0.5887094687500001 0.373879140625 0.5817252703125 0.382182996875 0.5754321765625 0.39542899062500003 0.5857037015625 0.40699246406249995 0.5907608453125001 0.4060231265625 0.5947612171875 0.4135150203125 0.595101284375 0.42031548281250003 0.5912508328125 0.4320982578125 0.5969807984375 0.4505023671875 0.5943516671875 0.46155353281249994 0.5990541171875 0.46532878125000005 0.6037638796875 0.46333150468750006 0.6236633609375 0.4439949078125 0.6200067125000001 0.4404172125 0.6238644765625 0.4228619125 0.6362605171875 0.4088441328125 0.6537063843750001 0.399629540625 0.65458398125 0.3949837296875 0.64953415 0.3901805453125 0.6481519375 0.38029626875 0.6519987328125 0.37139975625 0.6596813499999999 0.3622655125 0.6685779765625 0.3581721859375 0.668936328125 0.35054133906249996 0.652726409375 0.34747927500000003 0.6476875468750001 0.3340173046875 0.642111159375 0.33200160312500004
0 0.3726015734375 0.31380988906249996 0.3600409875 0.3200980453125 0.351678234375 0.31563136406250003 0.34399927343750003 0.32187934375 0.3446830640625 0.3325940046875 0.33559994843749996 0.34627528125 0.3291276796875 0.3633366984375 0.33051720625000003 0.36744845000000004 0.34114708125000004 0.371381075 0.34356778125 0.3872354265625 0.34965975781249997 0.3951224265625 0.3515575546875 0.41087800156250004 0.35765684375 0.41299247812499995 0.3763203765625 0.4059325375 0.37703708125 0.39067084375 0.38437963124999996 0.37473613906250003 0.3932835703125 0.3648702875 0.40357337656250003 0.3620024515625 0.406202509375 0.350951284375 0.40272503750000005 0.3435581671875 0.396099190625 0.3442311765625 0.3726015734375 0.31380988906249996
0 0.2911460796875 0.3436518234375 0.29234911406249997 0.3573515234375 0.28849135000000004 0.37490682343750004 0.2926708984375 0.3785832953125 0.31934614687499996 0.3778483578125 0.324066878125 0.3671922984375 0.326538775 0.342638984375 0.321668121875 0.3340203734375 0.2934241703125 0.33445898125 0.2911460796875 0.3436518234375
0 0.3398599484375 0.2864539921875 0.33988189062499996 0.269136421875 0.32680571875000003 0.26955327812499996 0.323298990625 0.28525025312499996 0.3248567234375 0.294205365625 0.3227504921875 0.30535530781250003 0.32448739843749996 0.310495 0.343651890625 0.3208514046875 0.34627005 0.318459025 0.3462773640625 0.3126865015625 0.3494184265625 0.310392896875 0.35135645000000004 0.2943995921875 0.35921093125 0.28722245156250004 0.36078694843750003 0.2817462546875 0.3545157953125 0.2776746796875 0.34474157499999997 0.286413815625 0.3398599484375 0.2864539921875
0 0.8202228 0.6591538390625 0.8209468171875001 0.6381196203124999 0.8179959046875 0.627939015625 0.81957191875 0.6224628203125 0.8178313562499999 0.6202093921875 0.8119002734375 0.622938278125 0.8028390968749999 0.61930198125 0.8002136249999999 0.627466884375 0.7890498781249999 0.6320942703125 0.7840000468749999 0.6272910828125 0.779809528125 0.6322733984375 0.7759554203125 0.6469424359375 0.7649781625000001 0.6419818734375 0.7506806687500001 0.6431303390625 0.738101796875 0.663849803125 0.7417401609375001 0.681858809375 0.75427880625 0.692888221875 0.7544433546875 0.700617846875 0.75006634375 0.7151881078125 0.7507537937500001 0.7230165078125 0.7639908578125 0.7332155375 0.7590872937500001 0.7505732828125 0.7634167625 0.773524425 0.769673284375 0.7891410484375 0.7806468859375 0.7969878734375 0.7932147875 0.78492719375 0.8052415015625 0.7871990453125 0.809267471875 0.7744871078125 0.8146793125 0.7687731859375 0.8336755968749999 0.77428623125 0.836121896875 0.7699367500000001 0.8385718499999999 0.7627010078125 0.8371859796875001 0.75570299375 0.838590134375 0.748269696875 0.8361657796875 0.7353016078125 0.8213490421874999 0.7334650359375 0.8002318953125 0.75064698125 0.7967580828124999 0.7403675984375 0.8020090296875001 0.7240377921875 0.8103973828125 0.708300640625 0.8196487031249999 0.699462728125 0.8248923359375 0.6889054421874999 0.8383232062499999 0.683744 0.839551840625 0.6772398671875 0.834681184375 0.6686212593749999 0.8221279125000001 0.6691368921875 0.8202228 0.6591538390625
0 0.8859144921875 0.549348709375 0.8742315015625 0.5509910578125 0.8747763421875 0.5337722609375 0.866420903125 0.5235330546875 0.8694157 0.4990785203125 0.8641903515625 0.4952044953125 0.8587785109375 0.50091841875 0.8533739859375 0.50085981875 0.8498782296874999 0.5078980078125 0.8427258265625 0.5113585031250001 0.8409742906250001 0.517763859375 0.831898490625 0.5256726109375001 0.82825646875 0.51054986875 0.8232066375 0.5057466828125 0.822515534375 0.5008045453125 0.8157178249999999 0.499520453125 0.823532078125 0.524092190625 0.8215977125 0.5371992328124999 0.817231671875 0.5431107078124999 0.8120063234374999 0.5392366859375 0.806598140625 0.5420643453125 0.799599315625 0.56191325 0.7936682312500001 0.5646421359375 0.7924395953125 0.57114626875 0.8006158609374999 0.585200896875 0.8121160171874999 0.5902602359375 0.8226910374999999 0.6374867859375 0.8331380812500001 0.6481210953125001 0.8490079343750001 0.6443826984375 0.857041590625 0.633390134375 0.8579228437499999 0.6258580609375 0.8624644015625 0.6190174234375 0.876421828125 0.6110684953125001 0.881837325 0.6024683109375 0.9020841859375001 0.584159653125 0.9054153953125 0.5693918390625 0.9038686328125 0.5517779390625 0.89516946875 0.537624534375 0.8859144921875 0.549348709375
0 0.9500118843750001 0.45945108437500004 0.9337800218750001 0.4737065921875 0.9375792781250001 0.5023314812499999 0.9598043765625001 0.5738920421875 0.96851816875 0.5765004 0.9758424359375001 0.5749970046875 0.9742920187499999 0.5602693671875 0.9773599468749999 0.546895296875 0.9833824468750001 0.54081556875 0.9848068953125001 0.542396915625 0.9849089015624999 0.538954221875 0.9842563875 0.539056021875 0.9779852359375001 0.5349844453125 0.976599365625 0.52798643125 0.985902278125 0.5054277265625 0.9868515578125001 0.4733895453125 0.9832910375000001 0.475360709375 0.9752720078125 0.47480822656250005 0.968653475 0.4697087125 0.9601115453125001 0.46905745468750004 0.9580345703125 0.457117303125 0.9500118843750001 0.45945108437500004
0 0.8618501046875 0.41585238437500005 0.8642964015624999 0.411502903125 0.8627350140625 0.4054340515625 0.8547196421875001 0.4019953078125 0.8494833203125 0.40678006875 0.8418116734375 0.40725552656249997 0.8291048218749999 0.3913827484375 0.8113188859375 0.39379688125 0.8180983093749999 0.40951228124999994 0.8142405453125001 0.42706757968750003 0.8140467421875 0.44242805 0.820142371875 0.4474287890625 0.8237917078124999 0.4567790078125 0.8232578359374999 0.46533901718750004 0.8194146968749999 0.47134926874999994 0.8188844843749999 0.47702301562500005 0.8218353984375 0.4872036203125 0.8293205546875001 0.4963161125 0.8362974390625 0.49378477812500005 0.8436399890624999 0.477850075 0.8534142109375 0.4691109375 0.8682382640625 0.4651749859375 0.8792484328124999 0.44415919375 0.8806525875 0.43672589687499996 0.874560609375 0.42883889843749995 0.8651374281249999 0.4357197109375 0.8618501046875 0.41585238437500005
0 0.11815372500000001 0.2416866109375 0.11413872656249999 0.2457397640625 0.11518087031249999 0.24882357656249998 0.10749459531250001 0.26084408125 0.1052091875 0.2758094453125 0.1067559484375 0.29342334531250003 0.111454740625 0.30008485625 0.1318588375 0.2952783421875 0.13448065468749998 0.2899997015625 0.1339796953125 0.27258335312500004 0.1376509703125 0.264616003125 0.1507344578125 0.25842662031249997 0.15195943437499998 0.2548087515625 0.1355959375 0.2353582796875 0.12277024218749999 0.24448330937499999 0.11815372500000001 0.2416866109375
0 0.155590484375 0.2785902796875 0.149637459375 0.298636734375 0.1536122328125 0.32633246250000003 0.17489027031249998 0.3197664015625 0.188313825 0.320377484375 0.1931991078125 0.317451046875 0.203503540625 0.3030381625 0.2047321765625 0.296534028125 0.20038808125 0.285127934375 0.201265675 0.28048212499999997 0.21523407187500002 0.2638744140625 0.209131125 0.264646196875 0.205339184375 0.230248784375 0.21145310312499999 0.22081821562499998 0.210765653125 0.2129898125 0.21356664687500002 0.2038957484375 0.20049778749999997 0.1985400796875 0.194219321875 0.200241028125 0.155590484375 0.2785902796875
0 0.157257925 0.20095753906249997 0.15340747187499998 0.2127403140625 0.1497435109375 0.2149351421875 0.1386053625 0.19935869374999998 0.1337237359375 0.1993988703125 0.13075088125 0.2065358375 0.1382396953125 0.212762065625 0.144664425 0.23322205000000001 0.1729083734375 0.2327834421875 0.1764004734375 0.228631515625 0.1750292328125 0.21008845312500002 0.184287865625 0.1954780171875 0.1829093109375 0.1827074796875 0.1802984640625 0.17932733750000002 0.1726268171875 0.17980279375 0.157257925 0.20095753906249997
0 0.10634641250000001 0.203850453125 0.09346404375 0.1889068390625 0.0908202828125 0.211503053125 0.0860922375 0.2279316390625 0.0865895390625 0.248234246875 0.10926075625000001 0.2428936765625 0.111703396875 0.2414304578125 0.11153885 0.2337008328125 0.1082405546875 0.22249229062500003 0.1096483640625 0.212172734375 0.10634641250000001 0.203850453125