0 0.869647484375 0.108667190625 0.8642125453125 0.103168015625 0.869475975 0.088309128125 0.8653569046875 0.07675679375 0.8559172546875 0.0701594109375 0.8341201765624999 0.0663200171875 0.81810128125 0.07128093125 0.809290853125 0.08008937031249999 0.8066305078125 0.09192059531249999 0.8004231624999999 0.09770136874999999 0.7925853640625 0.0971555171875 0.7853768953125 0.09330799375 0.772847846875 0.09441541718749999 0.7463023140625 0.0916791140625 0.7425836375 0.0933318484375 0.747160253125 0.1279931875 0.7404094421875 0.12854717031250001 0.7377777546875001 0.131299740625 0.7357753437500001 0.14010438281249998 0.7442996281250001 0.1472524984375 0.7799416265625 0.14393130781250002 0.78354583125 0.15053194375 0.8047135781250001 0.1576730109375 0.858891634375 0.16424545468750001 0.890014003125 0.16422810625 0.916960096875 0.152108234375 0.921880284375 0.1339482171875 0.9200496046875 0.125695928125 0.8992823624999999 0.11305243437500001 0.8909296453125 0.11690863437500001 0.869647484375 0.108667190625
0 0.5133419234375001 0.1429794796875 0.5115113 0.1253734453125 0.5190059125 0.113264415625 0.5008703031249999 0.10722210000000001 0.4921171375 0.10722697968749999 0.48462257812500004 0.1099822609375 0.47163587500000004 0.1066881765625 0.46625808593749996 0.11109293906249999 0.44263027499999996 0.1083550078125 0.4337626390625 0.11661325625 0.4192312359375 0.1171715796875 0.414826021875 0.12157579999999998 0.41602736875 0.133129759375 0.4357647734375 0.15457735625 0.42552400625000003 0.177692325 0.40927628125000004 0.180452484375 0.40475665312500003 0.18375632656250002 0.399779259375 0.20136615781249997 0.4257526125 0.217308071875 0.46293925468749997 0.219488225 0.47523947499999997 0.2161800453125 0.48021681562499996 0.2079239625 0.48759695937499997 0.20406830468749998 0.5326214546875 0.1974405609375 0.5448644671875 0.19358219375000002 0.5575079859375001 0.184221396875 0.5552768578125 0.172117790625 0.550871696875 0.1671682625 0.5409171296874999 0.164972928125 0.5133419234375001 0.1429794796875
0 0.129518584375 0.11843351718749999 0.1471393875 0.11017038750000001 0.149656659375 0.10631744218750001 0.146052509375 0.09036305624999999 0.1542908671875 0.07605273125 0.185356084375 0.06613144374999999 0.1923929296875 0.068328403125 0.1974846828125 0.0611727 0.1957112125 0.0534706015625 0.18592831875 0.0435720859375 0.1518310203125 0.043040871875 0.1463960265625 0.046895446875 0.1328371953125 0.0474532234375 0.122710953125 0.052961075 0.1092093296875 0.054069042187500006 0.104289196875 0.0628753125 0.09662301875 0.063980028125 0.07854461562500001 0.0584878984375 0.06979150468749999 0.04913903125 0.042101775 0.044752701562500004 0.0338063203125 0.039805340625000005 0.0168149046875 0.0354130484375 0.0018366656249999998 0.0354213984375 0.0062567125 0.120665175 0.0222494046875 0.11574221250000001 0.034892867187499996 0.11573516406249999 0.044046482812499996 0.11958160468750001 0.07156459062500001 0.1223173671875 0.103602328125 0.1217492890625 0.129518584375 0.11843351718749999
0 0.1327211875 0.31761154999999996 0.16441568281250002 0.3137423375 0.1795764734375 0.3005285953125 0.17786020625 0.2933766859375 0.16212745625 0.2823810453125 0.1657317734375 0.270274184375 0.1613266125 0.26532465625 0.146223140625 0.26038109062500003 0.13563929531250002 0.252133684375 0.12419723281249999 0.2543409453125 0.122995778125 0.26149448125 0.10365870937499999 0.26260570156249996 0.09759443749999999 0.2604082 0.07225030625 0.25987210781250003 0.058062143749999996 0.263731559375 0.050796470312499994 0.2593338453125 0.053771453125 0.250528659375 0.0365512109375 0.24393561406250003 0.031974431250000004 0.23733551875 0.020704046875 0.231839596875 0.011923640624999999 0.22995592656250002 0.0153790484375 0.29659592031250004 0.0324889640625 0.2984097046875 0.0310014171875 0.312166046875 0.0165485671875 0.319150946875 0.0166423671875 0.32095995 0.01772856875 0.3248285171875 0.033289696875000004 0.33417359062499996 0.04764948125 0.33196470625 0.078771959375 0.313239859375 0.115023859375 0.31266943125 0.1327211875 0.31761154999999996
0 0.6066506703125001 0.338805959375 0.5975542078125 0.34486345625000003 0.580333909375 0.3476241578125 0.56934950625 0.3542329265625 0.531991296875 0.341048459375 0.49474745000000003 0.33831811875 0.48502176406249997 0.3289697921875 0.46974666875000004 0.32237566093750003 0.4643689359375 0.317426675 0.42746832812499996 0.31799746562500003 0.4199165640625 0.32020255625 0.41076289375 0.3257098640625 0.40395482187500004 0.3350674078125 0.41694141562500003 0.3570689875 0.4272964328125 0.36311564218750003 0.445145896875 0.3851145109375 0.4423425359375 0.3955702640625 0.473293228125 0.403256096875 0.4871952453125 0.4153531984375 0.512482115625 0.42469285 0.518317559375 0.42468959687499996 0.527299609375 0.417531725 0.5548177171875001 0.42026748593749996 0.564200215625 0.4169609328125 0.5917756953125 0.392185640625 0.598469409375 0.372373971875 0.6131724890625 0.3641124671875 0.6268457328125 0.364655065625 0.6458967640625 0.360792903125 0.6466977734375 0.3497880453125 0.630965021875 0.33879240625 0.622040234375 0.33714671875 0.6066506703125001 0.338805959375
0 0.9668467484375001 0.26707650781250003 0.9532879734374999 0.2582805390625 0.93440861875 0.2544395203125 0.9174171484375 0.2594009765625 0.90511698125 0.2533554078125 0.8861231578125001 0.25776775937499996 0.871534546875 0.257775890625 0.8588910296875 0.26713668749999997 0.8525406125 0.280895740625 0.8191870046874999 0.287516978125 0.8024243640625001 0.2946791890625 0.798305075 0.3205418484375 0.8025958187500001 0.324391 0.8115778140625001 0.326586875 0.81724158125 0.3342868046875 0.810033059375 0.3397930265625 0.7993918421874999 0.359056675 0.8118063671875 0.3755563703125 0.82410653125 0.3816019390625 0.8320015390625001 0.38269797968749997 0.8729068546875001 0.3832253984375 0.9630702609374999 0.3710702859375 0.989901940625 0.3578500375 0.99161848125 0.31823320312500003 0.9673042390625 0.2995392609375 0.970393746875 0.27312695625 0.9668467484375001 0.26707650781250003
0 1 0.5070258875 0.9931048171875 0.5102593265625 0.9546023046875 0.5141323328125 0.9384689953124999 0.5179928703125001 0.9294870015625 0.5157969953125 0.92302228125 0.5097481734375 0.8977353546875 0.5097622687500001 0.89104175 0.5108664421875 0.8746223499999999 0.5213297828125001 0.8765102359375 0.530132259375 0.87170451875 0.5400389078125001 0.861349446875 0.5433460015625 0.85694423125 0.547750221875 0.852825053125 0.554905384375 0.8539119859375001 0.5653589671875 0.8674134984374999 0.5829584984375 0.883718375 0.590102275 0.8947027234375 0.5928472546875 0.8983641921875 0.59064433125 0.910950446875 0.59008709375 0.9290860578125001 0.596129409375 0.93669491875 0.6131820046875001 0.944246628125 0.620330659375 0.9550593562499999 0.6214250734375 0.9682176828125 0.626369721875 0.9910445953125 0.6214050140625 0.996937275 0.6172750765624999 1 0.6164641453125 1 0.5070258875
0 0.6633448453125 0.537954175 0.6393165296875 0.5407186687500001 0.626501390625 0.5484289 0.6195789578124999 0.5473323203125 0.5990975328125 0.5748547609375 0.5736961921875 0.5737684796875 0.571178975 0.5682676765625 0.5633983828125 0.5682720140625 0.555274546875 0.5649752203125 0.550526146875 0.5567245609375 0.5548741546875 0.5517701515625 0.5531578890625 0.5446182421875 0.549153178125 0.5435200328125 0.5473225 0.535267746875 0.5401140328125 0.531420221875 0.5153992328125 0.52758245625 0.49726362343749997 0.521540140625 0.47478000624999994 0.52045223125 0.46522588750000005 0.5221082203125 0.4368495078125 0.539180871875 0.43622006718749995 0.56119004375 0.4484057625 0.575488984375 0.43032725000000005 0.5887043515625 0.4242056609375 0.6046641578124999 0.42878244062500004 0.6112642546875 0.44342820312500003 0.621160059375 0.463966671875 0.6222490515625 0.4731202875 0.626095490625 0.46877228125 0.6310498984375 0.454812946875 0.6371101046875001 0.4514375140625 0.6420639718750001 0.451952378125 0.64701566875 0.4628794640625 0.6585642093749999 0.4655682484375 0.6750693234375 0.47317716406250004 0.68276816875 0.4825024015625 0.6882651765625 0.51127911875 0.6937513390625 0.5364516296875 0.6926368671875001 0.55029655 0.6854762828125 0.57249413125 0.683813246875 0.5843366953125 0.676103559375 0.58284936875 0.65244490625 0.588970903125 0.6458388484375 0.6012711234375 0.64253066875 0.6315353328125 0.6436142390625 0.6381717296875 0.641959878125 0.6470965718749999 0.634251815625 0.6438356625 0.6215985640625 0.6336522671875 0.617202475 0.630162475 0.6117022171875 0.6519024546875001 0.5962839234375 0.6716972328125 0.5902204640625001 0.685427684375 0.5913132515624999 0.7114584109375001 0.579744109375 0.7169506125 0.576439725 0.7151199328125 0.5681874390625 0.7112868984375 0.559386046875 0.6940667109375 0.5434392515625001 0.6633448453125 0.537954175
0 0.0895253921875 0.669226521875 0.11549885625 0.666460940625 0.120018484375 0.6631570984375 0.119160378125 0.6549042671875 0.1261400734375 0.6471972906250001 0.1152701375 0.6455526890625001 0.111608725 0.6384018640625 0.1198470828125 0.6240915390625 0.1324333375 0.6235343 0.1552030453125 0.6180194046875 0.177515096875 0.6081029984375 0.185581778125 0.6014958546875 0.19364851562500002 0.5855349640624999 0.191245765625 0.571780790625 0.18260706875 0.5635323 0.181806171875 0.5558296578124999 0.18861424375 0.5464721156250001 0.17499826406250002 0.5371259578124999 0.1715084703125 0.5316256984375001 0.15657661875 0.5283326984375 0.1403861015625 0.5316430484375 0.1269416296875 0.5426549515625 0.0796859515625 0.5465328359375 0.0680151171875 0.5371855953125 0.0552000359375 0.5355420765625001 0.032602059375 0.52400004375 0.027713185937500003 0.5237526703125 0.0370111234375 0.613175628125 0.039981653125 0.6136818703125 0.0481055421875 0.607624915625 0.056229375000000005 0.6109217109375 0.057888434375 0.61752343125 0.053082660937500005 0.636783828125 0.0574877640625 0.6510871046875 0.06767110781249999 0.6648369390625 0.0895253921875 0.669226521875
0 0.159205996875 0.9184375593749999 0.1642977484375 0.9112818546874999 0.1876967890625 0.902465284375 0.20291494999999998 0.8617404859375 0.19261730625 0.8281827749999999 0.1965648640625 0.8193770468749999 0.182662846875 0.8072799453125 0.16704445625 0.80673843125 0.15388612968749998 0.80179378125 0.124193990625 0.8062120984375 0.12076140625000001 0.8012620265624999 0.1073742515625 0.7941166234375 0.106516146875 0.78586379375 0.0970764953125 0.779266409375 0.09965103125 0.766609903125 0.09404447031249999 0.7594601609375 0.0879801984375 0.7572626609374999 0.0539973140625 0.757831825 0.052208731249999994 0.7593386890625 0.06818453906250001 0.9129860937500001 0.0717888015625 0.9102329828125001 0.0784252 0.908578621875 0.0912974890625 0.910772328125 0.10497067812500001 0.9206686749999999 0.130028775 0.9184538234374999 0.1401549640625 0.9222997218750001 0.14793555625000002 0.922295384375 0.159205996875 0.9184375593749999
0 0.696181721875 0.84440868125 0.6926346671875 0.84771198125 0.6756431968750001 0.8526734390625 0.6636290671875 0.8493788125 0.6578508296875001 0.849932253125 0.632506753125 0.8400424140625 0.61597299375 0.8400516296875 0.588740975 0.8307130609375 0.5822762546875 0.8246642390625001 0.5722644781249999 0.8219187171875 0.5447463156250001 0.828536703125 0.5330181109375001 0.8467005171875 0.5387390859375001 0.854950634375 0.5436588875 0.90226685625 0.5623665124999999 0.9231648046875 0.54863600625 0.9314257671874999 0.5463475609375 0.93747946875 0.532960353125 0.9396878125000001 0.5250652921875 0.9479455218749999 0.5314726953125 0.97215165 0.5465189078125 0.9858987765625 0.5735220984375 0.9930365890624999 0.604472846875 0.9913686734375 0.6155144578125 0.9853100937500001 0.61860385625 0.9776052843749999 0.6289589296875 0.9742981890625 0.6434904984375 0.9456786234375001 0.653387859375 0.9473237671874999 0.6777593609375 0.9572141515625001 0.7011011390624999 0.9572011406250001 0.7168912062499999 0.9500394703125 0.723012740625 0.9434334140624999 0.720095071875 0.9340812906249999 0.722784021875 0.9225251625 0.7048772953125 0.9093298515624999 0.6940645671875 0.9082354374999999 0.6889156625 0.9054872062499999 0.68977393125 0.885678790625 0.6975545796875 0.8763207046874999 0.7109989953125 0.8746625484375 0.7211252390625 0.869154696875 0.7347412765625 0.8691471078124999 0.7411488453125 0.8652919921875 0.7398330296875 0.8619914046874999 0.72793336875 0.8504434062499999 0.7048776812499999 0.8438536125 0.696181721875 0.84440868125
0 1 0.7868229921875 0.9807457968750001 0.7842760203125 0.9725074921875001 0.7892325953125 0.9648413140625 0.7903373109375 0.9576899984375 0.7963937234375 0.9578615656249999 0.8073980359374999 0.9675300437500001 0.8161961765625 0.978342771875 0.8172905874999999 0.9809744031250001 0.8238917671875001 1 0.8254059874999999 1 0.7868229921875