0 1 0.8042303578125001 0.989803403125 0.8030446890625 0.9790454140625 0.7781024984375 0.976378228125 0.760322196875 0.95210581875 0.73883653125 0.9449915203125 0.7457643203125001 0.9322516984375 0.7407036687499999 0.923839525 0.75617300625 0.9160206609375001 0.7574795515625 0.9110694875 0.7501714203125001 0.9069231359375 0.7352870499999999 0.893046125 0.7274523359375 0.8846229484375 0.70994014375 0.879762421875 0.705454821875 0.8735738078124999 0.70857011875 0.8654527875 0.7004672921874999 0.844401046875 0.6976784921875 0.8392191515625 0.7158244 0.8321048546875 0.7227521875 0.83076715625 0.746373096875 0.8318040921875 0.762344646875 0.8418671218749999 0.7656452953125 0.850290296875 0.7831574859375 0.8614603031250001 0.7882912578125 0.868534778125 0.79644283125 0.8723089375 0.8160562562499999 0.8767066234374999 0.822447825 0.8817086218749999 0.847658125 0.879394415625 0.8571893609375 0.8710522796875001 0.8585202765625001 0.865266071875 0.8578474515625001 0.8624684203124999 0.8523236984375 0.8297536171875001 0.8453664375000001 0.8287578984374999 0.8633173515625 0.8328740359375001 0.8772607890625 0.8382880500000001 0.8826626703124999 0.8480489234374999 0.8765539499999999 0.8834707296875 0.88621215625 0.9221736406250001 0.91644909375 0.9282716125 0.9105109921875 0.9373375265625 0.8827607296875 0.9467358125 0.8653607703124999 0.953015075 0.8650682859375 0.9651203687500001 0.8503692671874999 0.97045334375 0.8369280453125001 0.976551309375 0.8309899406250001 0.975414121875 0.8282158765625001 0.977879403125 0.8233893265625 0.9866239484375001 0.818270290625 1 0.8200422625 1 0.8042303578125001
0 0.7986758140625 0.95466435625 0.8036063765625 0.9450112546874999 0.8102880515625 0.94093065 0.8273953390625 0.95144193125 0.8309978125 0.9493894421875 0.8333422328125 0.9407991421874999 0.8329796453125 0.9295079046874999 0.82683085 0.9175438375 0.8236101796874999 0.8988469718750001 0.8154589453125001 0.8898032125 0.794839828125 0.8841672296875001 0.7793531796875001 0.8914849984375 0.77094100625 0.9069543343750001 0.7616924015625 0.8800571515625 0.7474129828125 0.87601055625 0.74021764375 0.8640952390625 0.7361317203125 0.851092740625 0.719728996875 0.84620270625 0.7111053140625 0.8550854890625 0.682104240625 0.865859778125 0.6770624234375 0.8557288406250001 0.6652991078125 0.8647578640625 0.6591805296875 0.8537347343749999 0.6534245375000001 0.8540028453125 0.648524190625 0.8645968859375 0.6503563406249999 0.889012490625 0.6438161375 0.9138180765625 0.6354135703125 0.9132671171875 0.6267692796875 0.9051886671875 0.6234085312500001 0.9147686484375 0.622815221875 0.92893144375 0.6166266046875 0.9320467406249999 0.61631484375 0.9386576703125 0.620803175 0.9478720468749999 0.63262691875 0.940724896875 0.6365919796874999 0.9499636468749999 0.6392083390625001 0.9498417781249999 0.6473087515625 0.9409833687500001 0.6535577953125 0.9397499484375 0.672295334375 0.9520699828125 0.6757069078125 0.9603921718749999 0.6728694296875 0.969947778125 0.676894921875 0.981068403125 0.6776413 0.9877341546875 0.7702846921875001 0.9831145328125 0.7716675765625001 0.9785386421875 0.7801099671875 0.964010240625 0.790514971875 0.9616408921874999 0.7986758140625 0.95466435625
0 0.6019115125 0.70228003125 0.600904790625 0.68724941875 0.5949070734374999 0.6799900359375 0.5707157015625001 0.6773474796875 0.560592240625 0.6721649578125 0.5556314640625 0.6808771250000001 0.5463636453125 0.686020534375 0.5482054046875 0.69441584375 0.546967959375 0.70483926875 0.5286534406250001 0.705692346875 0.5169299484375001 0.6996420109375 0.50871828125 0.688716375 0.49918813125000006 0.6693710609375 0.4966418109375 0.6553545062499999 0.49396501718749997 0.6535944984375 0.488883378125 0.65854291875 0.48758550156249997 0.6670844703125 0.4903831546875 0.67260821875 0.4912690125 0.6838750874999999 0.4977597859375 0.690169159375 0.4997828359375 0.7042100890625 0.48860322500000003 0.7150966140625 0.4797076015625 0.7155109640624999 0.4763166390625 0.7241500078125 0.47538135 0.7439828015625001 0.4809766578125 0.7550303031250001 0.488946596875 0.7584284453125 0.49245842343749996 0.7535531453125001 0.49923074375 0.752295353125 0.5088309328125 0.757502246875 0.517565871875 0.7684035078125 0.5242585453124999 0.7973044328125 0.52952148125 0.7980016328125 0.5420003624999999 0.8275753828125 0.5521238234375 0.832757903125 0.56154271875 0.8323191765625 0.5661010875 0.82739513125 0.5658291453125 0.8189267015624999 0.570517984375 0.8017461046875001 0.5906632593750001 0.7763068046875 0.5968820906250001 0.7741324484375001 0.606843471875 0.7416287546875 0.6066923937500001 0.7369240718750001 0.596296990625 0.7232731234374999 0.59695073125 0.7109921984375001 0.6019115125 0.70228003125
0 0.737778134375 0.592293603125 0.7358155171874999 0.580134546875 0.7216871734375 0.5807926359375 0.7109800093749999 0.573752615625 0.701863271875 0.583600709375 0.6755183828125 0.5791737718750001 0.6722180640625 0.590635628125 0.6720271624999999 0.60101030625 0.6653757062500001 0.606031846875 0.661652371875 0.6043205921875 0.6558153390625 0.5857455921875 0.6516291625 0.5859405828125 0.6406610625 0.6034136640625001 0.6388399140625001 0.6119795875 0.6380653109375001 0.6204967640625 0.6422418796875 0.6363220703125 0.646699996875 0.6445955125 0.6575980609375 0.641260853125 0.6640284015625 0.6456730546875 0.6815188875 0.6844368109375 0.683269996875 0.6900093078125 0.6807744984374999 0.693894921875 0.728000840625 0.7284465671875 0.7373895187499999 0.7270669062499999 0.7443527390625 0.715434434375 0.746213709375 0.6917891484375 0.7399138359374999 0.6751204015625001 0.7432443671875 0.66459948125 0.7518378359375 0.6547757625 0.7509217625 0.6425679609375 0.7531453171875 0.6302139171875 0.7460104125 0.620180471875 0.738533525 0.6158170203125 0.7351521703125 0.6084357671875 0.7339545484375 0.60377983125 0.737778134375 0.592293603125
0 0.44317463281249997 0.5570141546875 0.44114197656250004 0.558993521875 0.42699302499999997 0.542690378125 0.4071086890625 0.543616578125 0.40395945156249996 0.5597831156249999 0.40477527343749997 0.5851884078125 0.386330284375 0.5982980359375001 0.3771929375 0.5911848921875 0.36108136874999996 0.56272269375 0.3529507421875 0.5706401671875 0.3582548953125 0.605259834375 0.3748389109375 0.6157954890624999 0.3848717265625 0.6181551984375 0.3938483875 0.6365839531249999 0.3940296828125 0.6422295734375 0.390457425 0.645223 0.390789796875 0.655573303125 0.387277971875 0.6604486015625 0.40721313124999997 0.6774245718749999 0.4203251453125 0.6777561671875 0.42845577031250004 0.6698386937499999 0.4341911546875 0.65260935 0.431916771875 0.6470612250000001 0.43475424843750005 0.6375056171875 0.42986350624999997 0.632079359375 0.43202663125 0.617843440625 0.444343434375 0.60973098125 0.44973683906249995 0.5981716296874999 0.45064191249999996 0.577397903125 0.4469583984375 0.5606072875 0.44317463281249997 0.5570141546875
0 0.3602354921875 0.8954095531249999 0.35052404843749996 0.8704186171874999 0.3539452265625 0.8627205078125 0.3621362828125 0.8566849078125 0.37466459375 0.855159003125 0.3765461734375 0.848474953125 0.3821510859375 0.843502159375 0.380832603125 0.8350824765624999 0.3732348546875 0.8269552765625001 0.361169384375 0.8265749343750001 0.3503015359375 0.8308505296875 0.3395641578125 0.822869571875 0.3388994125 0.8021689656250001 0.3329319140625 0.795850521875 0.33047623593750003 0.784656775 0.33208587500000003 0.7695042937500001 0.3255648890625 0.7622692859375 0.321790728125 0.7426558578125 0.31957677812499996 0.73898960625 0.3090811234375 0.73853614375 0.30299275937500003 0.72845395 0.2986459 0.7399645546875 0.29353404375 0.7439720359375 0.2882711078125 0.7432748359375 0.2839036390625 0.73782420625 0.2799591875 0.7455466875 0.2758540546875 0.7645847859375 0.272774853125 0.7666129015625 0.26837716875 0.760221334375 0.262430275 0.7708641203125 0.2643324640625 0.781141303125 0.267532525 0.782876934375 0.272051075 0.793032246875 0.27019970937500004 0.8006572359374999 0.261173615625 0.8133281374999999 0.2604594453125 0.8237271875 0.2632570984375 0.8292509406249999 0.2691037375 0.8318056374999999 0.2726567796875 0.8608528062499999 0.2917665109375 0.868443784375 0.29732199375 0.894570646875 0.299184359375 0.9199271890625 0.311532771875 0.961757490625 0.31032554375 0.9731218531250001 0.3204187890625 0.9773634359375001 0.331809909375 0.97306346875 0.335321734375 0.96818816875 0.33809878125 0.9567506890624999 0.33739421406250003 0.951129440625 0.3490462734375 0.9223163734375 0.360346746875 0.9151935953124999 0.3602354921875 0.8954095531249999
0 0.6277083390625 0.542764628125 0.6264502843749999 0.53622681875 0.61725250625 0.5272318031250001 0.61590380625 0.5178711859375 0.608608215625 0.519153353125 0.59950108125 0.51298115 0.594852065625 0.5150823859375 0.5919239421875 0.5218151828125001 0.5867214390625 0.5229998578124999 0.5864096765625 0.5296107875 0.5770010828125 0.5385301296875 0.5671392625 0.533335425 0.567058221875 0.51449231875 0.5630629453125 0.5043126296875 0.565839990625 0.492875146875 0.55913770625 0.47999451875 0.54657918125 0.4805794859375 0.534876296875 0.49149038593750005 0.530499221875 0.5020600484375 0.5317572765625 0.508597859375 0.5387411046875 0.5139266234375001 0.539596746875 0.52425255 0.5357731593749999 0.53573878125 0.532573096875 0.5340031515625 0.5285984296875 0.5407846953125001 0.5287797249999999 0.5464303140625 0.5443474140625 0.5579556546875 0.551019478125 0.5698953484375 0.5486146296875 0.576603771875 0.5424864421875 0.5816009390625 0.5432514390625001 0.5891040609375 0.5691540984375 0.612398475 0.580173025 0.612827565625 0.5857477234374999 0.6069138359374999 0.5901948375 0.5822057453125 0.606214365625 0.558843309375 0.6059726390625 0.5513158140625001 0.6089007625 0.5445830171875 0.6162567859375 0.545182721875 0.6205940390625 0.5496924171875001 0.6277083390625 0.542764628125
0 0.5872213093750001 0.40801059687499996 0.5802580921875 0.41964306875 0.5607157359375 0.41489927499999996 0.552403815625 0.41717112656250005 0.544163328125 0.45430638125 0.5459748703125 0.4617607546875 0.5548100625 0.4594645296875 0.5638869765625001 0.4646957953125 0.569975340625 0.474777990625 0.5867804734375001 0.47587990312499995 0.5980411265625001 0.48383648749999997 0.6022273015625 0.48364149687499997 0.6072787265625 0.477752140625 0.6141306921874999 0.446335625 0.6117958796875 0.438905628125 0.595795565625 0.430227471875 0.5934305375 0.4218565359375 0.594758628125 0.414255921875 0.6017520625 0.4035643875 0.6071358609375 0.4080253328125 0.6181547875 0.40845442500000007 0.6225524734375 0.41484599062500005 0.6309248234375 0.4144560109375 0.599698796875 0.388582521875 0.589293790625 0.39095186875 0.5872213093750001 0.40801059687499996
0 0.7935827546875001 0.43703451718749997 0.789869028125 0.419302965625 0.7799968984375 0.4056276421875 0.770236025 0.411736359375 0.7643193484374999 0.4233200859375 0.76356535625 0.44879849531250005 0.76721865 0.46464817812500003 0.760104353125 0.4715759640625 0.7486527984375 0.47399405781250004 0.752236059375 0.5039821625 0.75626155 0.5151027859374999 0.7593709671875 0.514015609375 0.7646737234375001 0.499633446875 0.7714158296875 0.497434715625 0.790767284375 0.5125531875 0.8049862734375001 0.5147179078125 0.8150286937500001 0.5010573203125 0.8174033265625 0.493407959375 0.81608484375 0.4849882765625 0.84382646875 0.41867434843750007 0.8535571281250001 0.41162469531249996 0.8507896890625 0.407041878125 0.8302310046875 0.4032877703125 0.8225632203125001 0.4092989921875 0.817411540625 0.42838583906250005 0.8005665828125 0.44236328125 0.7935827546875001 0.43703451718749997
0 0.8723194578125 0.5879114421875 0.8795037953125 0.5668452296875001 0.88578305625 0.566552746875 0.8908344828124999 0.5606633890625 0.8884090234375 0.5504105796875 0.8808112765624999 0.5422833828125 0.8740993874999999 0.5454230515625 0.8666527171875 0.5420005359375 0.8626272281249999 0.5308799109375 0.8568410203125 0.5302070859375 0.8509737734374999 0.51069115 0.846545875 0.5033586484375 0.8347523421874999 0.5114467359375 0.8277589078125 0.5221382703125 0.8220029156249999 0.5224063828125 0.8159255546875 0.5453057171875 0.8098578015625 0.552184759375 0.8071810109375 0.55042475625 0.80414163125 0.5373735109375 0.7923481015625 0.5454615953124999 0.788926921875 0.5531597078125 0.78925929375 0.5635100093750001 0.793163921875 0.570866884375 0.7954589125 0.5933762453125 0.7986891921875 0.5960528125 0.7968378265625 0.6036778 0.7981865265625 0.6130384203125 0.80670995625 0.617353125 0.806800603125 0.6201759328125 0.824310303125 0.626899096875 0.851782778125 0.6501203921875 0.8608294796875 0.6544107234375 0.8665552562500001 0.653201675 0.8704997062500001 0.6454791921874999 0.8721697765625 0.632208584375 0.8838726593749999 0.6212976875 0.8880588328125001 0.6211026984375 0.8800888921875 0.6177045578125 0.8783679984375 0.61307299375 0.86756058125 0.6192304609375 0.8604256734375 0.6091970156250001 0.8626794453125 0.597783909375 0.8723194578125 0.5879114421875
0 1 0.49546111562500006 0.9939137328125 0.4904181109375 0.9936720078124999 0.48289061875000006 0.99721405 0.47895625781250006 0.9919511140624999 0.4782590578125 0.986969725 0.47000999062500004 0.9801369765624999 0.46938591093750004 0.9682926203125 0.4595718296875 0.966571725 0.454940265625 0.9553619 0.46488585625 0.9404685609375001 0.458040825 0.9283934828125 0.473680778125 0.9138929484375 0.479067925 0.90370905625 0.47200353125000005 0.9032366078124999 0.4899300734375 0.8950757656249999 0.49690661093750005 0.924350175 0.5436025734375 0.9239079421874999 0.5624700546875 0.9587062234375001 0.5853501156250001 0.9669577140625 0.58119639375 0.965206603125 0.57562389375 0.9691812687500001 0.5688423484375 0.971716590625 0.549877375 0.9795752734375001 0.533491471875 0.9931295203125 0.5149555859375 1 0.5111426390625 1 0.49546111562500006
0 0.3652579375 0.578548 0.3626305734375 0.5456883390625 0.366856571875 0.5304139890624999 0.3659404984375 0.5182061874999999 0.373396775 0.50560840625 0.3775321265625 0.487511246875 0.38661865 0.47672221875 0.3848373234375 0.470208784375 0.3792324125 0.47518157656250004 0.373385771875 0.4726268765625 0.3534588265625 0.3906287828125 0.35438450781249997 0.3868162890625 0.3493124734375 0.37574441406250003 0.3498453515625 0.3596997421875 0.3546852671875 0.347223828125 0.3443805140625 0.3363956890625 0.34176415625 0.33651755781250003 0.336400965625 0.34901784375 0.33030299531249996 0.354955946875 0.310025859375 0.343649971875 0.2992994828125 0.3686505453125 0.299440953125 0.3893755234375 0.30334557968750003 0.396732403125 0.304231440625 0.4079992671875 0.30912218125 0.4134255265625 0.313268534375 0.428309896875 0.3075331515625 0.4455392390625 0.316237875 0.45549956406250003 0.31487956875 0.46215924218750004 0.306597865625 0.46537203125 0.3062861 0.4719829625 0.3172954203125 0.488432346875 0.32423942656250004 0.50884046875 0.3349768078125 0.5168214234375 0.34115581562499997 0.529726428125 0.343118434375 0.5418854843750001 0.3331968765625 0.55930981875 0.3370712890625 0.5657257578125 0.34119703281249997 0.5636488953125001 0.3503041671875 0.5698210984375 0.3535948765625 0.5743795406250001 0.35322268125 0.579108596875 0.3652579375 0.578548
0 0.44106915 0.4751282921875 0.45282285624999996 0.48211956406249995 0.4688135625 0.5068180203125 0.4817346765625 0.5175242890625 0.48909070000000004 0.5181239953125 0.4960539203125 0.506491525 0.4961637828125 0.477273740625 0.5087319140625 0.46066847656250004 0.5088019515625 0.44653005312499994 0.51407449375 0.4312069546875 0.5096163781249999 0.42293351562500003 0.5059534734375 0.42310412968750005 0.50398125 0.426965371875 0.4737523390625 0.43214279062500005 0.46294492031249995 0.4383002578125 0.454542353125 0.4377493 0.4514329375 0.4388364796875 0.440495053125 0.45725049531249995 0.43569495781249995 0.45464705 0.4327270109375 0.476459209375 0.44106915 0.4751282921875
0 0.4736905125 0.3812590890625 0.4681556359375 0.37209346249999997 0.4380668015625 0.348994034375 0.4345645828125 0.33784903593750004 0.42256915156249997 0.323330271875 0.41684337656250003 0.3245393171875 0.40991036875000003 0.3371127234375 0.39368894062500004 0.337868309375 0.39288412031250003 0.34544454999999996 0.4009144921875 0.350724565625 0.4070028546875 0.360806759375 0.40939810000000004 0.37011863125 0.406560625 0.3796742390625 0.4009254953125 0.3837060953125 0.40107657343750003 0.3884107796875 0.41664426250000003 0.39993611875 0.4265768234375 0.41549331718750004 0.4276741890625 0.43334673749999997 0.4235786609375 0.4363645390625 0.44000199531249995 0.45821580468749995 0.44427881718749995 0.460843628125 0.449420890625 0.4577770796875 0.44853503124999994 0.44651021562500004 0.4568867734375 0.42915900156250003 0.45492415468749997 0.416999946875 0.4562824609375 0.4103402703125 0.461303671875 0.4035099765625 0.4660735515625 0.4051724859375 0.47780664687499996 0.395202525 0.4736905125 0.3812590890625
0 0.6499329046875 0.3862426484375 0.659502878125 0.39050860625 0.666668 0.4014829875 0.671398059375 0.418224859375 0.669788421875 0.4333773390625 0.6868654921874999 0.4429476859375 0.6931145390625 0.4417142625 0.6973405359375 0.4264399140625 0.7044548359375 0.41951212812499994 0.70920410625 0.4042134046875 0.7201323859375 0.4018196828125 0.7221046125 0.3979584421875 0.718390884375 0.3802268890625 0.7116281703125 0.3654643875 0.713912159375 0.3549922125 0.7073911703125 0.34775720468750004 0.69858619375 0.3509943671875 0.68732554375 0.3430377859375 0.6598846796875 0.3697592515625 0.6535449843750001 0.3681698640625 0.649047046875 0.3749757828125 0.6499329046875 0.3862426484375
0 0.75986123125 0.4150466421875 0.758763865625 0.397193221875 0.7620037484375 0.38384949218750003 0.761178321875 0.3744645 0.7337868859375 0.3700863109375 0.7277493484375 0.3779062890625 0.7264418640625 0.4024681375 0.7294208125 0.41363750625 0.75524243125 0.41808881875 0.75986123125 0.4150466421875
0 0.714405215625 0.35402690312499996 0.7346013109375 0.3464897734375 0.73706659375 0.34166322031249996 0.73670400625 0.3303719828125 0.7395716984375 0.3217573109375 0.738534759375 0.3057857609375 0.7258855875 0.30354791875 0.7232898375000001 0.32063102187500003 0.718550171875 0.3199094484375 0.7103687234375 0.30992475 0.7036568328125 0.3130644171875 0.7043614 0.318685665625 0.7109126046875 0.3268616078125 0.710379725 0.34290628125 0.71308673125 0.34560722187500004 0.7122214812500001 0.35130158906250003 0.714405215625 0.35402690312499996
0 0.24559352968749998 0.7198194421874999 0.24344961718749997 0.7020147640625 0.25785950625 0.6938048109375 0.25971087187499997 0.6861798203125 0.2576576046875 0.67119795625 0.25898569843749997 0.663597340625 0.2728421 0.654470821875 0.2791007546875 0.6372171062499999 0.2700032296875 0.6150246046875 0.256277296875 0.6118945734375 0.24485595937500002 0.6152536046875 0.24332596562500003 0.6002473640625 0.240005040625 0.5947479890625 0.2343699109375 0.59877984375 0.2242162359375 0.5926563890625001 0.2228977515625 0.58423670625 0.2135392859375 0.5865573046875 0.20818570625000002 0.58303729375 0.20615305 0.5850166625 0.20685761249999998 0.5906379109375 0.2024503234375 0.6002666375000001 0.199975434375 0.6211134875 0.19661468437500002 0.63069346875 0.1844887859375 0.628431253125 0.1784512453125 0.6362512296875 0.17866275468749998 0.6428377875 0.190939734375 0.6498046859375 0.1944419546875 0.660949684375 0.2021001328125 0.67095875625 0.20787673281250002 0.6876518796875 0.2105137015625 0.7044912453125 0.20558313906249998 0.7141443484375001 0.1876504203125 0.6942480703125 0.172968590625 0.6939895984375 0.1686519453125 0.7064411374999999 0.1688936703125 0.71396863125 0.16648881875 0.7206770546875 0.1677770875 0.7281558015625 0.16949798124999998 0.7327873640625 0.18879861250000002 0.7300036671875 0.1931962953125 0.7363952328125001 0.19518913124999998 0.7494952234375 0.2072243875 0.748934628125 0.21761978750000002 0.762585578125 0.22947375 0.756379365625 0.23791613749999999 0.7418509640625001 0.24559352968749998 0.7198194421874999
0 0.220257990625 0.4693936859375 0.2146228640625 0.4734255421875 0.20879683437500002 0.48783207656250005 0.20116886875 0.4787639421875 0.2004340890625 0.47220175937500003 0.194003746875 0.46778956093749996 0.19166893437500002 0.46035956093749997 0.1864060015625 0.45966236250000003 0.1820083171875 0.4532707953125 0.176342971875 0.45636171406250003 0.1755587609375 0.4808991890625 0.1658885328125 0.4898307203125 0.16381605625 0.506889446875 0.1527064796875 0.5036375484375 0.145480928125 0.4907812921875 0.13488501875 0.5035253140625 0.1307194515625 0.5206815390624999 0.131726175 0.5357121499999999 0.14864256250000002 0.556598109375 0.1526076234375 0.5658368609375 0.16497525 0.575626571875 0.1683566046875 0.583007821875 0.168075059375 0.5905596875 0.174223853125 0.6025237531250001 0.1890869765625 0.6084278484375 0.2008502921875 0.5993988234375001 0.218267946875 0.5542973484375 0.23021255625 0.5509139453125 0.2402851921875 0.5381942937499999 0.2400736828125 0.5316077375 0.2347201015625 0.528087728125 0.23091572500000002 0.5075333625 0.22608541718750003 0.50398898125 0.22042007031250002 0.5070799015625 0.2170689296875 0.500639584375 0.2171691859375 0.48744209843749997 0.228479265625 0.46429902343749996 0.22167672968750002 0.46461588125000003 0.220257990625 0.4693936859375
0 0.069221903125 0.417061175 0.0531007265625 0.40461927343750004 0.045402725 0.40968956093750003 0.0456142375 0.416276115625 0.052074792187499996 0.42162925468749995 0.0593003453125 0.43448550937499997 0.067774346875 0.46989986874999995 0.06536949375 0.47660829531250004 0.0586576078125 0.47974796406250003 0.0507178796875 0.4772907578125 0.055669053125 0.48459888749999996 0.0592413109375 0.48160546093749995 0.06417737500000001 0.488443125 0.065138771875 0.50206233125 0.06140582812499999 0.5163713703125 0.0682990140625 0.5188773234374999 0.07716442031250001 0.5175220328125001 0.109585278125 0.45004780625 0.1176046484375 0.422346290625 0.1039789671875 0.406018771875 0.0965322984375 0.40259625625 0.092708709375 0.41408248593749997 0.0843061421875 0.41353152812499994 0.07710119843749999 0.41763650625000004 0.069221903125 0.417061175
0 0.194554446875 0.370702471875 0.1962753390625 0.37533403125000003 0.19007711562500001 0.39446962343749997 0.1819560953125 0.3863667984375 0.1748417984375 0.3932945875 0.175083525 0.40082207968750005 0.1826112328125 0.42308770000000007 0.19642781250000002 0.4290405421875 0.2046092609375 0.4390252390625 0.20933931874999998 0.455767109375 0.21573944531249997 0.45923837343749996 0.2243933421875 0.451296528125 0.22880063437499998 0.44166779843750004 0.2291426140625 0.4359978046875 0.22631474375 0.42953311562499996 0.22708934687500001 0.4210159390625 0.2320501265625 0.4123037734375 0.2387318 0.40822316875000003 0.2408647109375 0.3930463125 0.2397673421875 0.37519289218749996 0.248733003125 0.3606401125 0.23180700625 0.3557744515625 0.2170551375 0.36965440156249996 0.2096689 0.3681137609375 0.20530143125000003 0.362663128125 0.19698951250000002 0.36493498281250003 0.194554446875 0.370702471875
0 0.9488516562499999 0.36006873125 0.9530172234375 0.34291250624999997 0.9530570468749999 0.327833146875 0.9474013078124999 0.3149037703125 0.948880478125 0.31200784062500003 0.94558976875 0.3074494015625 0.9406791140624999 0.30956282343749997 0.9295894546874999 0.2987712421875 0.9107420562499999 0.3156689921875 0.9113861921874999 0.319408365625 0.9231701140625 0.3273405734375 0.92553514375 0.335711509375 0.92241611875 0.3528189859375 0.9241672281250001 0.358391484375 0.9432769593750001 0.36598246093750003 0.9488516562499999 0.36006873125
0 0.8536751984375 0.31738478593749997 0.8478587750000001 0.3157710234375 0.8589285265625 0.334102284375 0.8590796046875001 0.3388069671875 0.8531327125000001 0.349449753125 0.8533442203125 0.35603630937499997 0.8611836953124999 0.371691003125 0.8654907328125001 0.3752597578125 0.8786329625 0.37653228906249997 0.8983263953125 0.3859807671875 0.9063759828125001 0.35922018906250003 0.9036181515624999 0.338617078125 0.8779049984375 0.25594615625 0.872058359375 0.25339145625000004 0.858543934375 0.25684798125 0.8598926359375 0.266208603125 0.8580412734375 0.2738335890625 0.8625598203125 0.28398890468750004 0.8536751984375 0.31738478593749997
0 0.9386553703124999 0.2710209796875 0.936843828125 0.26356660781249996 0.932104165625 0.26284503593749997 0.9189221125 0.27665186406250003 0.9156918328125 0.2739752953125 0.913729215625 0.26181624062500003 0.9019851156250001 0.23880467031250002 0.894598875 0.23726403125 0.8915498921875 0.24023308124999998 0.888279790625 0.252635875 0.89507271875 0.2683393125 0.8909373671875 0.286436471875 0.89370480625 0.2910192859375 0.921096240625 0.2953974765625 0.9304340953124999 0.2761156421875 0.9386553703124999 0.2710209796875
0 0.9540527671874999 0.30988223125 0.9752857984375 0.3183166484375 0.9788374484375 0.2983619890625 0.97672375 0.2814982515625 0.9775683953125001 0.258842653125 0.962786309375 0.271781665625 0.9583185875 0.279528521875 0.9581276859375001 0.2899031984375 0.9532273390625001 0.3004972375 0.9518992468749999 0.3080978515625 0.9540527671874999 0.30988223125