0 0 0.823829946875 0.0063639484375 0.8404432640625 0.0116593953125 0.869522671875 0.0170565359375 0.87616685 0.06110613593749999 0.8494082046875 0.0988235609375 0.8431994484375 0.1079523703125 0.850388209375 0.1142833359375 0.845455584375 0.120515025 0.8317236609374999 0.12208243125 0.813406690625 0.0875304859375 0.8171491312500001 0.0838649984375 0.8224707468749999 0.0778342796875 0.8225667375000001 0.0694714171875 0.82037020625 0.06847261875 0.8104635437500001 0.07723741875 0.7853882109375 0.082668859375 0.7793482218750001 0.0893674609375 0.759827896875 0.0977977171875 0.7522733625 0.10999273437499998 0.7481965140625 0.1211558609375 0.731279903125 0.13195135 0.728950990625 0.135317803125 0.7128487453125001 0.13735211875 0.6887433734374999 0.13105545624999998 0.6809918328125 0.1283580953125 0.66205248125 0.1063675953125 0.6627476359375 0.09687114999999999 0.6701465765625 0.0909740046875 0.6663577 0.085342803125 0.67041635625 0.07417967656249999 0.687332965625 0.058819178125 0.6938761296875 0.052420820312500005 0.708559821875 0.046289615625 0.715473778125 0.0384598484375 0.71335504375 0.0320639078125 0.6968042046875 0.01826960625 0.7006476625 0.0119729421875 0.6928961234375 0 0.701169803125 0 0.823829946875
0 0.30241953125 0.9387477109375 0.305085009375 0.9391367 0.3104833578125 0.9301636109375 0.3215778828125 0.9386153328125 0.3275093265625 0.9297200406250001 0.3281429078125 0.9229798734375001 0.3222457640625 0.9191909984375 0.32367959218750003 0.9047588937500001 0.3216146015625 0.8946966359375 0.311585059375 0.9020177765625 0.3028888609375 0.9017247796875001 0.2997588890625 0.8758896625 0.3051584484375 0.851299309375 0.3016608390625 0.840051890625 0.2957967875 0.8391961140624999 0.28793271875 0.849761546875 0.27717153125 0.8394062921875 0.27054031875 0.8491755515625 0.24235364218750002 0.835301203125 0.2347910265625 0.825412734375 0.2172650546875 0.8287116062500001 0.21120003281250002 0.8414917624999999 0.2021031046875 0.8528533656249999 0.18687618125 0.8555116625 0.17351327968750002 0.881868146875 0.167117340625 0.8653173093750001 0.152291146875 0.8563210046874999 0.1303337390625 0.8599492609375 0.120670625 0.8682999671875 0.1146717859375 0.8869463218750001 0.10664104999999999 0.8984635203125 0.1046410359375 0.909884728125 0.1058065 0.9188396234375 0.10920483593750001 0.921287740625 0.1282639125 0.9123560656249999 0.1345274859375 0.9171745031249999 0.13819176093750002 0.9274701546875 0.145554615625 0.9353772906250001 0.15588319374999998 0.93883678125 0.1624458 0.9544358515625 0.1654906984375 0.9736445687499999 0.24840789062500002 0.9857451640624999 0.255869909375 0.9797828656249999 0.2592694515625 0.96661371875 0.2650011390625 0.955737096875 0.26346924375 0.9457526375 0.26816782968749997 0.93765351875 0.28915952968749997 0.9270517 0.29539000937500004 0.928937040625 0.30241953125 0.9387477109375
0 0.48081889687499996 0.7036277265625 0.484918203125 0.6895846109375 0.49248202812499997 0.6838558140625 0.4950151375 0.6725124046875 0.498680625 0.6671907890625 0.49858135 0.6583914921875 0.4940837328125 0.652854678125 0.49108491875000004 0.6543692234375 0.486452515625 0.6683345390625 0.4738898609375 0.6869990890625 0.4638934109375 0.697253328125 0.45099863124999995 0.70220415 0.43234028281250003 0.6994812265625 0.4325743421875 0.68877839375 0.43567364218750004 0.6804458796875 0.426911259375 0.6742866828125 0.4230803140625 0.6649428015625001 0.4119514875 0.6691752453124999 0.3867624140625 0.6694036171875 0.3795650171875 0.6761619796875 0.3763652375 0.6913124578125001 0.38019618125 0.7006563406249999 0.3790956890625 0.7131849109374999 0.3664668515625 0.725983259375 0.3656335109375 0.730742096875 0.37116180781249997 0.7647359375 0.3772256203125 0.767573046875 0.3942160796875 0.79543090625 0.3965470125 0.8133406937500001 0.3950470015625 0.8219065999999999 0.3990115234375 0.8273656171875 0.40860724531250003 0.8287659749999999 0.4197360703125 0.82453353125 0.4367975515625 0.79578853125 0.44229517500000004 0.795614740625 0.45332593593750004 0.7669657328125 0.4638554828125 0.756789290625 0.4744512125 0.752479046875 0.4812147875 0.7544421859375 0.48411311875 0.75974560625 0.49277622499999996 0.7571055046875 0.5001071953125 0.7464622750000001 0.5020079375 0.7262417703125 0.49977627968749994 0.7171312796875 0.490713653125 0.71580871875 0.48081889687499996 0.7036277265625
0 0.3378915375 0.5675908609375 0.3292272203125 0.5858482281249999 0.3251622140625 0.587207178125 0.319065309375 0.5814369703125 0.32036556250000003 0.5708897328125 0.3186339109375 0.5589239421875 0.29097911718749997 0.5607446546875 0.2830500734375 0.5498266218750001 0.2710548171875 0.5558848046875 0.2566612359375 0.5537842640624999 0.2528952640625 0.5659238453125 0.25516001250000003 0.5779674328125 0.2532604828125 0.582570675 0.24872856406250002 0.5897180265624999 0.24043188437500002 0.5933876921875 0.23166829375 0.6028457625 0.2321670875 0.615607725 0.229467309375 0.6279029015625001 0.23686325468749997 0.6387431375 0.238761578125 0.6497571609375 0.2298975 0.6660331953124999 0.2283962796875 0.6902163671875 0.23385960312499998 0.70272674375 0.24328865624999998 0.7050788703124999 0.296701128125 0.6748061546875 0.294702321875 0.6706100953125 0.29730161875 0.665132884375 0.3208276375 0.62757039375 0.328058125 0.623745128125 0.33875313125 0.628234184375 0.34451790937500004 0.6202906625 0.35108293437500004 0.604655203125 0.3515167546875 0.5959337031249999 0.3508843828125 0.58705660625 0.3421563015625 0.56821324375 0.3378915375 0.5675908609375
0 0.5954110499999999 0.5924830328125 0.5999110859375001 0.5667853171874999 0.5990127703125 0.5500606875 0.5787551343749999 0.5471043734375 0.5618946234375 0.5622134390625 0.560095578125 0.559998715625 0.5556972359375 0.5632611984375 0.5494986374999999 0.579926221875 0.547431228125 0.6010984953125 0.5512952656250001 0.613375478125 0.5627562187499999 0.6228567625 0.5629216765625 0.6375222625 0.557123809375 0.642532684375 0.558655703125 0.65251714375 0.5555233109375 0.65791655625 0.5589204359375 0.675981940625 0.5661166234375 0.6848408421875 0.579610684375 0.6858340203125 0.602501915625 0.6706289625 0.5996035843749999 0.6653255406249999 0.6014369328125 0.6548561015625001 0.5982052671875 0.6514562140625 0.5992052734375 0.645745609375 0.6110681640625 0.6279550296874999 0.6216969859375 0.6265778859375 0.6402229687500001 0.6175684109375 0.6506544484375001 0.5829754046875 0.6434582625 0.5741165031250001 0.6228317796875 0.60136515 0.6124358109375 0.6076567265625 0.5954110499999999 0.5924830328125
0 0.7017497296874999 0.7876022390624999 0.700285228125 0.7678667156250001 0.69735380625 0.75963019375 0.6920890328125 0.7647184171875 0.686591409375 0.7648922046875 0.6819271234375 0.760307159375 0.679129278125 0.748185771875 0.6714318765625 0.7577994343750001 0.660603296875 0.7571952453125 0.65780424375 0.7606911249999999 0.651105640625 0.78021145 0.643375146875 0.7868920125 0.6428408421875 0.80243148125 0.6387084453125 0.8135414984375 0.6316777171875 0.8193480937500001 0.628011021875 0.8402869718750001 0.6158490953125 0.847296921875 0.605320759375 0.8418560984375001 0.5928928906250001 0.8410185171875 0.5839295390625 0.8484952531250001 0.581363334375 0.8569055625 0.5863940484375 0.8625201734375001 0.5873597562499999 0.8694937359375 0.5999873828125 0.8723126499999999 0.60751690625 0.8792680203125001 0.60991523125 0.8874267421875001 0.5963525703125 0.9118018937500001 0.5933856390625001 0.9318668046875 0.6039470671875 0.9402407281249999 0.6117413234375 0.9706608921875001 0.6102082203125 0.9762936984374999 0.611406778125 0.988181690625 0.6143051093749999 0.9934851124999999 0.6253665421875 0.9990037328125 0.6363287 0.9957230562499999 0.636729428125 0.9840684546875 0.655424496875 0.9428726828125 0.6609907234375 0.9173305624999999 0.6704552890625 0.891381259375 0.69114674375 0.8856160734375 0.69897893125 0.856500278125 0.7053429859375 0.8545007515625 0.709008471875 0.8491791390625 0.709775628125 0.8385541015625 0.702346590625 0.82478076875 0.7015475515625 0.8168554390624999 0.7076456656250001 0.80700838125 0.7111775734375 0.8055716328125 0.714610209375 0.7953355875 0.7100464093750001 0.7839325734375 0.7046149671874999 0.7899725625 0.7017497296874999 0.7876022390624999
0 0.4522827203125 0.47008210000000006 0.443552221875 0.4824732703125 0.4447507796875 0.4943612625 0.4391857625 0.50428611875 0.4363854984375 0.5233992609375 0.4255232203125 0.52767060625 0.4171609625 0.517665440625 0.4177945421875 0.5109252718749999 0.412630253125 0.509195525 0.41059835468749994 0.50206636875 0.4061338296875 0.49946265468749995 0.39590452656249997 0.5048024625 0.38860785781249996 0.5027615265625001 0.3858749859375 0.5121236046875 0.375145678125 0.5203187125000001 0.37291281249999997 0.5268254875 0.379209475 0.5345770296875 0.38430758125 0.530440575 0.3919375890625 0.530577978125 0.393969484375 0.537707134375 0.39263614062499996 0.545321271875 0.40569517343749995 0.5706532156249999 0.4066927609375 0.5961771421875001 0.41155680625 0.602743521875 0.4229184828125 0.6034255078124999 0.45284044218749997 0.582413853125 0.4547068828125 0.5748775140625 0.44914307343750004 0.5691851031249999 0.44764427187500005 0.56213374375 0.456208103125 0.55069434375 0.4738345640625 0.54057750625 0.47483457187500006 0.5348669015625 0.4717364796875 0.5275821484375001 0.46820457031249996 0.529018896875 0.4659398203125 0.51697530625 0.4683062640625 0.506583665625 0.47623651562499997 0.5018844328125 0.47846938437500003 0.4953776578125 0.47550486875000003 0.4842080375 0.4650770171875 0.4719492484375 0.4522827203125 0.47008210000000006
0 0.43386327031249994 0.394187284375 0.43419781406249996 0.3766664859375 0.42386923750000005 0.37320699375 0.388116315625 0.3962959734375 0.3966458484375 0.3975407375 0.40207728906250007 0.3915007484375 0.413438965625 0.39218273593749997 0.4196032625 0.388201878125 0.42523325468750006 0.3997604859375 0.42549919843749995 0.40760801718749995 0.4218668046875 0.41586273125 0.4042072515625 0.4230464703125 0.400741528125 0.43034941875 0.40323791875000004 0.462924703125 0.40756886718749996 0.469413284375 0.4118336328125 0.4700356671875 0.42452865468749995 0.463103515625 0.4419210515625 0.4636895109375 0.4496184515625 0.454075846875 0.459681084375 0.44968780625000004 0.468410378125 0.45291390312499996 0.47134300781249994 0.44553315781249997 0.4682473359375 0.40701387499999997 0.4600511421875 0.40386557500000003 0.43932659375 0.4066976609375 0.43386327031249994 0.394187284375
0 0.22442164375 0.385096215625 0.218056378125 0.40271300468750004 0.2101261265625 0.4074122390625 0.194867321875 0.39152016875 0.1923366265625 0.3716290484375 0.1853402015625 0.364751478125 0.1637161296875 0.36647620000000003 0.160217309375 0.370846046875 0.169179453125 0.3789865765625 0.188065815625 0.44909299062499997 0.1854996125 0.45750330000000006 0.18683174687499998 0.465506428125 0.195160309375 0.480387125 0.210053896875 0.4796323625 0.232078696875 0.4662530421875 0.2386756046875 0.469167946875 0.24203963593750003 0.48430023125000005 0.2450715421875 0.4857187859375 0.2508032296875 0.47484216406249996 0.25880208125 0.4447746 0.2474073140625 0.4411595140625 0.24111064999999998 0.4334079734375 0.24714257968750003 0.41769471718749995 0.25004332812499996 0.3917636078125 0.24564619531249998 0.3794088265625 0.236517384375 0.372220065625 0.22442164375 0.385096215625
0 0.18776073437500002 0.5163986859375 0.18476191875 0.51791323125 0.179531446875 0.5103172875 0.1766012359375 0.48646350156249996 0.1707371828125 0.48560772500000005 0.165107190625 0.474049115625 0.154179334375 0.464645628125 0.1485812265625 0.47163738437499997 0.13975024062500002 0.49084651875 0.133719521875 0.4909425109375 0.127987834375 0.5018191328125 0.119857825 0.5045370328125001 0.113427584375 0.500670359375 0.10446423281249999 0.5081470953125 0.100498503125 0.5183053453124999 0.10482945156250001 0.5247939265625 0.1112266 0.5257275 0.1155563390625 0.5478333453124999 0.12401847656250001 0.5588291765625 0.12468394062499999 0.5706393734375 0.115920346875 0.580097440625 0.10572534687499999 0.572753084375 0.1032927203125 0.5772785265625 0.0946296125 0.579918628125 0.098894378125 0.580541009375 0.10932223125 0.5927998 0.1091212609375 0.6064357328125001 0.1120526828125 0.614672253125 0.1177500671875 0.6164797953125001 0.127646034375 0.6130435234375 0.15916728125 0.5922652625 0.17809278125 0.5872184500000001 0.1785927859375 0.5843631484375 0.1879556578125 0.580849078125 0.1906885296875 0.5714870000000001 0.1898894890625 0.563561671875 0.1935880671875 0.56117315625 0.19918738593750002 0.5385641359375 0.20425239843749998 0.53149458125 0.206085746875 0.5210251421875001 0.203687421875 0.5128664203125 0.1927595640625 0.5034629328125 0.18776073437500002 0.5163986859375
0 0 0.4600117609375 0.0021869484375 0.46154899531250004 0.013413840625000001 0.481733115625 0.019110015624999997 0.4991579234375 0.0189752296875 0.5186600546875 0.02207331875 0.5259448078125 0.0194740265625 0.5314220203125 0.027336884375 0.5364738515624999 0.06632147031249999 0.5167847609375 0.06858863750000001 0.4975938203125 0.105342775 0.45317697187499995 0.097979921875 0.4452698375 0.10008042187499999 0.4270306625 0.088618259375 0.4331666421875 0.07452492187500001 0.42622946875 0.0643973109375 0.4091340453125 0.048137290625 0.4145698453125 0.038075865625 0.40334062187499997 0.0356432375 0.40786606406250003 0.022081784375 0.41662395312499995 0.014984873437499999 0.4165643484375 0.008687001562500001 0.4244300734375 0.003189375 0.42460386406249995 0.0062543734375 0.42895551562499995 0.0049210296875 0.43656965468750003 0 0.4397476203125 0 0.4600117609375
0 0.6995838140624999 0.35975869375 0.695886446875 0.34652994531250003 0.6932209671875 0.34614095625 0.6810921343749999 0.356084003125 0.6842564078125 0.36923495625 0.6824892421875 0.38557059531250004 0.675691365625 0.396291621875 0.6760908859375 0.40025428749999997 0.643831946875 0.48144247812499996 0.6374678890625 0.4834420046875 0.632437178125 0.477827390625 0.6296712140625 0.48425636875 0.6374335890625 0.49612617031250006 0.6390647578124999 0.5149099265625 0.644894509375 0.52844986875 0.6421947296875 0.5407450453125 0.644325903125 0.5566735015625001 0.6368932375 0.5897519625000001 0.6491544359375 0.5915413109375 0.6494546796875 0.5867046765625 0.6534865953125 0.5824126265625 0.663715896875 0.5770728187499999 0.6676473281249999 0.579598734375 0.672545671875 0.57348095 0.6648837828125 0.5547931828125 0.668649753125 0.542653603125 0.6768471593750001 0.5301846359375 0.6890090843750001 0.5231746875 0.699072928125 0.50316938125 0.7127348640625 0.48759352656250005 0.7133684437500001 0.4808533578125 0.7053389171875 0.47675329218750007 0.7049063078125 0.46985752812500003 0.715269184375 0.4606328515625 0.7118720609375 0.44256746874999997 0.7182704171875 0.4278837765625 0.7240682875 0.42287335312499996 0.7266013984375 0.4115299453125 0.7316664109375 0.404460390625 0.7348000109374999 0.3834437140625 0.727405275 0.35698621406250003 0.7049809546875 0.366402871875 0.6995838140624999 0.35975869375
0 0.5656359671875 0.43781990468750004 0.5569397687500001 0.43752690625 0.5467447671875 0.4301825484375 0.516491890625 0.42186320781250003 0.5150261796875 0.41774494687499997 0.5112945109375 0.41720036406250005 0.50552973125 0.42514388593749997 0.5087270984375001 0.44122793906249996 0.5067601749999999 0.45558224531249997 0.517254209375 0.47370723124999997 0.51315369375 0.5033676140625001 0.51861701875 0.5158779906250001 0.526247025 0.516015390625 0.5410413359375 0.5064613312499999 0.561001146875 0.4830197515625 0.5740625968749999 0.4771171640625 0.582425459375 0.479313696875 0.5825271515625 0.456878465625 0.5772292875 0.4590335890625 0.5686678734374999 0.43923845781250004 0.5656359671875 0.43781990468750004
0 0.6149232953125 0.3249536140625 0.600528503125 0.3384703375 0.5953299140625 0.3494247578125 0.5611431890625 0.3698140296875 0.5541455515625 0.3785537234375 0.5479138625 0.3922856484375 0.5585083843749999 0.40359266875 0.56363958125 0.40238931562499997 0.5678038609375 0.40982966562499995 0.5682364718749999 0.4167254296875 0.5644705 0.42886500937500005 0.5705331046875 0.4473193828125 0.56799999375 0.45866279218750006 0.5728309453125 0.462296071875 0.577595715625 0.46006315156250005 0.5975886171875 0.43955467343750004 0.593823853125 0.4360769890625 0.5975236421875 0.41807120781249996 0.60995271875 0.40329152500000004 0.6275791796875 0.3931746875 0.62841251875 0.38841585 0.6232151375 0.38375300625 0.62168324375 0.373768546875 0.6254823078125 0.36456206562500004 0.6331797078125 0.3549484015625 0.6421761484374999 0.3504047640625 0.6424433015625 0.3426350296875 0.6259173359375 0.3402232984375 0.6206206812499999 0.32676115625 0.6149232953125 0.3249536140625
0 0.3405763640625 0.3181036109375 0.32788134375 0.3250357625 0.31931872031249997 0.320857896875 0.31158822812500003 0.3275384609375 0.312420359375 0.338396890625 0.3033565234375 0.35269159375000003 0.2969912578125 0.370308384375 0.29845696875 0.3744266453125 0.3093186421875 0.37796393125 0.31198291093749997 0.3939701859375 0.3182795734375 0.401721725 0.3204107484375 0.41765018125 0.326641228125 0.41953552343749995 0.3455336375 0.41155561250000006 0.34606794375 0.3960161453125 0.35333273125 0.37950671874999997 0.3622629921875 0.36909688281249997 0.372692053125 0.36573840625 0.3752251640625 0.354394996875 0.37159397968749996 0.347032446875 0.364863496875 0.34800240625 0.3405763640625 0.3181036109375
0 0.25810957343749996 0.3519449796875 0.2595078921875 0.36581430625 0.2558081046875 0.3838200859375 0.2601059625 0.3873755671875 0.28722765781250004 0.38547705468750004 0.2918931515625 0.3744448375 0.2940941375 0.3493876984375 0.2890303328125 0.3408399859375 0.26030935 0.3425051046875 0.25810957343749996 0.3519449796875
0 0.3069263625 0.291718884375 0.30672781250000003 0.2741202875 0.2934335125 0.27510844218749997 0.290067059375 0.2912106875 0.2917656234375 0.30024337968750003 0.2897656078125 0.3116645859375 0.2915977453125 0.3168124109375 0.3112218 0.326508896875 0.3138541875 0.3239647859375 0.313788003125 0.31809858750000003 0.3169534875 0.3156322734375 0.31872065156249996 0.2992966359375 0.32661781093750003 0.291664303125 0.3281509125 0.286031496875 0.3217206734375 0.282164825 0.3118908921875 0.291467296875 0.3069263625 0.291718884375
0 0.8002509468750001 0.6497070500000001 0.80071906875 0.6283013828125 0.7975878875 0.61808353125 0.799120990625 0.612450725 0.79732194375 0.6102359984375 0.791324315625 0.6132650890625 0.782061928125 0.6099611953124999 0.7794957265625 0.6183715046875 0.76820023125 0.62355571875 0.7630028515625 0.618892871875 0.7588042703125 0.6241366890625 0.7550713906250001 0.6392093703125 0.7438432890625 0.634642515625 0.7293161296874999 0.63642684375 0.7167865671875 0.6580244921875 0.7207167875 0.6761676734375001 0.733610359375 0.6868341203125 0.733876303125 0.6946816515625 0.7296103265625 0.709676534375 0.7304093671875 0.7176018640625 0.7440027031249999 0.727394340625 0.7392367234375 0.7452445234375 0.743932890625 0.768379934375 0.750495496875 0.7839790078125 0.7617566906250001 0.791478959375 0.774385528125 0.778680609375 0.7866467265625 0.7804699578125 0.7905793671875 0.767378609375 0.7960108078125 0.761338621875 0.8154020125000001 0.766120675 0.8178346390625 0.7615952312500001 0.8202341750000001 0.7541366890625001 0.8187353703125 0.74708533125 0.8200687156249999 0.739471190625 0.8174375375 0.7263980359375 0.802344190625 0.7251714671875 0.7810853375 0.7435430171874999 0.7774210609375001 0.7332473671875 0.78255346875 0.71642675 0.7908844484374999 0.7000729156250001 0.8001811359375001 0.6906926453125 0.8053797250000001 0.679738225 0.8189742703125 0.6739134375 0.8201409453125 0.667251065625 0.8150771406249999 0.6587033546875001 0.8023159359375001 0.6597693062500001 0.8002509468750001 0.6497070500000001
0 0.8656647203125001 0.535289825 0.8538030390625 0.537463140625 0.854137584375 0.5199423421875 0.8455087796875 0.509898278125 0.8482428593750001 0.4849189359375 0.8428788109375001 0.4812078578125 0.8374473703125 0.487247846875 0.8319497453125001 0.4874216359375 0.82848401875 0.49472458125 0.82125353125 0.4985498453125 0.819553759375 0.5051344171875 0.8104237390625 0.513562921875 0.8065266109375001 0.4983528375 0.8013292312500001 0.49368999375 0.8005632828125 0.4886977640625 0.7936330390624999 0.48768639374999995 0.8018942093750001 0.5123181578125 0.8000939546874999 0.5257206953125 0.795728703125 0.53191628125 0.7903646531249999 0.528205203125 0.784900121875 0.531312090625 0.7780348515625 0.551784184375 0.7720372234374999 0.554813275 0.7708705484375 0.5614756453124999 0.7793657765625001 0.5754045765625 0.791126971875 0.5800492265625 0.8024850234375001 0.627583009375 0.8132462109375 0.6379382640625 0.8293395671875 0.63345423125 0.837370303125 0.62193703125 0.8381705500000001 0.6142450984375001 0.84270246875 0.607097746875 0.85679701875 0.59841765625 0.862195365625 0.5894445687500001 0.882554696875 0.5699656531249999 0.8857544796875001 0.554815175 0.883956640625 0.536983184375 0.874928315625 0.52297645625 0.8656647203125001 0.535289825
0 0.9297108515625 0.4411709046875 0.9133834359374999 0.4563577703125 0.917612690625 0.485281584375 0.9411302453125 0.557039946875 0.9500262046874999 0.5593142765625 0.9574564531249999 0.5574703453125001 0.95569170625 0.5425714546875 0.9586414874999999 0.5288486265625 0.9646893593750001 0.5224105515625 0.9679210250000001 0.5258104390625 0.9740522296874999 0.51889648125 0.965555790625 0.5205848171875 0.9591255515625001 0.5167181421875 0.957626746875 0.509666784375 0.9714234703125 0.4745887953125 0.9769229968750001 0.46727870625 0.9779543046875 0.44738921249999997 0.96376158125 0.4559010296875 0.9555984765625001 0.45568583125 0.9488018109375 0.4507895921875 0.9401056125 0.45049659374999995 0.9378408625000001 0.4384530046875 0.9297108515625 0.4411709046875
0 0.8394865234375001 0.4006734140625 0.8419191515625 0.396147971875 0.8402536812499999 0.39004837812500004 0.8320574859375001 0.3869000796875 0.8267927125 0.3919883 0.8189960375 0.392802665625 0.8058696140625001 0.3772217875 0.78781054375 0.3804428625 0.794906246875 0.39611973125 0.791206459375 0.41412551249999996 0.79120525 0.4297427765625 0.797468821875 0.43456121718749996 0.8012997671875001 0.4439051 0.800865946875 0.45262660156249995 0.7970337921875 0.4588999828125 0.7965668796875 0.46468838437500004 0.7996980609375 0.47490623593750003 0.80742734375 0.48384293749999996 0.8144911640625001 0.48096944218750004 0.8217559515625 0.46446001406250004 0.8315857375 0.45515754062499997 0.8466129 0.45051791249999995 0.857543175 0.4286868703125 0.85887651875 0.4210727328125 0.8525798546875001 0.41332119375 0.843083409375 0.42072013124999996 0.8394865234375001 0.4006734140625
0 0.08086070468749999 0.25579951875 0.076828790625 0.26009156875 0.077928071875 0.26318026250000004 0.0702637640625 0.2757270265625 0.068130171875 0.2910331015625 0.0699280078125 0.30886509218749997 0.07479205625 0.31543147031249996 0.095483509375 0.30966628749999997 0.09808280625 0.3041890765625 0.097351159375 0.2865126796875 0.1009835546875 0.2782579671875 0.11421167031249999 0.2714036140625 0.1154114390625 0.26767434375 0.0985202546875 0.24861578125 0.08559177812499999 0.2584421328125 0.08086070468749999 0.25579951875
0 0.1194078421875 0.291683721875 0.1136087640625 0.3123114125 0.11800468593749999 0.34028345781249997 0.1395625734375 0.33269253593750003 0.15322330312500002 0.332733946875 0.1581547390625 0.32954926093750003 0.1684514359375 0.314458384375 0.1696181109375 0.3077960140625 0.1650543109375 0.296393 0.16588765 0.2916341640625 0.1798829234375 0.2741547765625 0.1736855359375 0.27520253437500003 0.169390096875 0.2404125234375 0.175488209375 0.23056546562500002 0.1746891703125 0.2226401359375 0.177422040625 0.21327805937500002 0.1640615578125 0.20840001562500002 0.1576975015625 0.2103995421875 0.1194078421875 0.291683721875
0 0.1201136515625 0.21272342812499997 0.11634768124999999 0.22486300781250002 0.1126491046875 0.22725152343750002 0.1011219671875 0.21190404062499998 0.0961574390625 0.21215562656250003 0.0932248078125 0.2195363703125 0.10092099843749999 0.2255399734375 0.10771645781250001 0.24605347656249998 0.1364374390625 0.24438835937499997 0.139936259375 0.2400185125 0.13830508749999998 0.2212347515625 0.14753559375 0.205988284375 0.14597060625 0.193070725 0.1432720359375 0.1897486359375 0.13547536093749998 0.1905630015625 0.1201136515625 0.21272342812499997
0 0.0683690703125 0.2178612078125 0.0550759796875 0.20323209687500002 0.052675235937499995 0.2263079046875 0.048075925000000005 0.24320632187500002 0.0488406625 0.263815815625 0.07183116875 0.2574100546875 0.07429688906250001 0.25581771249999996 0.0740309453125 0.2479701828125 0.0705333375 0.2367227625 0.07183358749999999 0.22617552500000002 0.0683690703125 0.2178612078125