0 0.8904398421874999 0.6595749625 0.8591018578125 0.656413975 0.85269934375 0.6576977187499999 0.8451007609375001 0.66440049375 0.8290561953125 0.6710449453125 0.827664571875 0.6749037234374999 0.8297618515625 0.6841561453125 0.837674984375 0.6874440640625 0.8505451984375 0.6853966625 0.8673181671875 0.6770828625 0.878796759375 0.6788942390625 0.8917321593749999 0.6773669203125 0.9031569390625 0.6712679374999999 0.9024399093750001 0.6655470109375 0.8904398421874999 0.6595749625
0 0.811416215625 0.691600071875 0.7874926359375001 0.672785784375 0.7744268671875 0.6732729359375 0.7636653046874999 0.6771824875 0.7422187390625 0.6781314 0.7315875468749999 0.6830811203125 0.7319020953125001 0.6930718125 0.739815228125 0.696359734375 0.7512938203124999 0.698171109375 0.764827253125 0.6939342765625 0.774555709375 0.6967439640624999 0.776033734375 0.7010555859375 0.7888273906250001 0.7058783734375 0.8056541718749999 0.70547493125 0.8125243531249999 0.700441503125 0.811416215625 0.691600071875
0 0.6362151234375 0.6702403734375 0.6245947890625 0.6747791015625 0.6240505656249999 0.685398975 0.647452665625 0.7000525859375 0.67997534375 0.705184815625 0.6898781328125 0.7019044421875 0.6949004000000001 0.6970892046875 0.695237696875 0.692299353125 0.6898356953125 0.6866038140625 0.6597589671875 0.6785438796875 0.650530771875 0.67224455 0.6362151234375 0.6702403734375
0 0.5234565765625 0.630440878125 0.5313966140625 0.6376839750000001 0.5370096984375 0.6562852171875 0.5443899812499999 0.6628027375000001 0.55554265 0.662013690625 0.5644563 0.6583223281249999 0.573262325 0.6388102531250001 0.571165046875 0.62955783125 0.5480236828125 0.6169845546875 0.5385885578125 0.61651524375 0.525120309375 0.6212721640625001 0.5234565765625 0.630440878125
0 0.6588731640625001 0.5966661828125 0.6510138421875 0.6012886187500001 0.6493387359375 0.6178476046875 0.6522947859375 0.626470846875 0.6699575921875 0.640218771875 0.682958175 0.6392115390625001 0.69062194375 0.6330288484375 0.6894486234375 0.623667334375 0.680655496875 0.613358278125 0.6787977374999999 0.5985358765625 0.6699606484375 0.5953570515625 0.6588731640625001 0.5966661828125
0 0.7539414359375 0.607080215625 0.7431146890625 0.61046968125 0.7464080375 0.6143030734375 0.740461815625 0.6192274078125 0.7566791859374999 0.6289237515625 0.7954201984375 0.6238217125000001 0.8023555640625 0.6193083703125 0.802301753125 0.6113980109375 0.793269109375 0.6066589328124999 0.7802033421875 0.607146084375 0.765811134375 0.6120120953125 0.7539414359375 0.607080215625
0 0.8987730218750001 0.6105629968749999 0.8925774359374999 0.6060167187500001 0.8782617875 0.60401254375 0.881903803125 0.595665809375 0.8777630578125001 0.585071321875 0.86325185625 0.5815068937500001 0.8505771953125001 0.5851145484375 0.8552818562500001 0.6151703375 0.8914889875 0.6272564640625 0.898945828125 0.6269037953125001 0.906870334375 0.622801440625 0.9092510984375 0.6193536546875 0.90530590625 0.6103194203125 0.8987730218750001 0.6105629968749999
0 0.88631971875 0.5560886375 0.8935158203125001 0.5536556312500001 0.9140922421875001 0.56072616875 0.9146250921875 0.5574965703125 0.9114962343749999 0.532532528125 0.9098438718749999 0.5343109687500001 0.8956585953125 0.533346959375 0.880016509375 0.5357216453125 0.8569062093750001 0.5458392734374999 0.8447643984375001 0.5462173296875 0.8320897374999999 0.549824984375 0.8280566140625 0.5550512125 0.8226432390625 0.556745946875 0.8232299 0.5614267046875 0.8399801218749999 0.5678934515625 0.8539698484375 0.56729720625 0.8638726390624999 0.564016834375 0.876210003125 0.5651990296875 0.881558190625 0.5629842140625 0.88631971875 0.5560886375
0 0.7870113937500001 0.556730853125 0.7696517640625 0.5603638953125001 0.74583580625 0.5573703234375 0.7311828625000001 0.5601559984375 0.7260954125 0.5644511515625 0.7271383640625 0.5727724984375 0.7333991375 0.577838859375 0.7484431890625001 0.5781736890625 0.7667154015625 0.5818218265625 0.7941733765625 0.576468665625 0.8085003984375 0.5710825671875 0.8093053593749999 0.5625430328125 0.8031097718750001 0.55799675625 0.7870113937500001 0.556730853125
0 0.669223928125 0.55955495 0.658331996875 0.56242433125 0.6341787453125 0.5642206125 0.6245366921875 0.569581321875 0.6171336640625 0.5778443484375 0.6217420734375 0.5846891515625 0.6514390703124999 0.5822383062500001 0.66490731875 0.5774813859375 0.6853533703125 0.58351175625 0.70013668125 0.58176625 0.7044305453125 0.57862035625 0.7054310609375001 0.5716410749999999 0.7010833875 0.5668766109375001 0.669223928125 0.55955495
0 0.57191815 0.5831994296875 0.5555590328125 0.5798531890625 0.547319978125 0.5739648484375001 0.5321455578125 0.57258985 0.5249494546875 0.5750228578125001 0.519862003125 0.5793180109375 0.520839771875 0.5871192734374999 0.53785073125 0.59566635625 0.538751940625 0.6103378078125 0.5430344328125 0.6145821890625001 0.5489040953125001 0.61652804375 0.56183949375 0.615000725 0.57023166875 0.607148690625 0.5746134609375 0.5897423359375 0.57191815 0.5831994296875
0 0.47039049374999997 0.611020503125 0.48966322343749996 0.6076893578125 0.49534870781249996 0.6006846875 0.4953828265625 0.5785138703125 0.4864153703125 0.5742948765625 0.47315404687499996 0.5732217734375 0.44727187500000004 0.5836666828125 0.4386303390625 0.582048109375 0.4220642953125 0.5845318890625 0.4152593015625 0.5900854 0.413204459375 0.596133609375 0.41714965312499996 0.605167840625 0.4261171109375 0.6093868359375 0.44432414218750005 0.6125148874999999 0.44622586562500005 0.62020705625 0.4590960796875 0.6181596546875 0.45666150625 0.6136970859375 0.46649910937500005 0.609896628125 0.47039049374999997 0.611020503125
0 0.44802204218749997 0.6732448859375 0.455946546875 0.66914253125 0.4599144875 0.6633962203125 0.48591565625 0.66138175 0.4983295765625 0.6556937578124999 0.495177971875 0.6455102625 0.44621962187499997 0.64390198125 0.4409366171875 0.646636884375 0.42618436718749997 0.6710732921875 0.43224958750000003 0.6745794015625 0.44802204218749997 0.6732448859375
0 0.32817063750000003 0.7256290359374999 0.34632385781249997 0.7208467296875 0.35385725468749996 0.7136238734375 0.35195553125 0.7059317046875 0.3394226125 0.7031892546875 0.3311069984375 0.7041711015625001 0.3123557453125 0.7116629234375 0.30807325625000004 0.707418540625 0.29554033749999997 0.704676090625 0.27890911093750004 0.7066397859375 0.2719085625 0.7106330453124999 0.269658165625 0.715121 0.27340780625 0.72259498125 0.2908864328125 0.7273923812499999 0.2984622703125 0.735470153125 0.30710380625 0.7370887265625 0.31541941875 0.7361068796875 0.3224851515625 0.7326337046875 0.32817063750000003 0.7256290359374999
0 0.3668515390625 0.6452372015625001 0.3550470234375 0.6408254062500001 0.33861135 0.6443493546875 0.332534759375 0.64823351875 0.31854503125 0.6488297625 0.29898881875 0.66486111875 0.2959448359375 0.6704983359375001 0.29765100625 0.6766302515625 0.30741205312500003 0.679699984375 0.319423496875 0.678281759375 0.3299895046875 0.67281195625 0.3343599265625 0.6627958765625 0.3415560265625 0.6603628687499999 0.354752165625 0.6609158875000001 0.3661117625 0.6542968218749999 0.3668515390625 0.6452372015625001
0 0.309374678125 0.5906248140625 0.30069902187499997 0.6111770578125 0.3012856828125 0.615857815625 0.309264 0.6196658203125 0.3185035703125 0.618574878125 0.3299283515625 0.612475896875 0.3402449953125 0.5975354828125 0.34896309062499997 0.5922838687499999 0.352007075 0.5866466499999999 0.3508989359375 0.57780521875 0.339355159375 0.575473759375 0.331169915625 0.5774957749999999 0.309374678125 0.5906248140625
0 0.4362867515625 0.5184633578125 0.4341894734375 0.5092109359375 0.4289830265625 0.5050756484375001 0.414862934375 0.5046317250000001 0.40337296875 0.510210621875 0.3915995171875 0.5284897296875 0.3905990015625 0.5354690140625 0.40774033281250005 0.5450562624999999 0.4155117234375 0.5546942890625 0.435045190625 0.5534434796875 0.44356773125000004 0.5466316109375 0.44232922500000005 0.5367500109375001 0.43165559375000007 0.5263991015625 0.4362867515625 0.5184633578125
0 0.5469774203125 0.4964215328125 0.5345096875 0.494199165625 0.5226938 0.4971776421875 0.5204972156250001 0.50957595625 0.5274098328125 0.5198431593749999 0.5212566828125 0.5305975109375 0.524603840625 0.5423412578125 0.5360824328125 0.5441526343749999 0.5497462359374999 0.5409559703125 0.5582801515625 0.5267538296875001 0.569639746875 0.5201347625 0.568531609375 0.51129333125 0.5576510515625 0.506772440625 0.5469774203125 0.4964215328125
0 0.64487355 0.5246251328125 0.6461234296875 0.5271164609375 0.6566780640625 0.5290369296875 0.6687546921874999 0.528138790625 0.68321208125 0.5237928625 0.6806471375 0.5182901249999999 0.6858877046875 0.50025459375 0.6814324078125 0.4796694125 0.645267715625 0.48288391875 0.6153637921875 0.4911647828125 0.61947041875 0.5239300874999999 0.64487355 0.5246251328125
0 0.7955437375 0.5073628671875 0.790566965625 0.4826170140625 0.785034596875 0.4758813078125 0.7733604515625 0.4725096796875 0.7632621078125 0.4742298 0.7563267437500001 0.47874314218749997 0.7531296453125 0.4981207375 0.7468574984374999 0.50044465 0.7465740125 0.513144859375 0.747616965625 0.5214662062500001 0.7536821828125 0.524972315625 0.7668131375 0.5250052484375 0.7775095140625 0.5205756140625 0.7872933078125001 0.5088648 0.7955437375 0.5073628671875
0 0.9067020703124999 0.4815713578125 0.894962740625 0.477679646875 0.895898071875 0.47018027812499996 0.8851478828125 0.46669955625000004 0.8703645703125 0.4684450625 0.8532543046875001 0.48154871562499996 0.8494167328125 0.48833519687500004 0.8516330078125 0.5060180578125 0.8590784734374999 0.5130556625 0.8588715468749999 0.5188856828125 0.904340996875 0.5151003203125 0.911602284375 0.5131874 0.91490700625 0.5096305171875 0.9142665328125 0.49703940312499995 0.9067020703124999 0.4815713578125
0 0.8423091453125 0.4137017671875 0.8409175234375 0.4175605453125 0.8447861578125 0.4334649671875 0.8599321734375 0.44682235937500003 0.890292075 0.44564330625000004 0.8873063515625 0.43156156250000005 0.867885084375 0.4307376140625 0.8738426796875001 0.41842300625 0.8700278562499999 0.41042894375000005 0.86125595 0.40777020156250005 0.85201638125 0.4088611421875 0.8423091453125 0.4137017671875
0 0.775262759375 0.41739587499999997 0.7157270265625 0.42864767031250006 0.7056824953125 0.438278146875 0.7099536109375 0.44991280156249996 0.723943334375 0.44931655781249996 0.7312584328125 0.4553139921875 0.7507919015625 0.4540631828125 0.754096621875 0.45050629999999997 0.79131564375 0.4482228703125 0.790663796875 0.44302202812499997 0.8010994374999999 0.43651205624999995 0.7978288375 0.41789812031249995 0.7868717203125 0.42024741875 0.775262759375 0.41739587499999997
0 0.6198637328125 0.4343335125 0.6106893484375 0.4359445359375 0.6064606703125001 0.4396105125 0.6076339921875 0.44897202968750005 0.62457976875 0.456999028125 0.6368519484374999 0.45766113906249994 0.6542767640625 0.45454818281250003 0.6683316718750001 0.45447202343750004 0.6778433546875 0.44807114375 0.6767352171875001 0.4392297125 0.66591984375 0.43522890625 0.643940428125 0.4394074203125 0.6198637328125 0.4343335125
0 0.51229360625 0.4438679296875 0.50291229375 0.451308978125 0.5030964734375 0.46025950312499997 0.5073789640624999 0.4645038828125 0.5190531078125 0.46787550937500005 0.5281395625 0.48052494531249995 0.5360526953125 0.48381286718750005 0.5463465921874999 0.4836529984375 0.5575758203125 0.4759937640625 0.5566632359375 0.4687125859375 0.5467831953125 0.4572124140625 0.52766358125 0.44680318124999996 0.51229360625 0.4438679296875
0 0.464375034375 0.4607897046875 0.4565384609375 0.4506315953125 0.4228197140625 0.450918396875 0.41654756718749997 0.45324230937500004 0.41217714843750003 0.46325839062499996 0.3945567765625 0.46481109531250003 0.3906540234375 0.4710774921875 0.393882184375 0.47439079843750004 0.3922836375 0.484079596875 0.41874109375 0.4857057171875 0.43166511874999997 0.491568671875 0.42836040000000003 0.495125553125 0.46531868125000003 0.4907617875 0.4681671109375 0.48356431562499996 0.464375034375 0.4607897046875
0 0.3265668625 0.47318613281250005 0.3105988546875 0.472960396875 0.299369628125 0.48061963125 0.287097446875 0.47995751875000003 0.28294532656250004 0.47675330625 0.27931468125 0.47770976718749997 0.28635767031250003 0.48901713906250005 0.2964446390625 0.49468729062500005 0.3025636703125 0.50610375625 0.31120520625000003 0.50772233125 0.32486900625000004 0.5045256640625 0.3318043734375 0.500012321875 0.332870071875 0.4935531234375 0.3317081234375 0.47680133593749996 0.3265668625 0.47318613281250005
0 0.41206438125 0.39975751718749997 0.409618434375 0.40268522031250004 0.36828972968749996 0.41706506875000005 0.36127780781249996 0.4284486 0.363440271875 0.43822110625 0.38375595156250003 0.44321130625 0.4109418140625 0.4431680796875 0.42038831249999997 0.43624711875 0.4398907171875 0.41230540781249997 0.44306506875 0.40770835625 0.43813073437499994 0.39826313281250003 0.4313371109375 0.3964263734375 0.41206438125 0.39975751718749997
0 0.5343526390625 0.38795750625 0.5247105859375 0.3933182171875 0.5227861140625001 0.4004065953125 0.5156551953124999 0.40335968437499997 0.5013395484375 0.40135550625 0.48879525625 0.40600332968749997 0.48521842499999995 0.4148701484375 0.4905552390625 0.42004560468749996 0.49820763437500004 0.42125318749999996 0.5360898734374999 0.41678032812500004 0.5598095796875 0.3965629109375 0.559951325 0.3902128078125 0.5528969640625 0.3862957078125 0.5343526390625 0.38795750625
0 0.647455134375 0.3851587953125 0.636432834375 0.3869880125 0.634531109375 0.37929584375 0.6217260796875 0.381863328125 0.6027906453125 0.3804046234375 0.5916917875000001 0.3891040265625 0.5957021640625 0.39865834375000003 0.6193763796875 0.40800201875 0.6437251859375 0.407765990625 0.665378678125 0.4009870578125 0.669411803125 0.395760828125 0.669944653125 0.3925312296875 0.6597924984375 0.38634099375000003 0.647455134375 0.3851587953125
0 0.7705059140625 0.349518621875 0.75559223125 0.3502239609375 0.7297638703125 0.3685792265625 0.71583933125 0.36969555625 0.7042189953125 0.374234284375 0.7015009359375 0.38247192343749997 0.7047942828125 0.386305315625 0.7154792859375 0.3892659515625 0.7447851734375 0.3836946015625 0.7560030281250001 0.383425640625 0.762209990625 0.38058164375 0.767374 0.36941630000000003 0.7757009859374999 0.36104418125 0.7759731000000001 0.3557342453125 0.7705059140625 0.349518621875
0 0.8265072515625 0.3624342734375 0.8193763328125 0.365387365625 0.8127017078125001 0.37198104375 0.816451346875 0.3794550234375 0.8279951234375 0.3817864828125 0.8435068390625 0.37837162968750004 0.848724659375 0.37511664375 0.8803999375 0.373487778125 0.8938681859375001 0.3687308609375 0.8947383312499999 0.360711409375 0.888607928125 0.3566852171875 0.855682771875 0.3558227546875 0.8265072515625 0.3624342734375
0 0.8719145734374999 0.31326710625 0.8751541109375 0.309190140625 0.8741111578125 0.30086879375 0.8699590374999999 0.29766458125 0.8624370125 0.297497165625 0.8625135703125 0.2906269765625 0.8581007125 0.28534242656250003 0.8533505578125 0.28484773125 0.8587753046875 0.275762725 0.8095505281250001 0.2757692421875 0.7908815203125 0.2726957359375 0.774576215625 0.277259853125 0.7814122765625 0.29439724375 0.7975417171875 0.31835405 0.8132489875 0.31649945 0.8407607734375 0.31905664375 0.8719145734374999 0.31326710625
0 0.729693428125 0.285725971875 0.7261817781250001 0.29511287343750003 0.7295289359375 0.3068566234375 0.71757130625 0.3161852046875 0.7219076062500001 0.3283399421875 0.7352341124999999 0.32993312812500003 0.743354171875 0.327391028125 0.75200708125 0.3216193296875 0.7596170390625 0.3075262828125 0.7589113828125 0.294415084375 0.7539770484375 0.28496985937499997 0.7499553 0.2828058171875 0.729693428125 0.285725971875
0 0.5376831625 0.32475835937499997 0.5291719968749999 0.324179953125 0.519204021875 0.3269402421875 0.506050321875 0.341687853125 0.501495721875 0.342753409375 0.4956798671875 0.3487179109375 0.500027540625 0.3534823734375 0.4966576359375 0.356519171875 0.49803788437499996 0.36005066874999997 0.5065490515625 0.3606290734375 0.5214741078125 0.3525334625 0.5324312234375 0.3501841625 0.5418239093749999 0.33535284375 0.541965653125 0.329002740625 0.5376831625 0.32475835937499997
0 0.3710222203125 0.356575434375 0.3727935765625 0.3632274359375 0.3876924234375 0.37237593125 0.398097403125 0.38557321718750004 0.4088475921875 0.3890539375 0.420859034375 0.3876357140625 0.42766402968749995 0.382082203125 0.4181978421875 0.3589219890625 0.395317215625 0.34842905156250004 0.3958500671875 0.3451994515625 0.3757185640625 0.349159775 0.3710222203125 0.356575434375
0 0.3094824015625 0.42664751718750005 0.29420035625 0.4094518046875 0.293222590625 0.40165054062500005 0.269928109375 0.40281764375 0.26649301875 0.40533435625 0.25441639375 0.40623249531249994 0.25795910625 0.419536496875 0.255958075 0.43349506406250005 0.2599146421875 0.4351390234375 0.2640440140625 0.45312378124999997 0.27651174843750004 0.455346146875 0.2838382203125 0.453953309375 0.294404228125 0.44848350625 0.2989702015625 0.44002767656249997 0.3114493109375 0.43485976875 0.3094824015625 0.42664751718750005
0 0.21539732812499998 0.3963235046875 0.23175644218749997 0.399669746875 0.2370932578125 0.404845203125 0.26198628749999997 0.393989303125 0.2632589140625 0.3817000828125 0.2484983484375 0.36866504375 0.24607514687499998 0.35681220156250004 0.2520865546875 0.352407953125 0.248728025 0.3480544796875 0.19865016093750001 0.3449950375 0.1841927703125 0.349340965625 0.1725610625 0.36126996718750004 0.18139815312500002 0.3644487953125 0.1849522390625 0.3703625234375 0.18267909531249998 0.389631025 0.191569996875 0.40072020625000004 0.19612459843750002 0.3996546515625 0.19817944062499998 0.39360644375 0.21203879374999998 0.39197003124999996 0.21539732812499998 0.3963235046875
0 0.2501508109375 0.2918752296875 0.24761692968750001 0.30906339531250004 0.24021389843750002 0.3173264234375 0.24218080937500003 0.325538675 0.2528658125 0.3284993109375 0.2638881140625 0.3266700984375 0.2887925171875 0.308423925 0.28860833750000003 0.2994733984375 0.27945669687499997 0.28630387968750004 0.2697608359375 0.2837542328125 0.256890621875 0.2858016359375 0.2501508109375 0.2918752296875
0 0.383473321875 0.283854903125 0.3760278546875 0.2768173 0.36197294375 0.276893459375 0.3531244796875 0.28110490781249997 0.352384703125 0.290164528125 0.355808421875 0.2950380859375 0.3449702984375 0.3058178265625 0.34502411093749996 0.3137281828125 0.3549155265625 0.3178380828125 0.36772055625 0.315270596875 0.3747211078125 0.31127733750000003 0.3786238609375 0.305010940625 0.3864831828125 0.300388503125 0.383473321875 0.283854903125
0 0.47966416093750003 0.2508583734375 0.466533209375 0.25082544218749997 0.461119834375 0.252520175 0.45536916562499996 0.2590047578125 0.45824865781249996 0.274498190625 0.45183477187500004 0.28317220625 0.4520189515625 0.2921227328125 0.457225396875 0.29625801875 0.4648126078125 0.29694551874999997 0.4749109515625 0.2952253984375 0.4835638609375 0.28945370000000004 0.49136937031250005 0.27692090468749997 0.48902272656249995 0.258197875 0.47966416093750003 0.2508583734375
0 0.1294747671875 0.2614408140625 0.14002940156250002 0.263361284375 0.14907341875 0.260710090625 0.182922534375 0.2614634578125 0.1844020890625 0.2433442171875 0.182251 0.226181440625 0.1782944328125 0.22453748125 0.1680657203125 0.22521743125000002 0.158043934375 0.2200673640625 0.14985869062499999 0.2220893796875 0.13831491406250002 0.21975792031250002 0.1237923390625 0.22358376249999998 0.1062144078125 0.2404370984375 0.092680975 0.24467393125 0.0870606734375 0.2521986859375 0.0871144859375 0.26010904375 0.093310071875 0.26465531875 0.10756053437499999 0.26613941093750004 0.1130277203125 0.2723550359375 0.121343334375 0.2713731875 0.1294747671875 0.2614408140625
0 0.19059251093750001 0.31204390625 0.20122370312500001 0.3070941875 0.199854828125 0.29617241875 0.1910177390625 0.29299359375 0.186278959375 0.28510862187499997 0.18852935312500002 0.280620665625 0.1825293203125 0.277634640625 0.16643094218750001 0.2763687375 0.1556041953125 0.2797582046875 0.1506584875 0.2777032546875 0.1301358796875 0.27854307500000003 0.1221575609375 0.2747350703125 0.1167328125 0.283820075 0.11802513125 0.3016120328125 0.120524890625 0.3065946859375 0.131405446875 0.3111155765625 0.152710271875 0.3165167671875 0.19059251093750001 0.31204390625
0 0.26775326875 0.22088294999999997 0.2556652671875 0.22917136249999998 0.21633759375 0.22959264375 0.20722839375 0.231723753125 0.20365156093749998 0.24059057187500002 0.20646586875 0.25556391875 0.21147676093749998 0.25813895468750003 0.224684271875 0.2513016984375 0.271273234375 0.2489674953125 0.289633378125 0.23835517031250003 0.2961776359375 0.2307213234375 0.294145540625 0.2219889859375 0.282471396875 0.2186173578125 0.26775326875 0.22088294999999997
0 0.34476625625 0.1994555765625 0.3406027625 0.2036416359375 0.341384978125 0.209882646875 0.36016729375 0.2250817296875 0.3581124515625 0.23112993906249998 0.3628512328125 0.23901490781249998 0.37274265 0.24312480937499997 0.3857432328125 0.24211757500000003 0.39413540468749997 0.2342655375 0.392386796875 0.21283299375000003 0.38816949218749996 0.2091086953125 0.3678651828125 0.19672822031249998 0.34476625625 0.1994555765625