0 1 0.764328740625 0.998033940625 0.7646690281249999 0.9456195718749999 0.7805207875 0.9264398437500001 0.7911852640625 0.92470358125 0.7982656296874999 0.8880504234375 0.801219653125 0.8815402234375 0.8096912812499999 0.8860472578125 0.8179510046875 0.889465775 0.8201842656249999 0.896386784375 0.819551359375 0.9016464453124999 0.854235240625 0.905841628125 0.8552040968749999 0.9316604828124999 0.8479104187500001 0.9445279187500001 0.846813290625 0.950657278125 0.8417975078125 0.958354953125 0.8399001984375 0.9662160468750001 0.84447196875 0.9722419203125 0.8555762437500001 0.9835710093750001 0.8626552015625 1 0.8645967156250001 1 0.764328740625
0 0.6750765249999999 0.790622321875 0.6617143078125001 0.788980146875 0.6147216203125 0.790333815625 0.6062322984375 0.7878482390625 0.598900478125 0.7806424187500001 0.585637215625 0.7795481046875 0.5489990406249999 0.788149409375 0.5275042953125 0.8082543765624999 0.537492946875 0.824605140625 0.5429595765624999 0.8270489 0.5600222015625 0.8269206296875 0.5768478874999999 0.847737915625 0.5631647562500001 0.8721407187500001 0.5652428359375 0.8836457843750001 0.5709073796874999 0.8871852656250001 0.5856250203125 0.885202915625 0.596855153125 0.8917340125000001 0.6197502671875 0.884946378125 0.6263893890625 0.8883171765625001 0.63846518125 0.882837165625 0.6467565921875 0.8842270203125 0.655527803125 0.8827088953125 0.67198170625 0.8736461796875 0.6610334609375 0.8631113796875001 0.6578668640625 0.8455798484375 0.6792476656249999 0.8192797390625 0.688597634375 0.815401490625 0.6916053421874999 0.8097960265624999 0.690402884375 0.79757441875 0.6750765249999999 0.790622321875
0 0.3575104796875 0.974404021875 0.3510842515625 0.977776228125 0.3171419359375 0.9734812015625 0.3048232859375 0.960923640625 0.3039027125 0.9446983296875 0.3002862859375 0.9413693515625001 0.280284940625 0.936356378125 0.25337757031249997 0.93762359375 0.22111750937500002 0.9426421953125 0.1943240796875 0.9501045546875 0.18624556406249998 0.9554577015625 0.1735760375 0.9576505515625 0.15406947499999998 0.9553768796875 0.147514325 0.9469066578125 0.13707584374999998 0.944758440625 0.11614487031250001 0.9568560015625 0.115368203125 0.9581204031249999 0.12227308125 0.996348528125 0.364815134375 0.983772275 0.364644384375 0.9805141203125001 0.3575104796875 0.974404021875
0 0.10418336718750001 0.78491009375 0.1112183140625 0.7904723328125 0.1034291734375 0.7946454203125 0.0860518609375 0.7958136 0.0973581796875 0.858409828125 0.105352725 0.858156103125 0.13905217812499998 0.8444135562499999 0.14878298750000002 0.8370794640625 0.151493828125 0.82983041875 0.1668741953125 0.8203885218750001 0.16139258125 0.8122974796875001 0.167422984375 0.8067338328125 0.1827343609375 0.8080386468749999 0.2079744578125 0.8031050875 0.21342610624999997 0.7999015640625 0.23311559843750002 0.7976236703125 0.2363511875 0.8044084937499999 0.24844195937500002 0.8045757671875 0.25670340625 0.79467105625 0.27043148437500003 0.7872101046875 0.2734391953125 0.7816046375 0.2663892625 0.770395115625 0.2790288234375 0.7569076984375 0.278716971875 0.7496168359375 0.25977418124999996 0.73933575625 0.22692038281250002 0.7410671953125 0.21059310468749998 0.7489780203125 0.174110190625 0.754727515625 0.137609996875 0.7418354078125 0.1225954875 0.7421741765625 0.1096590578125 0.7540180078125001 0.10967404218750001 0.7596652953125 0.12655373281249999 0.7640885890625 0.131951375 0.7772790546875 0.11188104375 0.7830127874999999 0.10671128125 0.7822126093749999 0.10418336718750001 0.78491009375
0 0.7086233656250001 0.60910484375 0.6950782156249999 0.6120142328125 0.678000609375 0.60649521875 0.665666978125 0.5882903734375 0.631002003125 0.5688657593750001 0.6206624765625001 0.567265403125 0.593869046875 0.5747277640624999 0.582836825 0.5692923875 0.576989353125 0.5703044703125 0.5543071328125 0.5838351109375 0.5438146421875001 0.5980808859375 0.5149880812500001 0.6109800296875 0.5207665640625 0.6207146546875 0.50913155 0.64532795625 0.5004742765625 0.653041228125 0.49371215625 0.6768111265625001 0.5031910421875 0.6847753078125 0.5139263953125 0.6885671046875 0.52211885 0.6894090984375 0.55925180625 0.6835470953125 0.5632340953125 0.677772946875 0.57666530625 0.668668415625 0.5837542625000001 0.6578366640625 0.6202934796874999 0.6486874984375001 0.653977953125 0.629297665625 0.666860375 0.6338478234375 0.6848975765625 0.6335508734374999 0.695731884375 0.6378905296874999 0.7116220156249999 0.6368352203125001 0.720096359375 0.6336735140624999 0.73273591875 0.6201860984375 0.7288076359375 0.6095662515625 0.7086233656250001 0.60910484375
0 1 0.5461063234375 0.9498781718749999 0.5481387484375 0.9090448125 0.5557711984375 0.9014460937500001 0.5582163640625 0.8908396640625 0.5662669953125 0.8830879812499999 0.5845582921875 0.8992209734375001 0.601540553125 0.9080071656250001 0.6056697109375 0.9045196578124999 0.6141831578125 0.896144271875 0.617892725 0.89293865 0.62240246875 0.9044116437499999 0.646971140625 0.9232404953125 0.6510570718750001 0.95853823125 0.651727575 0.9688087671875 0.6640746375 0.984135128125 0.67102673125 0.9987538125000001 0.6684965234375 1 0.6685585328125 1 0.5461063234375
0 1 0.2947004609375 0.976309228125 0.2938394859375 0.96453030625 0.3009630765625 0.9540078515625 0.303914284375 0.9484722265625001 0.3122172328125 0.9456923968750001 0.3302129859375 0.92923849375 0.339275703125 0.9164700109374999 0.3409206890625 0.9121758703125 0.33940397187500004 0.9019502828125001 0.34399876093750004 0.8876434484375 0.353819834375 0.8791150984374999 0.3733755328125 0.880995265625 0.3837848765625 0.8871545890625001 0.39006365781249996 0.8928191359375001 0.3936031390625 0.9041332421874999 0.39503481093750004 0.9117619265625001 0.4038842140625 0.9123706468749999 0.41281865937499995 0.931793234375 0.42019175468750003 0.9388131984375001 0.420106709375 0.9641522515625001 0.41572101406249995 0.968911209375 0.4086824671875 0.97728659375 0.4049728984375 0.994547128125 0.40594035 1 0.40554010937499996 1 0.2947004609375
0 0.7323045515625 0.38409589843749997 0.7029382640625 0.3773138921875 0.6894920703125 0.3807711421875 0.66793739375 0.37828697187500004 0.6417767265625 0.3669952203125 0.643710903125 0.361010575 0.652665040625 0.3549408859375 0.6523382062499999 0.342002734375 0.6412070328125 0.3360194984375 0.6340881109375001 0.3355566828125 0.604074075 0.34188150156249997 0.5908108125 0.340787190625 0.5828012859375 0.33539363125 0.5775715906250001 0.312004315625 0.563516678125 0.3065271203125 0.54080449375 0.30876319531249996 0.5248993796875 0.3041712203125 0.499362415625 0.307461196875 0.47208918750000006 0.3178315390625 0.46430753906250005 0.3248282671875 0.45887087031249996 0.3336790765625 0.4608649765625 0.3502835671875 0.45319726875 0.3634754390625 0.4540878734375 0.3684061828125 0.45887679375 0.372662203125 0.474583996875 0.37615845625 0.480347496875 0.38024579687500004 0.4722689796875 0.38559894375 0.4520007328125 0.390236959375 0.44013783906250004 0.4024599734375 0.4374269984375 0.4097090203125 0.44809336093749996 0.42424752187500003 0.46995988593750004 0.4340225578125 0.46181237656249996 0.45012241406250003 0.46869436249999996 0.47153078437499996 0.5019739515625 0.483285353125 0.5120166109375 0.48324212656250004 0.5342340125 0.4782667515625 0.5506879140625001 0.46920403593750004 0.5743596953125001 0.4611519984375 0.5804890546875 0.45613621093749995 0.5799792906250001 0.44774962656249995 0.583679696875 0.44597918437499995 0.58336784375 0.43868831875 0.5776043421875 0.43460097812500004 0.5800183171875 0.42570835156250003 0.5872212140624999 0.42107174531249997 0.59501784375 0.41972229843750003 0.5959774375 0.41390633593750004 0.6211185796875001 0.4084249171875 0.6494562828125 0.431769596875 0.6560804234375001 0.4294931109375 0.6711099140625 0.43480162812499995 0.6959691703125 0.4333239125 0.7251915546875 0.422616209375 0.7379150890624999 0.40402936875 0.739255528125 0.3947575640625 0.7387457640624999 0.3863709796875 0.7323045515625 0.38409589843749997
0 0.037636734375 0.47212508125 0.032821134375 0.47013986093750004 0.041405515625 0.548633878125 0.044482596875 0.5656698015625 0.0464647375 0.565515059375 0.0573680375 0.5591080109375001 0.06798944999999999 0.556704659375 0.08735210624999999 0.5414886203125 0.0997247640625 0.5376521921874999 0.10876287656250001 0.526483078125 0.1572099375 0.5220527500000001 0.173807746875 0.5304797453125001 0.1909693265625 0.5308993375 0.2049942734375 0.5250819640625 0.20692844843749997 0.5190973203125 0.21791571875 0.5075908453125 0.208436834375 0.499626665625 0.20705144843749998 0.491956621875 0.21336373593750002 0.48238927499999995 0.211864409375 0.468524084375 0.19924889375 0.4543229421875 0.1892902078125 0.44926674218749996 0.16411910000000002 0.443453590625 0.1397396453125 0.4420233234375 0.1269711609375 0.4436683140625 0.1146525109375 0.4311107515625 0.11628981875 0.423482525 0.12671331875 0.41998345937500003 0.1175313 0.4136628578125 0.11604695937500001 0.40544495312500006 0.110580325 0.4030011953125 0.0837719140625 0.40481627031249995 0.06312282500000001 0.41291012968749996 0.056825518750000005 0.4281247625 0.05647464375 0.44287517187500003 0.0667601640625 0.46086951875000004 0.0669730578125 0.467612521875 0.0597701640625 0.47224913125 0.0499104359375 0.4677407921875 0.037636734375 0.47212508125
0 0.05721855625 0.3190141078125 0.0626702046875 0.315810584375 0.0662566703125 0.30784499374999996 0.0600823625 0.2959189296875 0.06766609999999999 0.28782648437499997 0.06618175468750001 0.279608575 0.07756485156250001 0.2702935453125 0.0795979828125 0.2648567609375 0.11060158125 0.2640105421875 0.122380503125 0.25688695156249997 0.1378748078125 0.2536402 0.1483673 0.23939442500000002 0.14191110625 0.23147206250000002 0.14269683125 0.1968718203125 0.11588249531249999 0.1597037703125 0.0899347234375 0.1551550234375 0.08280081875 0.149044921875 0.07041317968750001 0.1472340671875 0.06261654531250001 0.1485835109375 0.053563451562499996 0.154105340625 0.027828575 0.15629959531249998 0.0169402578125 0.168353928125 0.008878778125 0.171233571875 0.016646490625 0.3210394546875 0.0230093359375 0.324370071875 0.05721855625 0.3190141078125
0 0.673431553125 0.097102140625 0.6597874484374999 0.0994636703125 0.648077515625 0.0958405546875 0.6341365437500001 0.0965585046875 0.623683075 0.08876300312499999 0.6171969171875 0.0695460734375 0.6215750328125 0.0659633703125 0.6320974890625 0.0630121625 0.6462903812499999 0.0469959421875 0.6403139859375 0.0361656 0.6405808875 0.0265146109375 0.6325713625 0.0211210515625 0.6147170921875 0.0168664390625 0.5913271953125 0.020914775 0.5697185109375 0.0348245953125 0.560269590625 0.038154984375 0.53758145 0.012702498437500001 0.5262673437500001 0.011270823437499999 0.5209836421875 0.004275503125 0.508200175 0.000273209375 0.47671678125000005 0.00402740625 0.45168957968749995 0.01570396875 0.44051937968750005 0.0317620046875 0.440975134375 0.05654258125 0.4512306875 0.06324236093749999 0.46527061718749996 0.0630722734375 0.46928287187500006 0.06859269375 0.485385896875 0.074280390625 0.47257839218750003 0.09796665156249999 0.481088621875 0.1450826421875 0.477700071875 0.154143946875 0.4946097296875 0.1698618078125 0.52405999375 0.1715443921875 0.533311 0.167118284375 0.5380699578125 0.1600797390625 0.562701334375 0.1462117359375 0.579269178125 0.1433441640625 0.6018524390625 0.1292656625 0.60779886875 0.1288014390625 0.6189000796874999 0.1234901078125 0.6373331062500001 0.1253846 0.641825159375 0.1279970375 0.6506953265625001 0.127026771875 0.6719231671875 0.11657279375 0.68056545625 0.103212240625 0.6809462984375 0.099756396875 0.673431553125 0.097102140625
0 0.9263541296875 0.13411940625000002 0.934348671875 0.1338656828125 0.9440104874999999 0.13727830000000002 0.9820512078125001 0.12531335625 0.9624849796875001 0.016987025 0.9486677015625 0.0183897984375 0.932510665625 0.0290960921875 0.9211575375000001 0.04970569375 0.932927396875 0.07591794375000001 0.9578856078125 0.074988090625 0.9599487046874999 0.08084587343750001 0.9531566187499999 0.093321203125 0.9329873281250001 0.0985070796875 0.9322256453125 0.10541876406249999 0.921703190625 0.1083699703125 0.9145152765625 0.11865386250000001 0.9174689796875001 0.1294423859375 0.9263541296875 0.13411940625000002