0 0.8728104859375 0.1639222484375 0.8744461390625 0.1724748359375 0.8680333640625 0.178256228125 0.8664193499999999 0.1763689328125 0.8653845609375 0.18780652343749998 0.8595077296875001 0.1935822265625 0.8531258703125 0.2088854609375 0.852128178125 0.2317492625 0.8494762828125 0.24034737343749998 0.8500678734375 0.2574809984375 0.8533082671875001 0.2650643265625 0.8608331171874999 0.2716499484375 0.8630078046874999 0.281149028125 0.8625089578124999 0.292580928125 0.8807526812500001 0.299052734375 0.8861368484375 0.30661330000000003 0.8904182140625 0.30466340625 0.8989469375000001 0.2902895953125 0.8999446296875 0.2674257921875 0.905824553125 0.2626022734375 0.9197621781249999 0.2634065 0.922968565625 0.260515803125 0.9250876078125 0.2528755671875 0.9218193906250001 0.23672257968750002 0.9239229765625 0.2243214234375 0.9303326593750001 0.21758784531250003 0.934620209375 0.21754231875 0.9367330687500001 0.207997715625 0.9436879671874999 0.2041149984375 0.95058413125 0.1821407859375 0.9591530453124999 0.18014536718750002 0.965020603125 0.1715131109375 0.9666284328125 0.1714960390625 0.966494453125 0.13022934375 0.9357395921875 0.06708014531249999 0.9362384374999999 0.05564824375000001 0.9361397437500001 0.055474948437500005 0.8747089765625 0.051834606250000005 0.8751841499999999 0.0696275609375 0.8693846046875 0.09920786875 0.8779627937500001 0.10006900156250001 0.8801405750000001 0.1105202640625 0.8797159234375 0.1448045875 0.8728104859375 0.1639222484375
0 0.5739831328125 0.33507772187499996 0.57984450625 0.3245410984375 0.5926638718749999 0.31107394374999997 0.5937079359374999 0.302492903125 0.6006411968750001 0.2919448984375 0.647770225 0.28097009375000004 0.655818653125 0.28374128593750003 0.6595949890624999 0.291318925 0.670292221875 0.28453982187500004 0.6815532203125 0.2863246859375 0.685289365625 0.28152393125 0.6836413484375 0.2691626078125 0.6702242093749999 0.26359177031250003 0.6573213734375 0.25134995 0.6529905453125 0.2380648984375 0.6545674609375001 0.228525984375 0.6529348984375 0.22092558437499998 0.65664940625 0.20945953906249998 0.654453078125 0.19329516875 0.6512188671875 0.1876162078125 0.634053215625 0.1830373890625 0.626488178125 0.16407337500000002 0.6232199625 0.1479203859375 0.6151220703125 0.1299142484375 0.620456775 0.12223986718749999 0.6096853484375 0.10616655156249999 0.5935637609375 0.093006690625 0.59142616875 0.0949338234375 0.5803104703125 0.137901615625 0.5872900999999999 0.1416363734375 0.5905243109375 0.147315334375 0.5884454578125 0.167333965625 0.577797690625 0.189348015625 0.5665737890625 0.1989893609375 0.5655420921875 0.21137913749999998 0.5628747390625 0.215216328125 0.56292729375 0.231403459375 0.5736770796874999 0.24081148749999998 0.5774657828125 0.2521978609375 0.5774936046875 0.26076752187499996 0.573813103125 0.282707590625 0.56849385625 0.2951428921875 0.5674652484375 0.308484853125 0.5595002906250001 0.331422634375 0.551498234375 0.342934203125 0.5558012406249999 0.3476496 0.5676012734375 0.3503809578125 0.5729514359375 0.3474674984375 0.5739831328125 0.33507772187499996
0 0.37521480625 0.357744715625 0.37892313125 0.344374303125 0.3853235390625 0.3347841734375 0.3841867296875 0.3147996859375 0.393812075 0.3080319640625 0.40507925624999996 0.3117211953125 0.40938844375 0.3183409609375 0.41052525156249997 0.338325446875 0.41807483437500004 0.352528540625 0.42502355156249993 0.34674145625 0.4373564359375 0.34851493906250003 0.43998669062499995 0.3332515390625 0.44690140156249997 0.3169904296875 0.44364864375 0.3055983625 0.4468055671875 0.28747271875 0.43604341562500004 0.274255953125 0.4349529796875 0.2685542296875 0.42527508281250004 0.2591348203125 0.41725756875000003 0.2658854703125 0.4049339578125 0.2669685390625 0.3871612578125 0.240495175 0.3785088765625 0.2167816203125 0.3918703671875 0.2052131421875 0.39235375625 0.1890203234375 0.3799775921875 0.173916259375 0.3612195671875 0.1741154328125 0.355277815625 0.15989526874999999 0.352548634375 0.144688775 0.3428707359375 0.135269365625 0.339614884375 0.122925115625 0.334779028125 0.11916759375 0.32513204375 0.1192700265625 0.32086304375 0.12502865624999998 0.31929540156249997 0.137424125 0.33431109531250003 0.1401213375 0.3429201984375 0.15050431250000001 0.345633921875 0.160949884375 0.346253334375 0.18665316875 0.34895778437499997 0.1942421890625 0.3513797890625 0.279916003125 0.3471138796875 0.2866268171875 0.34875262500000004 0.2961315859375 0.348798996875 0.31041434843750004 0.3461471015625 0.319012459375 0.3478260359375 0.3408956265625 0.3441053453125 0.3504573015625 0.35270826718750004 0.35893590937500003 0.36393835 0.35119893125 0.37521480625 0.357744715625
0 0.04394603125 0.344122240625 0.0487478828125 0.337405734375 0.0546370796875 0.33543876875 0.1283643109375 0.42797319375000004 0.1278592828125 0.43750072968750003 0.134309153125 0.44314554531250006 0.1365085734375 0.460262096875 0.1413351578125 0.461163065625 0.14934648749999999 0.4525080484375 0.1573763671875 0.44956613437500004 0.166444128125 0.436138815625 0.17175719218750002 0.4217991453125 0.1695144921875 0.39135201406250003 0.1657381546875 0.3837743765625 0.157156875 0.38196105937499997 0.1555243125 0.37436065625000003 0.1624730296875 0.368573571875 0.1635201859375 0.3609447171875 0.16831585468750002 0.35232384375 0.173662925 0.3484582015625 0.17248592812500002 0.31609531875 0.16523677812499998 0.311887315625 0.154731778125 0.29533505937500004 0.130601953125 0.291782403125 0.1230832859375 0.2871011515625 0.1047313625 0.2473029 0.0918068859375 0.22839579062499998 0.0678161765625 0.26769142343749996 0.054944254687500006 0.264971446875 0.0469143765625 0.267913359375 0.041046820312499996 0.2765456140625 0.023348317187500002 0.2729246703125 0.0174653046875 0.2767960046875 0.0147979515625 0.28063319375 0.012229526562499999 0.3149402796875 0.01495870625 0.330146771875 0.02357399375 0.3424341171875 0.04394603125 0.344122240625
0 0.377441290625 0.5482768390625 0.38711300625 0.55579188125 0.38660488437499996 0.564367228125 0.3893124265625 0.5729084328125 0.38832710000000004 0.599580971875 0.3947862453125 0.6080823421875 0.40229254687499993 0.6089548546875 0.4103131515625 0.6031563906249999 0.41777308281250003 0.58974614375 0.423656096875 0.585874809375 0.42681302031249996 0.5677491640625 0.42407456562499996 0.5496861187500001 0.42884550312499997 0.5334477718749999 0.4357973109375 0.528612871875 0.44163704375 0.5114109578125 0.42926087968750004 0.4963068984375 0.41907485937500005 0.49546283593749996 0.40511250312499997 0.4870411359375 0.4002673703125 0.4804270640625 0.3894526640625 0.4510231671875 0.377618628125 0.43781778281249994 0.37172324687499997 0.43788038125 0.35470289374999997 0.47805421875 0.3360252453125 0.50301018125 0.33604379375 0.508723284375 0.344662171875 0.5219628125 0.34795511874999996 0.5457332734375 0.363026459375 0.565569803125 0.3689156578125 0.5636028375000001 0.377441290625 0.5482768390625
0 0.570771621875 0.501469846875 0.5793961828125 0.51661374375 0.5762299843750001 0.531882834375 0.5773296953125 0.5404411109375 0.5832312578125001 0.5422828828124999 0.5896285734375 0.53174056875 0.5992539171875 0.524972846875 0.6071941453125 0.49441759375 0.6173337921875001 0.480978890625 0.5871107328125 0.41654904375 0.57958279375 0.40901123906250003 0.5720795828125 0.409090909375 0.5662367578125 0.42534063906249997 0.554616028125 0.4778359640625 0.5466294296875 0.49410845468750003 0.5471777390625 0.4979115015625 0.5584387375000001 0.4996963640625 0.56325295625 0.4967885953125 0.570771621875 0.501469846875
0 0.7795420562500001 0.49068315937499996 0.7816487328124999 0.4792341859375 0.78591155 0.47157118750000004 0.798194971875 0.458109721875 0.8030184640625 0.45805850625 0.80732146875 0.462773903125 0.8089540312500001 0.4703743046875 0.8132570390625 0.4750897 0.8287746703125001 0.4673071953125 0.834103190625 0.45772844687500003 0.8421423453125 0.4576430875 0.850200046875 0.46327083281250003 0.85336624375 0.4480017421875 0.861925884375 0.44314976875 0.8602253109375001 0.41460131406249995 0.8617898625 0.4012536640625 0.8590730453125 0.3898559078125 0.8542279140625 0.38324183437500003 0.8499372734374999 0.3823351765625 0.8451385140625 0.3900038671875 0.8323006 0.397757915625 0.81939158125 0.3836117296875 0.8123686687499999 0.366546390625 0.805376671875 0.359002896875 0.7892859984375 0.3553648796875 0.783402984375 0.3592362140625 0.7807356328124999 0.3630734046875 0.7834400828125 0.3706624265625 0.7787866203125 0.42308377343750003 0.7745609015625 0.44217298281249995 0.7676338234375 0.4546253546875 0.768194496875 0.46223713593750004 0.7639749609375001 0.483230715625 0.758116678125 0.49471952343750003 0.7576209234375 0.5071036078125 0.7624505984375001 0.5089567609375 0.76403988125 0.5032265828125 0.7795420562500001 0.49068315937499996
0 0.9226946375 0.5063030625 0.9184812828125001 0.5292010109375 0.9190326828125001 0.533956240625 0.9238747234375 0.539618128125 0.9239118218750001 0.5510443390625 0.8961385890625 0.5808579640625 0.8908255265625 0.5951976343750001 0.8908471671875 0.6018629234375 0.9123343734375 0.6168702421875001 0.9261730703125 0.5872045765625 0.9347265281249999 0.5804482359375001 0.9417216187499999 0.5889439140625 0.9471243328125001 0.6022175859375001 0.96360355625 0.6052059140625 0.96748193125 0.5470302828125 0.966759484375 0.5420194281249999 0.962992421875 0.5372983421875 0.9494732671874999 0.5003054234375 0.9392656078125 0.4927960734375 0.9285591015625 0.4967186234375 0.9226946375 0.5063030625
0 0.7608323703125001 0.6708508359375001 0.7640233015625 0.6631992171875 0.7790049890625 0.65542240625 0.7934785578125 0.656220940625 0.803683125 0.6627781078125 0.8106132953125 0.65127791875 0.8149008437499999 0.65123239375 0.8192038484375 0.6559477874999999 0.8181597843749999 0.6645288265625 0.8229801859375 0.6635254265625 0.8267070593750001 0.6558681187500001 0.8240057000000001 0.6492312828125 0.82389131875 0.6140004671875 0.8324633234375 0.6129572328124999 0.833504296875 0.6034240109375 0.8297403250000001 0.59965510625 0.8200902484375 0.59880535625 0.8071966890625 0.589420090625 0.7861712328125 0.5515546578125 0.775963571875 0.5440453093750001 0.768999396875 0.5450714718749999 0.7620630453125 0.5546672921875 0.7580073546875 0.6261266328125 0.7516842328125 0.6595213656250001 0.7453116468750001 0.6776811546875 0.7506741734375 0.67857643125 0.7538681953124999 0.6718769984375 0.7608323703125001 0.6708508359375001
0 0.7857794640625 0.7610465609375 0.79383098125 0.7647699375 0.794915234375 0.76856729375 0.8002653953125 0.765653834375 0.80188559375 0.7694454984375 0.8131404078125 0.7693259953125 0.8190048734375001 0.7597415562500001 0.82216798125 0.74352028125 0.81783096875 0.728330859375 0.818822478125 0.7035626890625 0.8235810484374999 0.6835156062500001 0.8160407421875 0.6721690640625 0.826171115625 0.655873809375 0.823962421875 0.6359007046875 0.8201829921874999 0.6273708828125 0.817503275 0.6273993359375 0.8154120546874999 0.643609228125 0.8036522093749999 0.6532562656249999 0.79881944375 0.6504509296875 0.7725613015625 0.65168195625 0.7608354625 0.6718030203125 0.7635244546875 0.67463111875 0.7667308421875 0.6717404234375 0.7705164531250001 0.6821746140625 0.7711142265625 0.70121260625 0.7684839703125 0.71647600625 0.7706710250000001 0.7297838234375 0.778703996875 0.72779409375 0.78840971875 0.7457831625 0.7857794640625 0.7610465609375
0 0.9271170859375 0.712887196875 0.9250320500000001 0.7310014609375 0.9186656453125 0.751065615625 0.9215555828124999 0.8157856875 0.9226522015624999 0.82339178125 0.927488059375 0.8271493015625 0.9280549171875 0.8366654515624999 0.9473396109375001 0.833604034375 0.9484295453125 0.8328160703125 0.9490561015625 0.8234177468749999 0.94891034375 0.8221607531249999 0.9491400625 0.8221583140625001 0.95565139375 0.7244883484375 0.953409234375 0.7221301984374999 0.9512376359375001 0.7135833015624999 0.9437096953124999 0.7060454968750001 0.9367609781249999 0.71183258125 0.931389178125 0.7080807515624999 0.9271170859375 0.712887196875
0 0.8712448984375 0.8372686625 0.86906711875 0.8268174 0.8642250765625 0.8211555125000001 0.8598911578124999 0.8069182734375 0.8593212078124999 0.7964499375 0.818019546875 0.7864140953125001 0.807870625 0.79699624375 0.8121983609375001 0.8093291125000001 0.8047446140625001 0.8246437296875 0.8015691421875 0.8370562671874999 0.8021298171875 0.8446680499999999 0.807523259375 0.85508516875 0.8691227640625 0.843956715625 0.8712448984375 0.8372686625
0 0.7270729859375 0.8378472718750001 0.7265215859375 0.8330920421875 0.7286591765625 0.8311649109375001 0.7377918578125 0.837733459375 0.745291975 0.8367016046875 0.7521881390625 0.8147273890625 0.7521294000000001 0.7966358890625 0.7494465921875 0.7957121578125 0.7430400015624999 0.8033979203125 0.7274976375 0.8035629500000001 0.7269091390625 0.7873815093750001 0.723659471875 0.776941628125 0.6995296453125001 0.773388971875 0.7006293546875 0.7819472484375 0.7054837609375 0.7914178749999999 0.6948112609375 0.80581445 0.6926953124999999 0.8144068703125 0.6937981109375 0.8239173328125 0.7002077953125 0.817183753125 0.7034512796875 0.8257192671875 0.7029400671875 0.83334243125 0.69708796875 0.8467356078125 0.690129978125 0.8496661390625 0.6912142296875 0.85346349375 0.7105391125 0.862780471875 0.7233615703125 0.8502655000000001 0.7270729859375 0.8378472718750001
0 0.6271247078125 0.75797008125 0.6297673296874999 0.7465154171874999 0.634581546875 0.7436076484374999 0.6378064828125 0.7464300578125 0.63996880625 0.7521204 0.6411025218749999 0.7711527015625 0.64754311875 0.7739409671875 0.6523480609375001 0.7681766453125001 0.6674534078125001 0.7984872015625 0.665882675 0.8099304828125 0.6760532390625 0.8060136234374999 0.6824969265624999 0.809754071875 0.688918975 0.8068292312500001 0.6937146421875 0.7982083578125 0.69260875 0.7877457125 0.7006355375 0.7838516156249999 0.702800953125 0.7904941437499999 0.7178290125 0.79700009375 0.7204839984375 0.789354165625 0.7188421625 0.7788972125 0.6973735046875 0.769602996875 0.6935940765625 0.7610731734375 0.6908679875 0.746818865625 0.6849324203125 0.73450306875 0.686459871875 0.7097292078125 0.6665990453124999 0.70041791875 0.6579219296875001 0.6690868921875001 0.6450561921875 0.668271284375 0.6380641953125 0.6607277890625001 0.6332437953125 0.6617311890625001 0.637001584375 0.6635957234375 0.6381043843749999 0.673106184375 0.633857025 0.6855301046875 0.6323079328125 0.703638675 0.6280729375 0.71987133125 0.6211551328125 0.735180259375 0.6072576984375 0.7467544265625 0.6067464859375 0.754377590625 0.60944784375 0.7610144265625001 0.6142806109375 0.7638197625 0.6271247078125 0.75797008125
0 0.5979797203125 0.695433221875 0.5979271640625 0.679246090625 0.6080266234375 0.65342899375 0.6289284234375 0.6532070578125 0.6245975953125 0.6399220046874999 0.6341703843750001 0.6169671515624999 0.6234051421875 0.602798203125 0.618532184375 0.587614471875 0.605607709375 0.5687073640625 0.5964904859375 0.5668997359375 0.5911526921875 0.573621934375 0.5890862046875001 0.5974493 0.5864312171875 0.6050952281249999 0.587019715625 0.6212766671875001 0.5768522453125 0.6261457125 0.572053484375 0.6338144015625 0.5715793703125 0.6528637765624999 0.5780539734375 0.6661260671875 0.5780972546875 0.6794566453125 0.5727718234375 0.6899875796875 0.5770933781250001 0.7004160781250001 0.5894262625 0.7021895609375 0.5979797203125 0.695433221875
0 0.461877875 0.7054483109375 0.4651151765625 0.71207945625 0.46940272656250004 0.7120339312499999 0.4758216828125 0.7081569062499999 0.4998463984375 0.6793353015625 0.499830940625 0.6745743796875 0.4938984640625 0.6632107656249999 0.4825261765625 0.6271472734375 0.4659941296875 0.611373175 0.45454272656250005 0.592212371875 0.4491709234375 0.5884605421875 0.44006915781249994 0.5914138359375001 0.44329100156249995 0.5932840609375 0.4449328375 0.6037410140625 0.4433775625 0.6199452171875001 0.44017426875 0.623788096875 0.44613147499999994 0.642769184375 0.44617784687500006 0.657051946875 0.44357541562499997 0.6808850078125 0.4382499875 0.6914159390625 0.4388106625 0.6990277203125 0.4452852640625 0.7122900125 0.457069840625 0.7102604484375 0.461877875 0.7054483109375
0 0.49486102968749995 0.79460649375 0.4991238453125 0.786943496875 0.5066085078125 0.7811507203125 0.5157937421875001 0.8039063984375 0.5271072953125 0.8218783937499999 0.5405275265625 0.8284014187500001 0.5549918171875 0.8263434015625 0.558176565625 0.8167874140625001 0.5640657625000001 0.814820446875 0.5661755312500001 0.804323659375 0.564000840625 0.7948245796875 0.5719967140625 0.7814086421875001 0.5687285 0.7652556546875 0.56172104375 0.7529512390625 0.554199284375 0.747317803125 0.53330366875 0.749444109375 0.5306115859375 0.7456638250000001 0.5268259734375 0.735229634375 0.5240813359375001 0.7152622171874999 0.5262034703125 0.7085741671875 0.52564279375 0.700962384375 0.5148682765625 0.6839368828125 0.5030589703125 0.678348971875 0.489706753125 0.6927740015625 0.47907135 0.7185967875 0.481236765625 0.725239315625 0.4890172203125 0.7280133531249999 0.49574742812499994 0.7374640609374999 0.495279496875 0.758417803125 0.48895637656249996 0.7918125390624999 0.484173071875 0.80424215 0.489538690625 0.8060896109375 0.49381387343750005 0.8022353484375 0.49486102968749995 0.79460649375
0 0.6345278703125 0.8921540734375 0.6424804625 0.8654075562499999 0.639797653125 0.864483825 0.63761678125 0.853080378125 0.6322418890625 0.8483763625 0.6332426718749999 0.8264647453125 0.6407026015625 0.813054496875 0.6583825562500001 0.8109623375 0.66530654375 0.7975577781250001 0.6663444234375 0.787072371875 0.6550308703125001 0.7691003750000001 0.6453962515625 0.7730115453125 0.6346464671875001 0.7636035156250001 0.5767769281249999 0.768026846875 0.5724986515625 0.770928925 0.5757730515625 0.7889862812499999 0.59190700625 0.805954875 0.5940724187499999 0.8125974015624999 0.5919750171875 0.8269029296875001 0.5882357781249999 0.8307515000000001 0.5899239875 0.8554912171875 0.587290640625 0.8698024312499999 0.5911009828125 0.8878540984375001 0.5879007781250001 0.8926491625 0.5959615703125001 0.8992290921875 0.6238244546875 0.8970288078124999 0.6345278703125 0.8921540734375
0 0.491926690625 0.8812894 0.499417534375 0.87740099375 0.5042595750000001 0.8830628828125 0.5059230515625 0.9001851249999999 0.5102167828125 0.9020439687499999 0.5336684593750001 0.8618018421875 0.5341580312499999 0.8475133890625001 0.506196221875 0.8192437781249999 0.49064149375 0.8156000703125 0.49119289374999997 0.8203552999999999 0.485845825 0.8242209453125 0.4853438859375 0.8347006625000001 0.48108725156250004 0.8442680296875 0.481111984375 0.851885503125 0.48756494687499996 0.8584825046875 0.48812562187499997 0.8660942859375 0.48438947343749994 0.8708950421875 0.4828094671875 0.8794817734375 0.48604676874999997 0.88611291875 0.4903343171875 0.8860673921875 0.491926690625 0.8812894
0 0.41421177968749995 0.8811623640624999 0.41844677499999994 0.8649297062500001 0.42594689375000006 0.8638978515625 0.4318793703125 0.875261465625 0.4420901203125 0.883723 0.450625028125 0.8712535546875 0.45219885312499997 0.86076245625 0.48162010468750005 0.8433101546874999 0.4853346125 0.8318441109375 0.46912028125000005 0.7901187265625 0.46375466249999997 0.7882712640625 0.44707239843749996 0.767499621875 0.44278175937500003 0.7665929640625 0.43852203437500004 0.7752081468750001 0.432093803125 0.7762286203125 0.4385529484375 0.7847299890625 0.4385869546875 0.795204015625 0.43651428281250004 0.8171270125 0.4317402546875 0.8324131781249999 0.4248008109375 0.8410568140624999 0.409212075 0.8269390812499999 0.40546356093749997 0.8279311015624999 0.3942643921875 0.8451899203125001 0.39109510468750003 0.8595068265625001 0.39217935625 0.86330418125 0.3975449734375 0.86515164375 0.40457407031250003 0.8841213484375 0.41421177968749995 0.8811623640624999
0 0.39417783281249996 0.8185287609375 0.397371853125 0.8118293281250001 0.39838809375 0.7946786312499999 0.4031837625 0.786057759375 0.409082234375 0.7869473453125 0.41178050156249996 0.792631996875 0.4171492109375 0.79543164375 0.4262386125 0.7886696109375 0.4332120609375 0.7905000015625 0.4358484984375 0.7771409703125001 0.430467421875 0.7705325859375 0.4272022984375 0.755331784375 0.4132275765625 0.743101346875 0.409981 0.7336136484375 0.39113023281250003 0.7052472953125 0.3809132984375 0.69488139375 0.3723474765625 0.6978289984375 0.36273449687500003 0.7084054546874999 0.3563433625 0.7208521375 0.3547911765625 0.7380085265624999 0.3558970703125 0.74847116875 0.3645154484375 0.761710696875 0.373583209375 0.748283378125 0.38057211562500004 0.7548746890625 0.3779882328125 0.784420853125 0.370014 0.8045020796875001 0.372176321875 0.810192421875 0.368452540625 0.8188019140625 0.36363523125 0.8207574984375 0.3733069484375 0.828272540625 0.3861294046875 0.8157575687499999 0.39417783281249996 0.8185287609375
0 0.3219367421875 0.8535756343750001 0.31926939062500004 0.8574128249999999 0.3214224390625 0.8602466124999999 0.3385355359375 0.848638303125 0.345465703125 0.8371381140624999 0.3459800078125 0.830467134375 0.35560535312499997 0.8236994109375001 0.36365068906250003 0.8255184218749999 0.3733285875 0.8349378296875001 0.37813353125 0.8291735093750001 0.3797135390625 0.8205867781249999 0.3770090890625 0.8129977578125 0.3662438453125 0.798828809375 0.3512312421875 0.7970837796875 0.3334801859375 0.7772757046875001 0.32328798281250004 0.7745272734374999 0.3147499828125 0.7860445359375 0.3030766984375 0.8223527296875 0.303649740625 0.8337732499999999 0.3052699359375 0.8375649140625001 0.3186592515625 0.83456609375 0.3219367421875 0.8535756343750001
0 0.2927144671875 0.7672341703125001 0.298591296875 0.7614584671875 0.3081609953125 0.73755143125 0.3284773890625 0.7221002359375001 0.33116638125 0.7249283359375001 0.3333503453125 0.7372839671875 0.33765025937500004 0.7410471796875 0.3520805453125 0.7285151375 0.3531400671875 0.7246950187500001 0.3499089484375 0.719968240625 0.3493389984375 0.70949990625 0.3568267515625 0.7046593156250001 0.3605288921875 0.689384534375 0.3567432828125 0.67895034375 0.3470993890625 0.6800049609375 0.34328595625 0.6610011109375 0.32773431875000003 0.6583095875 0.30350865625 0.6252392203125 0.292229109375 0.6177412515625 0.28419304843750004 0.6187787953125 0.2762002671875 0.6331469203125 0.28183694843749996 0.6359437203125 0.2923404015625 0.6520198828125 0.29187246875 0.672973625 0.2897565203125 0.681566046875 0.27694951875 0.6988419375 0.280227009375 0.7178514765624999 0.271698284375 0.7322252921875 0.2744336484375 0.749336153125 0.278764478125 0.76262120625 0.28413937031250003 0.76732521875 0.2927144671875 0.7672341703125001
0 0.23195205 0.8711110984375001 0.24106309062500003 0.8710143578125 0.2581730953125 0.8584538625 0.2624019078125 0.8403168359375 0.2516552125 0.8318609921875 0.249489796875 0.825218465625 0.25215715 0.821381275 0.232274684375 0.8054046984375001 0.2279871359375 0.8054502250000001 0.2173208171875 0.8217511703125 0.219470775 0.8236327765624999 0.21949859843750003 0.8322024328125 0.2083117953125 0.8532699890625001 0.20781604062499998 0.8656540749999999 0.21212213750000003 0.8713216546875 0.22443029218750002 0.8654776640625 0.23195205 0.8711110984375001
0 0.1500507640625 0.572032371875 0.1559090453125 0.5605435640625 0.1725171140625 0.5584627859375 0.1756771296875 0.5412893249999999 0.17995849531250002 0.53933943125 0.1907113734375 0.54969964375 0.20465208750000002 0.551456053125 0.205243678125 0.5685896796875001 0.20958378125000002 0.584731284375 0.2117430125 0.58946944375 0.2203304765625 0.5931871281250001 0.2307566453125 0.5854586875 0.237988790625 0.5844296796874999 0.24221759999999998 0.5662926546875 0.2742412828125 0.52500729375 0.2747617703125 0.5202406828125 0.27151519375 0.5107529859375 0.26399961875 0.5070239187500001 0.2471266703125 0.5100597265625 0.1872947671875 0.48784181406249993 0.1707979921875 0.5242012265625 0.1536910765625 0.53771390625 0.147795696875 0.537776503125 0.1462002328125 0.5416023125 0.1392206015625 0.5378675546875 0.1301775734375 0.5589123484375 0.14037905 0.56451733125 0.14737413593749998 0.573013009375 0.1500507640625 0.572032371875