0 0.0530746328125 0.599318225 0.062220090625 0.598178340625 0.0673634484375 0.5895738125000001 0.067194825 0.585378875 0.052970764062499995 0.57450389375 0.0473882125 0.5658309171875 0.041268371875 0.5628461765624999 0.037482928124999995 0.5622439109374999 0.039526678125 0.5929001671874999 0.040599646875 0.5938465109375 0.0530746328125 0.599318225
0 0.11449607343749998 0.625418890625 0.1253396359375 0.62523845625 0.1377812796875 0.63305651875 0.150087640625 0.6343332968750001 0.1592330984375 0.6331934140625 0.16279600624999999 0.623380553125 0.15354860312500002 0.6156328 0.1319615 0.60895461875 0.1222434890625 0.6022023984375 0.10906259062500001 0.5982239859375 0.07853391875 0.610460965625 0.07453374375 0.6189230109375 0.07991433125 0.6257474046875 0.09696204375 0.6306491750000001 0.11158810937500001 0.6292946328125 0.11449607343749998 0.625418890625
0 0.195704921875 0.6470731765625 0.199269753125 0.65318700625 0.2083151921875 0.6590861765625 0.24318321250000002 0.662703715625 0.2718294484375 0.654448875 0.2747197828125 0.6437829640625 0.264329196875 0.6361776953125 0.24906389999999998 0.6343328406250001 0.23759873593749997 0.6381040453125 0.2042778265625 0.6380411890625 0.196914784375 0.642237990625 0.195704921875 0.6470731765625
0 0.3387967625 0.621885684375 0.3414556375 0.643570921875 0.34935789375000004 0.6496125796875 0.3604877296875 0.65337819375 0.3701371390625 0.6488964234375 0.3819033234375 0.631971403125 0.392359625 0.6269206203125 0.3936361703125 0.6173927296875 0.38142982812500004 0.6090768984375 0.37164513593750004 0.60701738125 0.34394011875 0.6132811515625 0.3387967625 0.621885684375
0 0.22085914843749999 0.5847581749999999 0.226677003125 0.5929333875 0.239622596875 0.597409565625 0.2621156515625 0.5885163375 0.2679315828125 0.58076485625 0.2715945125 0.5639129406250001 0.26507074375 0.55723103125 0.2541762109375 0.5529676484375 0.24412287500000002 0.5537522515625 0.237416696875 0.5679386203125001 0.225094628125 0.5757983656250001 0.22085914843749999 0.5847581749999999
0 0.111241240625 0.5412713015625 0.11685713281250001 0.5475979296875 0.1547526953125 0.563017534375 0.1744554375 0.5577511640624999 0.1699827265625 0.5512820515625 0.174588796875 0.5483657578125001 0.1646354828125 0.5421113078124999 0.1509172953125 0.5438211328125 0.13780307812499998 0.53515001875 0.1246221796875 0.5311716078125001 0.1138629296875 0.5334495109375 0.111241240625 0.5412713015625
0 0.073106528125 0.49449608125 0.06133745625 0.4875310640625 0.0453662453125 0.48717950937500004 0.037701217187500004 0.49656677812499994 0.0387110390625 0.5058096984375 0.0336801125 0.505201696875 0.034955346875 0.5243302062499999 0.058550990625 0.5230113046875 0.073106528125 0.49449608125
0 0.0460349703125 0.4561791765625 0.048658582812500004 0.46428407812500005 0.0533999359375 0.46790906874999993 0.066378871875 0.47003889687499995 0.07542430781250001 0.475938065625 0.0895130828125 0.48027176093749996 0.10871187812500001 0.47834727499999996 0.11082961718749999 0.473867365625 0.1058529609375 0.4707401421875 0.10343131093749999 0.46448382656250004 0.0916622390625 0.45751880937499995 0.0793892203125 0.45389568125 0.059078659374999995 0.4376896078125 0.0438800421875 0.43115205 0.031045789062500002 0.4286880359375 0.0292405140625 0.43860772031249995 0.030162856249999998 0.45244283281250003 0.0394778625 0.45184362031249997 0.0460349703125 0.4561791765625
0 0.15979026093749998 0.513671984375 0.17962828749999998 0.514946896875 0.19509554843750002 0.5186403375 0.20313116718750002 0.5152965890625001 0.2068960359375 0.5073323109375 0.20309590156250001 0.5017162468749999 0.18904046875 0.4950362046875 0.163755171875 0.4916295984375 0.147211409375 0.48338593906250005 0.130365659375 0.4803327515625 0.1225653484375 0.48317873593750005 0.1206162328125 0.4918535765625 0.133495146875 0.5010224578125 0.15979026093749998 0.513671984375
0 0.2423051953125 0.5371149953125001 0.2651354984375 0.5366116375 0.277341840625 0.5449274703125 0.3068645375 0.5553009546875 0.3137903109375 0.5497533390625 0.308913675 0.539587059375 0.30080945312499996 0.5316968203125 0.27673402187499996 0.5234550265625 0.2665454015625 0.5176983421875 0.23164404218749998 0.516427153125 0.22565948749999998 0.5199836999999999 0.22441628281249998 0.5271652390625 0.2277791515625 0.531430484375 0.2423051953125 0.5371149953125001
0 0.37751823125 0.6059724453124999 0.3832674859375 0.6029136671875001 0.38894813125 0.5886208984375 0.4090881421875 0.5847053437499999 0.4126177078125 0.577238834375 0.40881757343749997 0.5716227703125 0.40226046562500006 0.5672872140624999 0.3863225953125 0.564589309375 0.37600061406249996 0.568218028125 0.358213646875 0.5671559109375 0.353338934375 0.572916321875 0.3521643359375 0.59133185 0.35818415312499996 0.6013556453125 0.37089444375 0.6063295906249999 0.37751823125 0.6059724453124999
0 0.478963315625 0.630335090625 0.49856603593750004 0.6321077734375 0.5090899828125 0.6303276375 0.516049096875 0.6224336703125 0.5159138125 0.6158923828125 0.5107685296875 0.608570221875 0.49466203281250004 0.6016773828125 0.4853146125 0.6009686796875 0.4622804203125 0.5836967609375 0.44839360624999997 0.5812116546875 0.4378696625 0.5829917906250001 0.430710509375 0.604963865625 0.43424199999999996 0.613424046875 0.4528368234375 0.6218805 0.4571742484375 0.621808325 0.465984384375 0.6282052625000001 0.4620508859375 0.63197460625 0.4745258703125 0.6374463218749999 0.478963315625 0.630335090625
0 0.41633980781249996 0.6494148390625 0.40981796406250004 0.6586596234375001 0.4206458171875 0.6676157046875 0.446537003125 0.6765680640625 0.44872334687500004 0.6833221484374999 0.45548242187500004 0.6895062890625 0.471151646875 0.6950483125 0.47848135 0.6931978640625001 0.47134976406250007 0.6650435124999999 0.46684371562500004 0.6609207515625 0.41633980781249996 0.6494148390625
0 0.598333890625 0.7851887265624999 0.6177346499999999 0.7851128218750001 0.62398785 0.778712159375 0.623146653125 0.7736641750000001 0.617295459375 0.7678353140625 0.6009536578125 0.761440240625 0.5872688125 0.760803715625 0.581519559375 0.76386249375 0.5648071703124999 0.751423903125 0.556636271875 0.748226365625 0.542951425 0.7475898390625 0.5385139765625 0.7547010671875001 0.543861225 0.7638718140625 0.560842259375 0.7734662875 0.56437375 0.7819264671874999 0.5704602484375 0.7872575625 0.5786311468750001 0.7904550968749999 0.5879785703125 0.7911637984375 0.598333890625 0.7851887265624999
0 0.57612345 0.72065776875 0.5851355468749999 0.7289032921875 0.5969379578125 0.7335219562499999 0.607899171875 0.7330926359375 0.611630703125 0.727474709375 0.6103522375 0.721075909375 0.5955889640625001 0.699962475 0.5815001875 0.69562878125 0.5765568703125 0.690155203125 0.560920984375 0.6822668281250001 0.5474381015625001 0.6834788875 0.54525368125 0.6926514953125 0.5547030484375 0.7022478343749999 0.5683545546875 0.705230709375 0.5749116625 0.7095662671875 0.57612345 0.72065776875
0 0.582882890625 0.6358082109375001 0.5900792328125 0.6433431671875 0.5957637265625 0.6609037828125001 0.6054484 0.670002353125 0.6145271765625 0.673555171875 0.623907940625 0.6719175203125001 0.6260256796875 0.667437615625 0.6238374140625 0.6447568375 0.6058465578125001 0.6259194453125 0.598146265625 0.6217263749999999 0.5856046 0.6209473625 0.581604425 0.6294094078125 0.582882890625 0.6358082109375001
0 0.527139821875 0.5807655609375 0.5382010562499999 0.5732971874999999 0.5588116765625 0.5683860968750001 0.5600548812499999 0.5612045578125 0.55396645625 0.539946775 0.54404648125 0.5313459703125 0.5294870953124999 0.5280078109375 0.522829965625 0.530711309375 0.517686609375 0.539315840625 0.5198396125 0.5484162734375 0.5055841359375 0.5558143375 0.5011133515624999 0.565271915625 0.5076037796875 0.5743001750000001 0.527139821875 0.5807655609375
0 0.394556328125 0.5312407609375 0.40746857968750005 0.538063290625 0.419774940625 0.53934006875 0.4270026984375 0.52860198125 0.4242104609375 0.5163021453125001 0.4345991234375 0.5079807234375 0.4363796125 0.49511094531250005 0.4252831140625 0.48899897968749995 0.4118335734375 0.4878646875 0.397578096875 0.4952627515625 0.3850030921875 0.49683009218749996 0.3810029171875 0.5052921375 0.3904522828125 0.5148884734375 0.394556328125 0.5312407609375
0 0.268774978125 0.45449548437500004 0.26827295 0.4737640625 0.2638688453125 0.47852893906249994 0.27721836875 0.4867022859375 0.28925608281250004 0.49082318281250004 0.30065456562500004 0.49174467968749996 0.3027389671875 0.48961112343749996 0.328898796875 0.49571936406250006 0.3437229796875 0.464360021875 0.3158807546875 0.44815581250000003 0.2800029109375 0.435295353125 0.268774978125 0.45449548437500004
0 0.1988722359375 0.4589921640625 0.2026371046875 0.4510278890625 0.20646865781249998 0.43837090625 0.2008194265625 0.4343906296875 0.203843121875 0.41433931562500004 0.1982272296875 0.40801268593750006 0.1884758796875 0.40360682031249995 0.17546360625 0.40382334531249997 0.1676299546875 0.409015678125 0.154519584375 0.432197946875 0.1624551796875 0.435893253125 0.16864362187499998 0.45011198124999996 0.17812633125 0.4573619671875 0.1915425328125 0.4608426109375 0.1988722359375 0.4589921640625
0 0.097693871875 0.41585870937499997 0.105694225 0.39893461874999997 0.1039784890625 0.391185 0.0907623296875 0.373626246875 0.07623628437499999 0.3679417375 0.0641318859375 0.3685135453125 0.06265338125 0.37619285156250004 0.049405803124999995 0.376907140625 0.03837381875 0.3884217234375 0.0349275875 0.4073582046875 0.040936765624999996 0.41075345625 0.0861286890625 0.42666896718749997 0.08780916093749999 0.42083824375 0.097693871875 0.41585870937499997
0 0.1055289734375 0.3369357421875 0.08543426093749999 0.33255568593749996 0.0778168625 0.345706546875 0.108429 0.3549975296875 0.12822591875 0.3458177890625 0.1373361140625 0.3310975640625 0.13716748750000002 0.3269026296875 0.128827965625 0.31951015781250003 0.11974918593749999 0.3159573390625 0.10993115625000001 0.316244175 0.10344265156250002 0.32314260625 0.1055289734375 0.3369357421875
0 0.17802583593750002 0.3747436984375 0.21528216718749998 0.3869639046875 0.21750185000000002 0.3913716359375 0.2370378921875 0.3978370203125 0.2464519953125 0.39385301875 0.260540771875 0.398186709375 0.26867640625 0.38780390625 0.2615467453125 0.3755762484375 0.20441712500000003 0.3485007875 0.19164015625 0.3482195421875 0.18121623125 0.342960625 0.1718373921875 0.3605249703125 0.18037888124999998 0.3697660234375 0.17802583593750002 0.3747436984375
0 0.3015536296875 0.413839396875 0.315877709375 0.4176753234375 0.332656778125 0.42542121406250005 0.34540040781250003 0.428048809375 0.3653051140625 0.4246310234375 0.36954059687499996 0.415671209375 0.366413034375 0.4109081953125 0.3575695578125 0.406857609375 0.3313430484375 0.40544207187500003 0.310259896875 0.3954220046875 0.2979201953125 0.396491578125 0.2939200203125 0.404953625 0.3015536296875 0.413839396875
0 0.41662072656250004 0.475384653125 0.42707799218750003 0.47829722031250005 0.43622344999999996 0.4771573359375 0.4496043875 0.4670576421875 0.4626166625 0.46684111718750004 0.46836591250000004 0.4637823390625 0.47145821093749996 0.4549650109375 0.464295209375 0.4450837015625 0.44765142343750003 0.4438790984375 0.42475443906250004 0.44907515781249996 0.41093623125 0.457824040625 0.40764196874999997 0.46479278125 0.41662072656250004 0.475384653125
0 0.546228340625 0.5115597859375 0.573766659375 0.5170277734375001 0.57527850625 0.507002115625 0.5796492718749999 0.5045835890625 0.5776982312500001 0.4973317375 0.56021325 0.49107915156250004 0.5590014640625001 0.479987646875 0.5533522328125 0.47600737187500003 0.5190214984375 0.46670159531250005 0.5077249609375001 0.4746677375 0.49646368750000003 0.4962142171875 0.49703624062499996 0.5041063234375 0.533351353125 0.518317596875 0.53113166875 0.513909865625 0.546228340625 0.5115597859375
0 0.6488688125000001 0.5621418796875 0.658216234375 0.5628505796875001 0.6681676265625 0.5531783406249999 0.6803053640625001 0.55026018125 0.6911646328125001 0.540943225 0.687768425 0.53902433125 0.6824897859375 0.5410875734375 0.6697461546875 0.5384599796875 0.6607673968750001 0.5278681046875 0.6443922578125 0.5238193843750001 0.6379704328125 0.5260251140625 0.6313485671875 0.54230895 0.6303406703125 0.5489927234375 0.6359565593750001 0.5553193484375 0.6488688125000001 0.5621418796875
0 0.560595009375 0.4621241875 0.5679933171875 0.471507728125 0.5957336 0.47882429843749996 0.61809329375 0.4793164765625 0.62347195625 0.4702141765625 0.620007146875 0.45706129375 0.5824802499999999 0.4317585140625 0.5809331390625 0.4282038328125 0.5623383125 0.419747378125 0.5548066484375 0.41974924218750004 0.546704353125 0.4277856921875 0.5484534265625001 0.43318895937499996 0.560595009375 0.4621241875
0 0.48601375 0.4264497875 0.4942179890625 0.427300971875 0.501345725 0.42360194062499995 0.5005712078125 0.413861253125 0.48927274687500005 0.40590070312500004 0.47400745000000005 0.40405584531249994 0.46768564531249995 0.39922252343750003 0.46802097031249995 0.39168570156250004 0.45991675 0.3837954625 0.4415238890625 0.3771875921875 0.4330510046875 0.379180525 0.43113522812499994 0.38550901406250004 0.4487907578125 0.4118832296875 0.48601375 0.4264497875
0 0.34182980625 0.374154903125 0.3666111515625 0.38090339375000004 0.39381221875 0.3779815125 0.4010066359375 0.369589778125 0.39249849062500003 0.35800237031250004 0.372693803125 0.35438110312500004 0.3604541234375 0.348411621875 0.356016678125 0.3555228515625 0.34535745 0.35076170156250003 0.332378515625 0.3486318734375 0.320005475 0.352047796875 0.31950152656249997 0.3553896828125 0.3219231734375 0.3616459984375 0.34182980625 0.374154903125
0 0.2351022328125 0.32000211875 0.24646737500000002 0.3232699671875 0.27457824531249997 0.33663005625000003 0.2864473359375 0.3365560171875 0.29105340625 0.333639725 0.2909514625 0.3247520875 0.280560878125 0.31714681875 0.26670740625 0.31231535625 0.246294903125 0.2872216484375 0.23129824999999998 0.2825326734375 0.2236999015625 0.2872272375 0.2222547359375 0.29256019375000003 0.2280392515625 0.3030817546875 0.22968830625 0.3155240765625 0.2351022328125 0.32000211875
0 0.11132886875 0.2768742546875 0.143137934375 0.2869627671875 0.1474086765625 0.2915832953125 0.1621366859375 0.29911638906250004 0.1746783515625 0.2998954 0.18093155156250001 0.29349473593750003 0.176256878125 0.285177040625 0.169935075 0.280343715625 0.14229481093750002 0.265988090625 0.1084013515625 0.25803313125 0.1008363421875 0.260381346875 0.0991225296875 0.268558421875 0.11132886875 0.2768742546875
0 0.25058936875 0.209862365625 0.23542409062499997 0.20097845468750003 0.21536743125000002 0.1990281328125 0.1651154984375 0.185851275 0.16770576875 0.196302525 0.162695771875 0.19552165 0.15647591249999998 0.1995759640625 0.1543248328125 0.20640222343749998 0.1465912015625 0.20455550156250002 0.14131255781250002 0.2066187453125 0.1375476875 0.21458302499999998 0.13953206875 0.2194885234375 0.16945869375 0.23355917499999998 0.1983754984375 0.238386909375 0.2138094203125 0.2444267015625 0.23804962812500002 0.22501004375 0.25058936875 0.209862365625
0 0.25923664999999996 0.2598444421875 0.2661976875 0.26787716875 0.273662675 0.2725680046875 0.287784790625 0.27455534843749996 0.29615572968750004 0.26367477968749997 0.2869750078125 0.25123432343749996 0.29420276562500003 0.24049623750000002 0.293663553125 0.2302577828125 0.2739255453125 0.2219438140625 0.2691175125 0.223011521875 0.26101521562499996 0.231047975 0.25604048281249997 0.24384744062500002 0.25923664999999996 0.2598444421875
0 0.4971692296875 0.364162284375 0.50604604375 0.3658665203125 0.508601053125 0.362737428125 0.5061460640625 0.3588274640625 0.5121306203125 0.35527091718750003 0.508128521875 0.347806271875 0.5038244374999999 0.34553209375 0.4951810046875 0.3274034 0.48590026093749994 0.322001996875 0.4770234484375 0.32029776249999997 0.47127419687499994 0.3233565421875 0.469358421875 0.3296850328125 0.47413503749999997 0.3468903671875 0.48455896249999997 0.352149284375 0.4971692296875 0.364162284375
0 0.5707425953125 0.40652045625 0.5758878765625 0.413842615625 0.5876902875 0.4184612796875 0.599794684375 0.41788947500000007 0.6146994828125 0.407599846875 0.6328783640625 0.40252340625 0.6368452 0.3964077125 0.634456890625 0.38780504531250004 0.61518949375 0.37849554375 0.6146855453125 0.38183743125 0.587921746875 0.38611012968749997 0.5707425953125 0.40652045625
0 0.701282725 0.5195392296875 0.71473226875 0.5206735218749999 0.724783678125 0.5039622265625 0.7293564078125 0.5033922875 0.7318428124999999 0.48902920781250003 0.7397764875 0.47679781875 0.7277387703125 0.4726769234375 0.7250484765625 0.46926472500000005 0.70164561875 0.46187597968749994 0.6981160515625 0.46934249218749996 0.6769348015625 0.4822881703125 0.6722620515625 0.48989716562499996 0.6833252109375 0.49835548281250003 0.685242909375 0.507953684375 0.6942550062499999 0.5161992078125001 0.701282725 0.5195392296875
0 0.8184006281249999 0.4795457703125 0.822332203125 0.459849734375 0.8278794890625001 0.454942371875 0.837932825 0.45415777031250004 0.8299286234375 0.43922847656249997 0.8165791015625 0.43105513125000006 0.764461403125 0.4206872375 0.7596200296875 0.4241012984375 0.76432804375 0.430072640625 0.7580081640625 0.44116600781250004 0.7387093484375 0.45012954687500006 0.7360209796875 0.46264404218750005 0.757911990625 0.48005844687500004 0.765039728125 0.476359415625 0.7828266937499999 0.4774215328125 0.7876680687500001 0.474007471875 0.8012862343749999 0.4793367 0.80142151875 0.4858779859375 0.8057256046875001 0.48815216250000004 0.8184006281249999 0.4795457703125
0 0.7364185 0.37070875000000003 0.755923128125 0.3954471765625 0.7665823578125 0.400208328125 0.7784514484375 0.40013428749999996 0.783124196875 0.39252529375 0.7782475609375 0.3823590125 0.7812379140625 0.3646540484375 0.7763279359374999 0.3568341203125 0.7638529515625 0.35136240625 0.7531270421875 0.3512939578125 0.7395107984375 0.3618914234375 0.7364185 0.37070875000000003
0 0.6658581781249999 0.362343009375 0.6772899984375 0.3609181546875 0.6799116890625 0.3530963609375 0.6723447593749999 0.3395178859375 0.6774214359374999 0.3356060578125 0.6796058578124999 0.32643345 0.6719389062500001 0.3198940265625 0.6576148265625 0.3160580984375 0.6477301140625 0.32103763750000003 0.6392924953125 0.336610909375 0.6458162640625 0.34329281875 0.6477673015625001 0.350544671875 0.6536184984375 0.356373528125 0.6658581781249999 0.362343009375
0 0.5604424109374999 0.31224267499999997 0.568411346875 0.3135916265625 0.5750684781250001 0.31088813125 0.578160775 0.302070803125 0.5744273171875001 0.29176203749999996 0.58239433125 0.27718429843750003 0.5786275375 0.2692218859375 0.5736508765624999 0.2660946609375 0.560234675 0.262614015625 0.548298903125 0.26738075625 0.53982794375 0.28530038125 0.5437300234375 0.29980408125 0.5506910609375 0.30783680625 0.5604424109374999 0.31224267499999997
0 0.9579907609375 0.3768071 0.9606124515625 0.3689853078125 0.9573162625 0.3600273609375 0.9448746203124999 0.35220929375 0.9323977109375001 0.3308108890625 0.9188128859375 0.323135309375 0.9062712203125001 0.3223562984375 0.898570928125 0.31816322656249996 0.886668496875 0.32058361875 0.8764465375 0.31717328437500003 0.8718738078125 0.31774322499999996 0.8641087593749999 0.334169546875 0.859739921875 0.35251476406250004 0.8945412609375 0.36082500781250004 0.902914125 0.365871128125 0.91431260625 0.366792625 0.9193912093750001 0.3788074890625 0.9275621109375001 0.3820050265625 0.9351604546875001 0.3773104578125 0.9501904484375 0.3796530828125 0.9579907609375 0.3768071
0 0.9200593671874999 0.39237124687499997 0.9174690921875 0.3819199984375 0.9080883296875 0.3835576484375 0.88740910625 0.3772347484375 0.8816931953125 0.3779471765625 0.8717398796875001 0.3716927234375 0.85489413125 0.3686395390625 0.8477997328125 0.36999221718749997 0.8486409296874999 0.3750402015625 0.8412445484375001 0.38158335 0.8311912124999999 0.38236795468749996 0.8262498171875 0.39282106875 0.8354972203125 0.40056882031249996 0.8727202078125 0.41513537968750003 0.8962230859375 0.41548506874999996 0.9087980921875 0.4139177296875 0.91296689375 0.40965061875000003 0.9200593671874999 0.39237124687499997
0 0.7735965328125001 0.31649717499999996 0.8204022484375001 0.33127466562499996 0.8316673703124999 0.34158156875 0.8376185843749999 0.3403713734375 0.8453502937499999 0.326291403125 0.8445757765625 0.3165507140625 0.835967609375 0.3120023609375 0.7959543046875 0.3010626625 0.786302975 0.2896177375 0.772012234375 0.2834354625 0.758999959375 0.2836519859375 0.75409190625 0.2917587484375 0.7582959703125 0.30107197812500003 0.7735965328125001 0.31649717499999996
0 0.6589556703125 0.27908430625 0.6719012640625001 0.2835604859375 0.6833330859375 0.28213563124999996 0.6907294703125 0.27559248125 0.690594184375 0.2690511953125 0.7147010328125 0.2590199453125 0.7175246859375 0.2530467375 0.714632428125 0.24778595625 0.6919354859375 0.238903909375 0.6671894046875 0.24573575781249998 0.66167545625 0.2482967703125 0.6529358515625 0.26906051249999996 0.6589556703125 0.27908430625