0 0.1233962890625 1 0.12079107656250002 0.9603809406250001 0.125301034375 0.9315647609375001 0.11693576406249999 0.9308063671875001 0.11442338125 0.9206639828125001 0.11353368125 0.8873232546875001 0.1195152625 0.8686703921875001 0.1176016 0.8603692234375 0.1236111625 0.8546885921875 0.12525064375 0.8565088781249999 0.12582138125 0.845377859375 0.1313105640625 0.8397076953125 0.13692843906250002 0.824768659375 0.1370291484375 0.8025275562499999 0.1392785359375 0.7941426609375 0.138053115625 0.7774879968749999 0.13461747500000001 0.770144065625 0.1270579515625 0.763809696875 0.12458473750000001 0.754593153125 0.12463509218749999 0.7434726 0.10666794375 0.7373475421875 0.1011507765625 0.730045471875 0.0970660640625 0.7319808765625 0.08932749375 0.746035934375 0.0892267859375 0.7682770375 0.08369843437499999 0.7730213625 0.0701293484375 0.7723676234375 0.067124565625 0.7752079375 0.06535639062500001 0.7826565249999999 0.06914455 0.798333021875 0.067572221875 0.8104108125 0.061601826562499996 0.8170172828125001 0.057438775 0.81710100625 0.0557489375 0.8264012734374999 0.0491406546875 0.8302406859374999 0.04327658125 0.8516710734374999 0.0350288171875 0.8536902015625 0.029657140625 0.8621378875 0.0192495125 0.8623471984375 0.0207770984375 0.8984549812499999 0.028661156249999997 0.9001496812499999 0.0620663125 0.96341521875 0.062015959375 0.9745357718750001 0.064254159375 0.9781972718749999 0.0841069921875 0.979651265625 0.1002667984375 0.9922990703125001 0.10386944843749998 1 0.1233962890625 1
0 0.41062656249999996 0.725293040625 0.4174922296875 0.7029158859375 0.42482792343750003 0.691648815625 0.42046902812500003 0.6871033359375 0.40890313125000005 0.6845560546875 0.403816825 0.6874382328124999 0.40328525624999995 0.6994950890625 0.39799191718750004 0.7097944578125001 0.386051128125 0.723007396875 0.38536288750000003 0.7313608953124999 0.379028784375 0.741681190625 0.333666078125 0.7527864015625 0.3257428515625 0.750165859375 0.32178683124999996 0.74283239375 0.3116533828125 0.7495225859375 0.30064703593750003 0.74789068125 0.2972002109375 0.7525931421875 0.29927055 0.764597675 0.31251509843749997 0.7698910796875 0.3255134484375 0.7816758375 0.33022486406249996 0.7945538812499999 0.329055409375 0.8038436828125001 0.3309299046875 0.8112190125 0.327757259375 0.8224023578124999 0.3305046578125 0.8380997859375 0.33386195937499996 0.8435920390625 0.3507100078125 0.8478863453125 0.3587787265625 0.8662566406250001 0.362566884375 0.8819331390625 0.371116815625 0.899367128125 0.36622635312499996 0.906878509375 0.3772998515625 0.9224084890625001 0.3934596578125 0.93505629375 0.395462846875 0.9331627499999999 0.40462825625 0.891280146875 0.397706621875 0.8877128359374999 0.39434932031250003 0.882220584375 0.3956083 0.8627360703125 0.40511504374999996 0.8412324265625 0.4156513640625 0.8317542453125 0.41618293125 0.8196973875 0.41862816406250003 0.815941696875 0.4179622921875 0.8002024078125001 0.407162975 0.7911533109375 0.4030502796875 0.78011648125 0.40269775937499996 0.7717839171875001 0.40543954375 0.750416325 0.4101341625 0.738275740625 0.41062656249999996 0.725293040625
0 0.622958315625 0.721404575 0.625207703125 0.7130196828125 0.622745675 0.6917567453125 0.62599665625 0.6824250796875 0.617318034375 0.6742599625000001 0.6067033734375 0.6818864625 0.5955011828125001 0.6756253546875 0.592406875 0.6886603796874999 0.5865539890625 0.698044371875 0.5884172984375 0.7174660937499999 0.5793246140625 0.7241353562499999 0.568239928125 0.72065176875 0.5638026968750001 0.714254609375 0.5619393875 0.6948328859374999 0.5540665140625001 0.6810917921875 0.54753656875 0.6867828874999999 0.535489459375 0.6851719140625 0.533514253125 0.7000376890625 0.527415165625 0.71591303125 0.53100748125 0.726960328125 0.5286294015624999 0.7446140921875 0.5395853953125 0.7573665484375 0.5408611703124999 0.7629006625 0.550619725 0.771970690625 0.5581512640625 0.7653328234375001 0.5700808671875001 0.764166278125 0.5883501812499999 0.789744453125 0.59765550625 0.8127230203125 0.5851159984375001 0.8240947453125 0.5852614890625001 0.8398445015625 0.5978569609375 0.8544172453125001 0.6160703109375001 0.854050953125 0.622382040625 0.8678234437500001 0.6256106484374999 0.8825845640625 0.635369203125 0.8916545921875001 0.6390006875 0.9036277281249999 0.6438407953125 0.9072369 0.6532076609375 0.907048521875 0.6571357 0.9014097546875 0.6581876484375 0.88934243125 0.6434994625 0.8868579406249999 0.6347425015625 0.8768411437499999 0.6317097375 0.8667092234375 0.6301317953125001 0.8417219921875001 0.6272165375000001 0.83436759375 0.6216098125 0.7510838015625 0.6254986812500001 0.74451919375 0.6235458484375 0.735292184375 0.622958315625 0.721404575
0 0.9405140953125001 0.7548631796875 0.9460816140625001 0.751044696875 0.948526846875 0.7472890078125001 0.9497186734374999 0.7139064187499999 0.946490065625 0.6991452953125 0.937654765625 0.6872768140625001 0.9178019359375 0.685822821875 0.9133926859375 0.6923978953125001 0.9077468265625 0.6943646984375 0.8326160234375 0.6050660859375 0.8327447156250001 0.5957972171875 0.8262651265625 0.5903677578125001 0.823478559375 0.5737444875000001 0.8187559578125001 0.5729128390625 0.8113027562499999 0.581402384375 0.8036145421875001 0.5843368890625 0.7953164234375001 0.5974765703125 0.7907001421875 0.6114688328125 0.794035071875 0.641053871875 0.7979910921875 0.6483873390625 0.8063955328124999 0.6500715718750001 0.808270028125 0.6574469015625 0.8017400828125 0.6631379953125001 0.8010126703125 0.67056565 0.796681759375 0.6789924046875 0.7916346203125 0.6828004234375 0.794007125 0.7142580734374999 0.801208534375 0.7182830703125 0.8120414265625 0.7342812046875 0.835615265625 0.737513621875 0.8430964484375 0.7419963078125 0.8624345109375 0.7805257859375 0.8757070421875 0.7987914296875 0.8975182828125 0.7603610171875 0.9101249421875 0.7628873671874999 0.9178131578125001 0.7599528640625001 0.9231848328125001 0.7515051765625 0.9405140953125001 0.7548631796875
0 0.6280511140625 0.5340138875 0.6278161015625 0.52845884375 0.6189416343749999 0.515664521875 0.614840125 0.4925813 0.5994468984375 0.47343167968750005 0.593801040625 0.47539848124999995 0.586101640625 0.490379378125 0.5764214234375 0.48316103125 0.576589284375 0.4748180015625 0.5736348578125 0.46653776406249997 0.5735788921875 0.4405932953125 0.5669817953125 0.43238631562499996 0.5596572859375 0.431606990625 0.5520865781250001 0.4373190171875 0.5453496046875 0.45042730156250005 0.5397820828125 0.454245784375 0.537404003125 0.47189955 0.54075011875 0.48943819375000003 0.5367325578125001 0.5052716734375 0.53016344375 0.5100369265625 0.5251442875000001 0.5268171781250001 0.5377397625 0.541389921875 0.547666178125 0.5421169203125 0.5615486140625 0.5501773812499999 0.5665062296875 0.5565640765625 0.57812809375 0.585055828125 0.5901248484375 0.5977873546875 0.59584904375 0.5976722359375 0.6108561578125 0.558452034375 0.6280511140625 0.5340138875
0 0.4073814484375 0.6116554468750001 0.41667555156249997 0.560503975 0.42381540156249997 0.5446077015624999 0.4231383453125 0.540914803125 0.412131996875 0.5392828984375 0.407566071875 0.542154609375 0.4000848875 0.537671921875 0.3911320828125 0.5230259203125 0.3936276703125 0.508149678125 0.39223438593750004 0.49983804374999996 0.386431853125 0.49810148125 0.38061813437500003 0.508411315625 0.37152545 0.515080578125 0.364973134375 0.544864459375 0.35563425 0.5580250703125 0.38743909374999996 0.6203961671875 0.3950377859375 0.6276563734375 0.402323125 0.6275098578125 0.4073814484375 0.6116554468750001
0 0.2098050890625 0.577637175 0.2131064265625 0.5571849578125 0.21836059375 0.54595975 0.2183717796875 0.5339133578124999 0.2136100109375 0.532155865625 0.2122838796875 0.53774230625 0.1977020125 0.5500817296875 0.1960905140625 0.5612336796874999 0.1922408125 0.5687241296875001 0.1808204046875 0.581926603125 0.176136971875 0.5820207921875 0.1717780765625 0.5774753125000001 0.1699035828125 0.5700999859375 0.1655446859375 0.56555450625 0.1507669765625 0.5732647296875 0.14595485 0.5826277906249999 0.13814912968749998 0.582784771875 0.1301083953125 0.5773867125 0.127612809375 0.592262953125 0.11948255156250001 0.5970596031250001 0.12221876093749999 0.624803425 0.12120598281249999 0.637796590625 0.1242779140625 0.6488543499999999 0.129235528125 0.655241046875 0.13343775 0.6560831625 0.13780783125 0.6485822484375 0.149983634375 0.640924353125 0.163060321875 0.6545607906249999 0.17053031875 0.6710898703125 0.1776086296875 0.67836054375 0.193376746875 0.6817499421875 0.1989442671875 0.677931459375 0.20138950000000003 0.6741757703125 0.1984742390625 0.666821371875 0.201003384375 0.6158059484375 0.204383059375 0.5972054124999999 0.210638821875 0.585033434375 0.2098050890625 0.577637175
0 0.055173434375 0.49271730312499995 0.08101903437499999 0.46347204062499997 0.0856353140625 0.4494797765625 0.08536113281249999 0.4429988921875 0.063919175 0.42860406093750003 0.0516034921875 0.4575772234375 0.043551571875 0.464225553125 0.03643409375 0.456029040625 0.030681915625 0.44317192656250004 0.0112711265625 0.43985578593749997 0.009827490625000001 0.44266470468749997 0.0111872140625 0.48711552031250005 0.01389544375 0.5018871078125 0.01773395625 0.506443053125 0.032271078125000005 0.5422891984375 0.0424716765625 0.5494970796875001 0.052722628125000004 0.5455844078125 0.0580551359375 0.5362108828125 0.061278134375 0.5139069828125 0.0605619078125 0.5092882453125 0.0556434625 0.5038273921875 0.055173434375 0.49271730312499995
0 0.212250284375 0.48770505000000003 0.21347566874999999 0.41818327968749996 0.2183493359375 0.3856532734375 0.2238497046875 0.3679367171875 0.2186067203125 0.3671155328125 0.2157586140625 0.373659209375 0.20903282500000003 0.37472110000000003 0.20622388749999998 0.38219061718749997 0.191966559375 0.38989037656250003 0.1778770921875 0.3892471015625 0.1677156625 0.3829650625 0.16142073125 0.3942112 0.15725767968749998 0.39429492499999996 0.15289878437499999 0.3897494453125 0.1535870265625 0.38139595000000004 0.1489427625 0.382415978125 0.1456134453125 0.3898959609375 0.148489534375 0.39632451875 0.1499387828125 0.4305806203125 0.1416518484375 0.43167391093749996 0.141002775 0.44095324687500004 0.1448021203125 0.44458335 0.1542081546875 0.4453208125 0.167088996875 0.45432804843749997 0.18895062812500002 0.4909535171875 0.199151225 0.49816140000000003 0.205877015625 0.4970995078125 0.212250284375 0.48770505000000003
0 0.1991959328125 0.363799390625 0.1978921734375 0.34529304375000003 0.199867378125 0.33042726718750004 0.1972374890625 0.3175073609375 0.18951010625 0.319516025 0.17939903125 0.30211343125 0.1813742359375 0.2872476546875 0.17341184062499998 0.2837012734375 0.1722144015625 0.28001884062500004 0.16712809374999998 0.28290101875 0.165410275 0.279229053125 0.154482265625 0.279448828125 0.1491497578125 0.2888223546875 0.146693340625 0.3046244375 0.15148309375 0.3193541625 0.15146072187499998 0.34344695000000003 0.147599834375 0.362983790625 0.155355203125 0.3739473625 0.146133825 0.3898854953125 0.1490379 0.4092862890625 0.1530330875 0.41754559531249996 0.155634996875 0.4174932671875 0.15705065 0.401712115625 0.1681073515625 0.39222346875 0.172908290625 0.3949068015625 0.1983678125 0.393468153125 0.20899365625000002 0.373795259375 0.20627424218749998 0.371070065625 0.2032694609375 0.37391037968749996 0.1991959328125 0.363799390625
0 0.045912820312500005 0.335376728125 0.0472501359375 0.31774389531249997 0.052672165625 0.29817565625000003 0.0474067734375 0.235270821875 0.0460526625 0.227885028125 0.0412125546875 0.22427585625000002 0.040300482812499996 0.2150279140625 0.0216842578125 0.21818219375 0.0191606890625 0.220086203125 0.020593140625 0.22932367656250002 0.01070589375 0.22952252187500002 0.006257475 0.235171753125 0.006716315624999999 0.2583282328125 0.009670742187500001 0.2666084734375 0.006665959375 0.2694487875 0.0059385484375 0.27687644218749996 0.006828246875000001 0.31021717031249996 0.00918395625 0.31665619375 0.0077011484374999994 0.31853927187500003 0.0118642 0.318455546875 0.020022440625 0.3266311296875 0.0224564859375 0.3349218328125 0.0300551765625 0.34218204218750004 0.0365851234375 0.3364909484375 0.0419456125 0.34008965468749996 0.045912820312500005 0.335376728125
0 0.153877934375 0.240542590625 0.16053657187499998 0.22558262343750002 0.1631496640625 0.21348390468749998 0.1623159328125 0.2060876453125 0.1566812609375 0.1960080515625 0.09726825624999999 0.20739582968749998 0.0954609140625 0.21391857343749998 0.097973296875 0.22406095937499998 0.1028917421875 0.22952181249999998 0.10764232656249999 0.2433256984375 0.10859356406250001 0.2534994796875 0.14909379218750002 0.26287788437500004 0.15855018125 0.25249479375 0.153877934375 0.240542590625
0 0.25909568906249997 0.216187459375 0.26427152187499997 0.20311057031250002 0.27091897187499997 0.200196996875 0.269721534375 0.1965145671875 0.250596115625 0.1876329171875 0.23861615625 0.199920015625 0.23548267968749997 0.2120292046875 0.23619890781250003 0.2166479421875 0.23419571874999998 0.21854148437499998 0.2250750546875 0.2122385125 0.21782888281249999 0.21331086875 0.211964809375 0.23474125625000003 0.2127090171875 0.2523322265625 0.2153500921875 0.253205740625 0.22128131875 0.2456734296875 0.2363723796875 0.2453699296875 0.23755863124999999 0.2610987546875 0.241111778125 0.2712202078125 0.2646856171875 0.274452625 0.263292334375 0.26614099062499996 0.2582172140625 0.256976775 0.2680373078125 0.24287985625 0.2697663140625 0.2345054265625 0.2683338625 0.225267953125 0.26236346875 0.2318744234375 0.2588886578125 0.22360465000000002 0.25909568906249997 0.216187459375
0 0.336128971875 0.3258336328125 0.342267228125 0.31088413125000003 0.3553271171875 0.2995019421875 0.3555341484375 0.29208475 0.352658059375 0.28565619375 0.34785711875 0.2829728625 0.335602978125 0.28877907812500003 0.3334711 0.2999414921875 0.32890517343750003 0.30281320312500004 0.32566537812499996 0.30009847343749996 0.3233488375 0.29458529218749996 0.3215246984375 0.2760894109375 0.3151626140625 0.27343747500000004 0.3107141953125 0.27908670625 0.2948901109375 0.24975284062499997 0.295981228125 0.23861135625 0.28625065781250003 0.24251356406250002 0.2798494046875 0.2389357859375 0.27372233437500004 0.24183889375 0.269391421875 0.2502656484375 0.2708630421875 0.260428965625 0.26321399687499997 0.264289309375 0.2608582890625 0.2578502875 0.24601342656249997 0.25166243593750004 0.24372487031249998 0.2591214890625 0.2457168734375 0.2692743390625 0.26692381875 0.278114125 0.270919009375 0.2863734328125 0.2741084484375 0.30020871250000003 0.2803418390625 0.312129521875 0.2797990859375 0.3362327765625 0.2994448890625 0.34510395625 0.3090635640625 0.37548925 0.32159188437499997 0.3761639203125 0.32867019375 0.38343459375 0.3333144578125 0.382414565625 0.3295934515625 0.3806361421875 0.32816100000000004 0.3713986671875 0.33181485624999996 0.359279015625 0.332631790625 0.341656646875 0.336128971875 0.3258336328125
0 0.39355001093749997 0.3904694421875 0.3867570703125 0.37763325625 0.3862087046875 0.3646714890625 0.3909816609375 0.3543825890625 0.3863877515625 0.34428206562499997 0.3743406421875 0.342671090625 0.3662887203125 0.34931942031249996 0.366954590625 0.3650587109375 0.3581249046875 0.3902552515625 0.33783003125 0.3906634046875 0.342541446875 0.40354144999999997 0.334114634375 0.425950003125 0.3451097953125 0.439628303125 0.3504199296875 0.4543475640625 0.363692459375 0.47261320468749995 0.3726172828125 0.47428697187499996 0.37754691406249996 0.4677014328125 0.37864921875 0.4445135578125 0.3809377734375 0.43705450468749996 0.379751521875 0.4213256796875 0.3894429234375 0.4164976328125 0.3938130046875 0.40899671875 0.39355001093749997 0.3904694421875
0 0.5152017546875001 0.3852429984375 0.5168244390625001 0.36204465625000004 0.5215973953125 0.3517557546875 0.5207636625000001 0.3443594953125 0.513970721875 0.3315233125 0.50260066875 0.333605234375 0.4981130796875 0.33832862656249996 0.494716609375 0.331910534375 0.4905535578125 0.3319942578125 0.48446565625 0.33582320625 0.46222355937500004 0.364069371875 0.462419403125 0.3686985734375 0.468613625 0.3796935421875 0.481030053125 0.41465570781250005 0.49768786093750006 0.42984172656249997 0.509539134375 0.44836760625 0.514899625 0.451966315625 0.5236286031249999 0.44901088125 0.5204279765625001 0.44722199375000005 0.5184359734374999 0.43706914062499996 0.519331246875 0.4212984546875 0.522296859375 0.41753229999999997 0.5157892875 0.3991306078125 0.5152017546875001 0.3852429984375
0 0.463997309375 0.3075093703125 0.463655975 0.2871304125 0.468529640625 0.2546004046875 0.47270387812500003 0.2424702875 0.4674217265625 0.2407232609375 0.4634153515625 0.244510346875 0.46268793906249994 0.2519380015625 0.4588382390625 0.2594284515625 0.45178791250000006 0.2651300109375 0.4420013765625 0.24308775 0.43032915625 0.225716553125 0.4170454390625 0.21949730625 0.40307347812499994 0.22163155625000003 0.40034287968750004 0.2309527546875 0.3946970234375 0.23291955625 0.393046353125 0.2431456625 0.3955195671875 0.25236220781249996 0.38826221250000004 0.26548095781250003 0.392050371875 0.2811574578125 0.39932452343749997 0.2930573328125 0.406844878125 0.298465859375 0.427061415625 0.2962060265625 0.42981999687499994 0.29985705937499996 0.43389352499999995 0.30996805 0.437317978125 0.32935837343749996 0.43551063437500004 0.3358811203125 0.4363443671875 0.3432773796875 0.44745703593749997 0.3597332015625 0.459140440625 0.36505800312500003 0.4715624421875 0.35090875781249997 0.48091250937499996 0.3257017515625 0.47855680312500004 0.3192627296875 0.47089376562499996 0.3166369578125 0.463997309375 0.3075093703125
0 0.368034453125 0.19361075 0.37004882656250004 0.179670815625 0.36566194687500003 0.1621531015625 0.368588390625 0.15746110468750002 0.36050848750000003 0.1511372046875 0.33352699218750004 0.15353308906250002 0.3233152078125 0.15837160156250002 0.316606215625 0.1844521203125 0.3192472921875 0.1853256359375 0.32179884375 0.1963938609375 0.32719850156249997 0.2009184078125 0.327058625 0.22223367343749997 0.3203216484375 0.2353419578125 0.3032273984375 0.2375390015625 0.29701080625 0.2506368203125 0.2964009015625 0.2608419984375 0.30807311875 0.27821319375 0.3172833078125 0.2743214515625 0.3280826265625 0.28337055 0.38412714375 0.278536915625 0.3881726875 0.2756756703125 0.384306190625 0.2581474921875 0.3679897078125 0.241796325 0.365634 0.23535730312499997 0.36712799218750003 0.22142783124999998 0.37061398749999996 0.2176512109375 0.368034453125 0.19361075
0 0.4673489625 0.189760165625 0.46651523125 0.1823639078125 0.46996205625 0.1776614453125 0.47117068125 0.1692974828125 0.4677742109375 0.162879390625 0.46361115937499997 0.1629631140625 0.462245859375 0.167623715625 0.45511719531250006 0.1714735921875 0.4501987484375 0.166012740625 0.44793256562500006 0.1493790046875 0.443691175 0.14761104687499998 0.4224394875 0.186956834375 0.4225066375 0.2008549078125 0.4507415390625 0.22808592343749998 0.465989275 0.2314857859375 0.46527304999999997 0.2268670484375 0.47032018750000004 0.22305903124999998 0.47040971093749995 0.21286431874999998 0.4741810734375 0.2035221890625 0.47386772343750005 0.1961154640625 0.4673489625 0.189760165625
0 0.5482598921874999 0.2187116890625 0.5584828625 0.2018267828125 0.56101761875 0.18787637968749998 0.5598201796875 0.1841939484375 0.5545380265625 0.1824469234375 0.546989690625 0.1640661625 0.5377403328125 0.1670320625 0.534243153125 0.1828550765625 0.5269969828125001 0.18392743281249999 0.520802759375 0.172932465625 0.5105629921875 0.16479874375 0.5027460859375 0.1770021203125 0.5016157984375 0.1872177640625 0.4736998609375 0.20445849531250002 0.47052721875000003 0.21564184062499997 0.487862090625 0.2560648640625 0.49314424375000004 0.25781188906249997 0.51013778125 0.277855953125 0.514340003125 0.2786980703125 0.5181505343749999 0.2702817796875 0.5243559421875 0.2692303546875 0.5177588453124999 0.261023375 0.5173279875000001 0.25083912812500003 0.5185086296875 0.22950293125000001 0.5225653593749999 0.21459529375000003 0.5289777984375 0.2061266765625 0.5446563921875 0.2197107875 0.5482598921874999 0.2187116890625
0 0.5835842875 0.24116698281249999 0.5812677484375001 0.2356538 0.5845578984375 0.2272479765625 0.58916299375 0.2253021078125 0.579482778125 0.2180837609375 0.56750281875 0.2303708609375 0.5595795906250001 0.22775031874999999 0.5567314859375 0.23429399687500002 0.5563957625 0.250980059375 0.55206485 0.25940681250000003 0.5463014859374999 0.2585960921875 0.5434645640625 0.25309337656249997 0.53814324375 0.2504205078125 0.5295709421875 0.25707930625 0.5227276468750001 0.255363675 0.5206741015625 0.268377771875 0.5261521 0.27475400156249996 0.529901090625 0.28950465937500003 0.543940203125 0.3012684859375 0.5474541796875 0.3104640984375 0.566842596875 0.3378730234375 0.5771606984375001 0.3478584265625 0.585369296875 0.3449134578125 0.5943053046875 0.334540834375 0.6000406859375 0.32237931875000003 0.6008967890625 0.3056827921875 0.5994251687500001 0.2955194765625 0.590550703125 0.2827251546875 0.58225258125 0.29586483750000003 0.5752134421874999 0.289520003125 0.5766011140625 0.2607666171875 0.5835842875 0.24116698281249999
0 0.630110875 0.2698833859375 0.6379669515625 0.2586058515625 0.6479269249999999 0.22319366718749997 0.64693651875 0.21209404531249998 0.6452186984375 0.20842207968749998 0.63232666875 0.2114612375 0.6284210031249999 0.19300721875 0.630866234375 0.1892515296875 0.6286672015625 0.18651586874999998 0.6124850234375 0.1979608515625 0.6061900921875 0.20920699062499998 0.6059438921875 0.21569833906250002 0.5968512078125 0.22236760156250002 0.5889671484375001 0.2206729046875 0.5792085953125 0.2116028765625 0.574760175 0.21725210781249998 0.5735515515625 0.225616071875 0.576466809375 0.2329704671875 0.587461971875 0.2466487671875 0.6021109890624999 0.2482074140625 0.6201061234374999 0.26730470781250004 0.630110875 0.2698833859375
0 0.6779971875 0.343050603125 0.6740915203125 0.324596584375 0.681830090625 0.3105415265625 0.6785231453125 0.293928725 0.673811728125 0.281050678125 0.6684120703125 0.27652613125 0.660085965625 0.276693578125 0.6545967859374999 0.2823637421875 0.6462091421875 0.3056981359375 0.62706135 0.3209092734375 0.6243419343750001 0.3181840796875 0.6217512140625 0.3061900140625 0.6174314875 0.3025703734375 0.6038903859375 0.3148888703125 0.6030062984375 0.3186131625 0.60632443125 0.323179571875 0.6072756703125 0.3333533546875 0.6001861749999999 0.338129075 0.5971702062500001 0.3530157828125 0.601243734375 0.36312677187500003 0.61057143125 0.3620125515625 0.6149974796875 0.38045610625 0.6302060453125 0.382930128125 0.6549941203125 0.41486360468749994 0.66623548125 0.42205055312499995 0.6740020328125 0.42096773125000003 0.6812202203125 0.406923140625 0.675638709375 0.40425550625 0.6648254 0.388720290625 0.6644840671875001 0.3683413328125 0.6662130734375 0.35996690625 0.6779971875 0.343050603125
0 0.7290902874999999 0.22117960781249998 0.7287377671875 0.2128470421875 0.7388040625000001 0.192258771875 0.7388152484375 0.18021238125 0.734417184375 0.174741059375 0.7226834234374999 0.180536809375 0.7151630703125 0.17512828125 0.7063165875 0.1753061953125 0.6901735765625 0.18767701875 0.686754734375 0.2053517140625 0.6975148828125 0.21347497187500003 0.699870590625 0.21991399218750002 0.6974253609375001 0.2236696828125 0.71734534375 0.23902174999999998 0.72150839375 0.2389380265625 0.7312501499999999 0.2229894265625 0.7290902874999999 0.22117960781249998
0 0.8095704687499999 0.4984761875 0.8109749374999999 0.4947414296875 0.8178965703125 0.498308740625 0.8258813390625 0.47776233437500004 0.8157590796875 0.472406134375 0.8086416 0.46420961875 0.8060788625 0.4651877875 0.8008246937499999 0.4764129953125 0.7847712078125 0.47858910625 0.782353959375 0.4953170296875 0.7782692453125 0.4972524359375 0.767430759375 0.4872774984375 0.7538225046875 0.48569791875 0.7525970828124999 0.469043253125 0.7477681609375 0.45338768749999997 0.745490790625 0.448800346875 0.7370080140625 0.4452644296875 0.7271739265625 0.45287523125 0.720187946875 0.4539423578125 0.7167691031250001 0.471617053125 0.6872304796875001 0.5120561265625 0.68690594375 0.5166957953125 0.690419921875 0.5258914078125 0.6978619375 0.5294482546875 0.7141364453125 0.5263410703125 0.7730990234374999 0.54739434375 0.7877424328125 0.5118879734374999 0.8038462718750001 0.4985913078125 0.8095704687499999 0.4984761875