0 0.20201395937500002 0.7700049578125 0.20906448125 0.7649151468750001 0.2079102015625 0.75466843125 0.2050699015625 0.750852975 0.18597321718749998 0.747041328125 0.17564655625 0.741460903125 0.168519421875 0.7413919046874999 0.1370411921875 0.7510809125 0.1267048875 0.759846271875 0.1280220390625 0.7660648250000001 0.142113440625 0.7702309890625 0.1561282296875 0.76923834375 0.1674224640625 0.764995565625 0.1878794265625 0.7704322796875 0.20201395937500002 0.7700049578125
0 0.2957935421875 0.7639364984375 0.3070877734375 0.759693721875 0.314138296875 0.7546039125 0.3108621625 0.743933678125 0.2980113 0.74082725625 0.275346221875 0.7441540015625 0.2627348390625 0.7421782265625 0.2489595328125 0.744301515625 0.2308446140625 0.769110534375 0.23288021093750003 0.7787210250000001 0.24184659062499997 0.782676384375 0.2595063828125 0.779704153125 0.2710832265625 0.7719985375 0.2710664828125 0.7671223875 0.28017899375 0.762173434375 0.2957935421875 0.7639364984375
0 0.372555659375 0.7569697953125 0.40455598437500007 0.7449485953125 0.42362882968750004 0.7246621609375 0.41923189687500007 0.7134975078125 0.4054997171875 0.7110273125 0.39132205625 0.7160481234375 0.383988921875 0.7246007750000001 0.35559047499999996 0.7392358796875 0.35202208437500004 0.7463742734375 0.3541008078125 0.751391275 0.3610650734375 0.7554884421875 0.372555659375 0.7569697953125
0 0.486500965625 0.68599021875 0.49839390000000006 0.684574059375 0.5037249218750001 0.6761632125 0.5028580734375 0.6552807609375 0.5085100125 0.6459864796875 0.5034712453125 0.6365887 0.48773695312500004 0.6342603125 0.4780856125 0.6366653125 0.4585338 0.6546904546875 0.45968807968750003 0.6649371703125 0.47589169375000007 0.6838726359375 0.486500965625 0.68599021875
0 0.359550159375 0.685973796875 0.3729758890625 0.6678087515625 0.37294240312500004 0.6580564546875001 0.36522620781250004 0.6408150546875 0.3553785140625 0.6374959234375 0.3433658359375 0.6383467625 0.33531425625 0.643507478125 0.338726875 0.6596191796875 0.3332928515625 0.6723408515625 0.33544819062500003 0.682516665625 0.345655109375 0.6875317671875 0.359550159375 0.685973796875
0 0.265211371875 0.6915080609375 0.2785939703125 0.6779365015625001 0.2706286484375 0.6739102406249999 0.272673890625 0.6691749484375 0.2601822484375 0.6677644921875 0.2496064609375 0.6753992078125 0.23287111249999998 0.673141721875 0.2190958046875 0.675265015625 0.21140344687499998 0.682121696875 0.21420061875 0.6905306375 0.22304725625000002 0.693920675 0.265211371875 0.6915080609375
0 0.15167544375 0.6639737796875 0.13718169062500002 0.662705134375 0.12336325156250001 0.6694219125 0.12287464374999998 0.6815064046875 0.1296760421875 0.689631734375 0.11549838125 0.6946525453125 0.110689453125 0.7007311953124999 0.10380180000000001 0.7017928421875 0.10295396718750001 0.7121813625 0.1066755828125 0.715360590625 0.11640353437499999 0.7181143999999999 0.12429224531250001 0.71698185 0.1576193640625 0.69683341875 0.15167544375 0.6639737796875
0 0.1705184546875 0.6282109171875 0.16427263281249999 0.627505690625 0.15818968125 0.6227723000000001 0.14369592656250002 0.621503653125 0.1309216765625 0.6235560421875 0.10321783437500001 0.6174850046875 0.08608013437499999 0.6181250375 0.0716629921875 0.6220152015625 0.06930165625 0.6204610374999999 0.0750492234375 0.6475965421875001 0.0767687265625 0.6509175765624999 0.0956355734375 0.63925279375 0.1040032484375 0.6403815374999999 0.111446478125 0.64673999375 0.11781204062499999 0.6480105421875 0.13022706875 0.6442621843749999 0.1417176546875 0.6457435406250001 0.15649401875 0.643549346875 0.171596121875 0.633298821875 0.1705184546875 0.6282109171875
0 0.27101680781250004 0.6325688546875 0.2757059953125 0.6259248828125 0.2737901375 0.616879715625 0.2669456140625 0.6133478734375 0.250689228125 0.6133516796875 0.2269799671875 0.6213428140625 0.207600671875 0.6209940078125 0.19130115781249998 0.6255913015625 0.186492228125 0.63166995 0.190410196875 0.6405733109375 0.2072652875 0.6433961218750001 0.2377759453125 0.643530315625 0.2554788671875 0.6359645984375 0.27101680781250004 0.6325688546875
0 0.35791236406250004 0.6206761359375 0.389706690625 0.6172765859375 0.392034540625 0.6090784515625 0.3813486609375 0.601802059375 0.36937911093750003 0.5980594109374999 0.3435911234375 0.601033540625 0.3312192234375 0.6001884125 0.30069892187499997 0.6144000015625 0.29789210625 0.620336846875 0.3014508515625 0.6275442390625 0.307054840625 0.6300163375000001 0.3230717421875 0.6288818859374999 0.3421780734375 0.6183477500000001 0.35791236406250004 0.6206761359375
0 0.48098495625000004 0.6119768859375 0.49560809531250005 0.59946506875 0.4938119796875 0.5909852250000001 0.4869674546875 0.587453384375 0.4785997828125 0.5863246390625 0.4633013234375 0.5908510312499999 0.4568495078125 0.5987674546874999 0.44102895468750003 0.6056260421874999 0.44058347343750004 0.613117046875 0.45142258125 0.630711059375 0.46298977812500003 0.637351225 0.47700456718749995 0.6363585796875 0.482412203125 0.6331065453125 0.485338759375 0.6277350265625 0.48098495625000004 0.6119768859375
0 0.6100446265625 0.5976715515625 0.6108924578125 0.5872830265625 0.6065721390625 0.5812771859375 0.5974860171875 0.5767565046875001 0.579347259375 0.577467440625 0.5709364578125 0.5809321875 0.5402294453125001 0.575073859375 0.5268133609375 0.57889311875 0.5190012609375 0.58518448125 0.527033553125 0.608715334375 0.5354778375 0.6150028875 0.55673950625 0.614644565625 0.5603845093750001 0.612664984375 0.5719948359375 0.6147116625 0.5710703921875 0.619941375 0.585204925 0.619514053125 0.5844098640625 0.6109633046875 0.6022325281249999 0.6039629125 0.6100446265625 0.5976715515625
0 0.5587447890624999 0.6712483109375 0.5865348890625001 0.668132375 0.59273758125 0.6734310890625 0.6024655343750001 0.6761848968749999 0.619363753125 0.6744142171874999 0.6244121640625 0.6694662140625 0.60024323125 0.6465044890625 0.593757928125 0.6446686171875 0.543379365625 0.6562701078125001 0.543772071875 0.667718375 0.5587447890624999 0.6712483109375
0 0.80322111875 0.6845970968749999 0.799260021875 0.6802872234375 0.7905331265625 0.6774625109375 0.772514109375 0.6787387703125 0.7604583015624999 0.684183096875 0.7575317453125 0.689554615625 0.7353121515625001 0.6853903546875 0.72630264375 0.686028484375 0.7142468359375 0.6914728109375 0.7150418953125001 0.700023559375 0.7254882953124999 0.70616930625 0.7461081296875001 0.7075778546875 0.754552415625 0.713865409375 0.7631595718749999 0.716124796875 0.7721690796875 0.71548666875 0.780579884375 0.7120219249999999 0.7855516828125 0.7019151109374999 0.802014065625 0.6932896515625 0.80322111875 0.6845970968749999
0 0.751148734375 0.654621940625 0.760201371875 0.6493903234375 0.7597655375000001 0.64253554375 0.7545639015625001 0.6371659281250001 0.7284263390625 0.6240983046874999 0.7136499734374999 0.6262925 0.70592413125 0.6233968859375 0.6875458953125 0.6229771765625001 0.6768503671875 0.63004656875 0.6808880765625 0.639515253125 0.69509921875 0.6442467390625 0.7086350453125 0.6409928015624999 0.7170027203125 0.6421215453125 0.7251643953125 0.6518719390625 0.738135003125 0.6555436828125 0.751148734375 0.654621940625
0 0.7034654812500001 0.587803525 0.7175568828125 0.5919696906249999 0.727567446875 0.5912606578124999 0.7344982328125 0.5856055234374999 0.7334205609375 0.580517615625 0.71697746875 0.56045150625 0.6895562375 0.550917628125 0.680307246875 0.5504251109375 0.66913275625 0.5552332125 0.6711683515625 0.564843703125 0.676369990625 0.57021331875 0.6873384796875001 0.5740268703125 0.7034654812500001 0.587803525
0 0.6125404453125001 0.5183098187499999 0.6089817 0.5111024265624999 0.590134140625 0.4940756390625 0.576162478125 0.49047479687499995 0.5616255953125 0.4937996390625 0.5576979828125 0.49924206250000003 0.5588522640625 0.5094887781249999 0.5665349749999999 0.51697788125 0.5591587140625001 0.53012401875 0.5614337921875 0.54086515625 0.57276150625 0.5463746781250001 0.5935442109375 0.5437550625 0.598156784375 0.531952278125 0.6125404453125001 0.5183098187499999
0 0.4755392890625 0.552686971875 0.47478736093749996 0.5395427359375 0.46450383124999994 0.5293688265625 0.46799560937500007 0.517071621875 0.4612373390625 0.5043528078125 0.447864384375 0.50357858125 0.43568883593749996 0.5084575828125 0.4283125734375 0.521603721875 0.4186181015625 0.528602209375 0.4206536984375 0.5382127015625 0.43486484374999995 0.5429441890625 0.4488699875 0.5562973265625 0.46424505937499994 0.5569297468750001 0.4755392890625 0.552686971875
0 0.303760553125 0.5650483109375 0.32037616406249997 0.5667404734375 0.3332701546875 0.565253409375 0.34356333125 0.561081534375 0.34396568125 0.5581840171875 0.37015601875000004 0.552312365625 0.3626123375 0.51669701875 0.32849980625 0.5139489187499999 0.28969808750000003 0.5178447921875 0.2924856125 0.5405995203125 0.304445515625 0.5586879515625001 0.303760553125 0.5650483109375
0 0.22909331718749998 0.553122753125 0.2217266984375 0.5519231078125 0.21140968437500002 0.5319968984375001 0.202563046875 0.528606865625 0.191431684375 0.528821478125 0.180496675 0.5347602234375 0.1771677671875 0.5430292624999999 0.18091322031249998 0.5703065734375 0.1900424703125 0.570233765625 0.20444996718750003 0.5806893875 0.21718109062500002 0.5832304859375 0.23083665781249998 0.5805418703125 0.2358850703125 0.57559386875 0.2339692125 0.5665487 0.22909331718749998 0.553122753125
0 0.1220472421875 0.5802139984375 0.11797605 0.5609930171874999 0.1115338765625 0.5545636578125 0.0889981875 0.5441099390625 0.0729812828125 0.545244390625 0.06304733125 0.551112234375 0.06672581718750001 0.5588849515625001 0.0559105515625 0.56538901875 0.0536161828125 0.5833394515625 0.057491020312499995 0.5968363 0.06221369375 0.5999446265625 0.070461628125 0.6005080453125 0.1191541703125 0.595337815625 0.1168359609375 0.5891901671875 0.1220472421875 0.5802139984375
0 0.06003214999999999 0.523929521875 0.0920577453125 0.5190458 0.1030047171875 0.5018039859375001 0.101294859375 0.48413716874999996 0.0984545609375 0.4803217125 0.086604753125 0.4771443875 0.0765941890625 0.477853421875 0.068422865625 0.48244881250000005 0.0673355515625 0.49170669062499994 0.0779783046875 0.50357656875 0.0580607296875 0.5083761859375 0.06003214999999999 0.523929521875
0 0.2082688671875 0.5046767625 0.2290515734375 0.5020571484375 0.23450233593749997 0.49421162812499997 0.2492786984375 0.49201743125 0.2495278265625 0.47880229375 0.23559929375 0.4706079640625 0.1695726984375 0.47069409375 0.158517946875 0.47606751562499994 0.14626578750000002 0.47578771093750005 0.14957540625000001 0.49621024062499997 0.1627854921875 0.50101263125 0.163982903125 0.5066658609375 0.2035461984375 0.5015684390625 0.2082688671875 0.5046767625
0 0.328161834375 0.4854702890625 0.340696603125 0.482287253125 0.35543948593749997 0.4703407609375 0.353284146875 0.460164946875 0.34756041875 0.45712752500000003 0.3374301125 0.4572712359375 0.3141998171875 0.4675236625 0.2898152390625 0.4675293734375 0.28000102656250003 0.4739625375 0.28203662343749997 0.483573028125 0.29424565468749997 0.48844632343749994 0.30890227812500004 0.48568680468750003 0.328161834375 0.4854702890625
0 0.44956263124999996 0.4877739359375 0.4544578140625 0.4725083125 0.4653928234375 0.4665695671875 0.46831938125 0.46119804531249997 0.46528272812499993 0.4516584578125 0.4528342171875 0.44565451874999995 0.4378949828125 0.45187687656250003 0.42174869218750005 0.466791790625 0.4156129703125 0.480997671875 0.4172893421875 0.48891219531249996 0.431739965625 0.494774328125 0.44251210468749996 0.492863746875 0.44956263124999996 0.4877739359375
0 0.5870928656250001 0.454129353125 0.5892578484375 0.44995938437499994 0.5829354140625 0.444095346875 0.5640350828125 0.44600783125000004 0.5558734046875 0.43625743593750005 0.5485067875 0.435057790625 0.5133069421875 0.44156757031250005 0.5088141078125 0.45393567656249995 0.5130816546875 0.478880790625 0.5186425140625001 0.48594637812499997 0.558684771875 0.4831102453125 0.5539621 0.480001921875 0.565299459375 0.47116565625 0.5922513734375 0.4640924578125 0.5870928656250001 0.454129353125
0 0.6958321625 0.455985946875 0.7042860937500001 0.4479277171875 0.707538390625 0.43449986718750006 0.703414425 0.43421815625000004 0.7002483875000001 0.43845903125 0.687713615625 0.4416420671875 0.6732629890624999 0.43577993125000003 0.65672399375 0.4392465796875 0.6526766390625001 0.4441236796875 0.65750940625 0.46214311406249997 0.6609484125 0.46878518125 0.6697950500000001 0.4721752171875 0.6851701203125 0.47280763593749997 0.6935809234375 0.4693428921875 0.6958321625 0.455985946875
0 0.5863867203125 0.41898108125 0.6057325328125 0.4095775890625 0.6044585109375 0.39876554999999997 0.593054184375 0.3880972203125 0.5448502484375 0.38118295625 0.541248375 0.3785690515625 0.5199867078125 0.3789273734375 0.513578015625 0.38225031249999997 0.5118488703125 0.39327506093750003 0.5168110218749999 0.39751403281250003 0.5457457578125 0.41899059687499995 0.5580745281249999 0.42442921250000004 0.5863867203125 0.41898108125
0 0.470556428125 0.409397234375 0.463635290625 0.40070658124999997 0.44890205625 0.398307290625 0.4347243953125 0.40332809999999997 0.42623697812500005 0.40163403437499995 0.42167717656250003 0.39449754375 0.4097076265625 0.390754896875 0.3898062390625 0.39273828593750004 0.3838765140625 0.3983225140625 0.386314459375 0.4050354875 0.4182954953125 0.4217058546875 0.45933880781249997 0.418798821875 0.466868296875 0.41597030312500005 0.470556428125 0.409397234375
0 0.3497112078125 0.4145136890625 0.3504392984375 0.4035598421875 0.3357491921875 0.3965670609375 0.3165662484375 0.4019423875 0.30231197656250003 0.4018043890625 0.30310703437500003 0.41035513593750006 0.29097461562500004 0.41064065312500003 0.2785595875 0.41438900937499995 0.2702253953125 0.423012565625 0.271944896875 0.4263336 0.27802785 0.43106699062500003 0.3030111328125 0.43388789375 0.328439896875 0.4292177953125 0.3497112078125 0.4145136890625
0 0.22165259375000002 0.4287481171875 0.2317062890625 0.42344559843749996 0.233751528125 0.418710303125 0.22795118906249998 0.4105140734375 0.2142190078125 0.40804387656249996 0.199322903125 0.40967275000000003 0.1658187203125 0.39540548124999997 0.1500413015625 0.3976705796875 0.14659265 0.4053742921875 0.148791115625 0.41095662187500004 0.16047805312500002 0.41816211093750005 0.16988026875 0.428972246875 0.17736662812499998 0.43073721562499995 0.18913982499999998 0.42875573125 0.22165259375000002 0.4287481171875
0 0.08446473125000001 0.4430553546875 0.101841915625 0.443545965625 0.1130164046875 0.4387378671875 0.114223459375 0.4300453125 0.10489785781250001 0.4243939859375 0.09641044062500001 0.42269991874999996 0.06365818749999999 0.421576884375 0.029698881249999996 0.42914640625 0.0247702125 0.43465973281250003 0.0285684390625 0.4429977703125 0.0443027328125 0.44532616249999996 0.0778596875 0.44065415625000004 0.08446473125000001 0.4430553546875
0 0.0828008265625 0.327264784375 0.031562510937499996 0.337205759375 0.0404857625 0.3457546046875 0.0357199609375 0.3472397671875 0.033032887500000004 0.3537419328125 0.035590575 0.361020228125 0.027821606250000002 0.36271810000000004 0.024655567187499998 0.366958975 0.026571423437500002 0.3760041421875 0.0314138359375 0.379677790625 0.0659287203125 0.379528371875 0.09364220625 0.371253625 0.11066016406250001 0.37004826875 0.118807646875 0.3413547953125 0.1197417359375 0.321779296875 0.101124015625 0.32022894062499996 0.0828008265625 0.327264784375
0 0.17968993125 0.3697494296875 0.192986275 0.3653648453125 0.19311566093750002 0.351584384375 0.1773047546875 0.344097184375 0.176552828125 0.33095295 0.1695119484375 0.321696975 0.1473689640625 0.32269152343749996 0.14396344375 0.3258017515625 0.1422342984375 0.3368265015625 0.1462288765625 0.35088867343749996 0.1592329671875 0.3643127140625 0.1703211984375 0.368691590625 0.17968993125 0.3697494296875
0 0.437603275 0.349760415625 0.43300034218750005 0.3472174140625 0.43580715937500003 0.34128057031250003 0.42760235625 0.336123665625 0.4224773328125 0.3359128578125 0.4034669046875 0.322914234375 0.3920960609375 0.321998203125 0.383445775 0.3243323 0.38051921875 0.329703821875 0.38295716562500004 0.3364167921875 0.398083109375 0.3502643515625 0.4103352671875 0.350544159375 0.428790121875 0.3561226796875 0.437440403125 0.3537885796875 0.437603275 0.349760415625
0 0.5407359281249999 0.3665554609375 0.5506698796875 0.36068761875 0.5567398578125 0.34457390625 0.5689476671875 0.33185043593749997 0.568392090625 0.3244303328125 0.5608291203125 0.31750655625 0.5384466546875 0.3173704578125 0.54016615625 0.32069149218750004 0.5201353828124999 0.3364553421875 0.5186360734375 0.362956521875 0.5277221921875 0.367477203125 0.5407359281249999 0.3665554609375
0 0.71237625625 0.38538386406249997 0.7159015156249999 0.3828389578125 0.7087840265625001 0.368424175 0.7076728734375 0.35358396718749996 0.6947788796875 0.355071034375 0.690295690625 0.35309335625 0.6656285015625001 0.35656190625 0.6674246171875 0.3650417515625 0.657720503125 0.386386025 0.6586353015624999 0.395502096875 0.6734882765625 0.3984667109375 0.6812907312500001 0.40652113593749994 0.6942613359375 0.41019288125 0.7023895312499999 0.41019097968749996 0.7145650765625 0.4053119734375 0.71237625625 0.38538386406249997
0 0.768603503125 0.294467765625 0.77665508125 0.2893070515625 0.760245471875 0.2789932359375 0.7436298640625 0.277301075 0.6926094703125 0.2906694390625 0.6906839687499999 0.29597005625 0.69852955 0.29943099375000004 0.7002825359375 0.3125043265625 0.6896204953125 0.329326015625 0.6953777062500001 0.342115734375 0.7252034015625 0.34861028906249997 0.7288915328125001 0.3420372171875 0.7447120828125 0.33517863281250004 0.7466375843749999 0.32987801562499997 0.7616534296874999 0.3288144671875 0.76597375 0.334820309375 0.771098771875 0.3350311171875 0.77635318125 0.3214614609375 0.7670372234375 0.30146435 0.768603503125 0.294467765625
0 0.6812492828125001 0.2707448171875 0.6913029765625 0.2654422984375 0.690388178125 0.25632622656250004 0.6797022953125 0.249049834375 0.670865303125 0.2313140125 0.661659440625 0.22622801250000002 0.6475249109375001 0.2266553359375 0.63835253125 0.23132162812499998 0.6335770875 0.247152575 0.6366137390625 0.2566921640625 0.6691168640625 0.271030334375 0.6812492828125001 0.2707448171875
0 0.5772006968750001 0.2652784203125 0.562031625 0.25602435 0.5638373875 0.250158409375 0.5597996765625 0.24068972500000002 0.5490706671875001 0.2380068203125 0.534414040625 0.24076633749999998 0.5292027609375001 0.24974250625 0.5320334156250001 0.2679037453125 0.5418811109375 0.271222875 0.54820354375 0.2770869125 0.556930440625 0.279911625 0.5711847156250001 0.280049625 0.5799978703125 0.2736873609375 0.5772006968750001 0.2652784203125
0 0.46083866718750005 0.27237255312499997 0.4578020140625 0.2628329640625 0.4479974484375 0.2549203484375 0.44540627656250004 0.2378897546875 0.437081728125 0.23216752343749997 0.43083590781250003 0.23146229843750002 0.41718034218750005 0.2341509125 0.4100866890625 0.24383420937500003 0.41439736250000003 0.2641858375 0.42704223125 0.2759139109375 0.4381304640625 0.280292784375 0.44926182499999995 0.280078171875 0.4569110546875 0.277814978125 0.46083866718750005 0.27237255312499997
0 0.8177439140624999 0.14937926875000002 0.8021293625 0.1476162046875 0.7777544296875 0.1332761265625 0.7612585609375 0.132149290625 0.750084071875 0.1369573890625 0.7408350796875001 0.136464871875 0.7322614093750001 0.14395778125 0.721369528125 0.145303040625 0.7178442656249999 0.1478479453125 0.721795715625 0.166503603125 0.7298711359375 0.185440971875 0.764831503125 0.17780054843749998 0.7752012875000001 0.178787484375 0.7854944640625 0.174615609375 0.7975406234375 0.18351706875 0.8065501328125 0.1828789375 0.80999878125 0.175175225 0.8242961828125001 0.1707197359375 0.8291051125 0.1646410890625 0.826307940625 0.15623214531250001 0.8177439140624999 0.14937926875000002
0 0.790974940625 0.19290590624999998 0.769310921875 0.19616174687500001 0.7649043437499999 0.199342878125 0.7524127046875 0.197932425 0.7361131890625 0.20252971875 0.7309450390625 0.2069124 0.7349061359375 0.211222275 0.7328177640625 0.22055105468749997 0.7247661843750001 0.22571176875 0.7272807453125 0.23758355312499999 0.740131609375 0.24068997187500002 0.781174925 0.2377829390625 0.8014020515625001 0.227743221875 0.8110965203125 0.22074473437500003 0.8119012250000001 0.21494969687499998 0.806828975 0.19579961875000002 0.797905725 0.18725077343750002 0.790974940625 0.19290590624999998
0 0.698951153125 0.18768205625 0.7032379890625 0.1839356015625 0.70076655625 0.16747033281249998 0.6938454187499999 0.15877968125 0.6835953703125 0.1583580671875 0.642508928125 0.1658585875 0.62693750625 0.159502034375 0.6108008609375 0.1600711640625 0.5998658531250001 0.1660099109375 0.60090039375 0.17569130625 0.6104654765624999 0.1824732765625 0.6334035203124999 0.1900294765625 0.682737896875 0.183092375 0.698951153125 0.18768205625
0 0.5344941078125001 0.197970378125 0.536582475 0.1886415953125 0.5322621562500001 0.1826357515625 0.5463297203125 0.16270383593749999 0.5448928296875 0.155919959375 0.5390493609375 0.1523172140625 0.5140229484375001 0.154089796875 0.4973545671875 0.17133690625 0.49430826874999995 0.17614310312499998 0.5002187046875 0.199250440625 0.511785903125 0.205890609375 0.525680953125 0.2043326390625 0.5344941078125001 0.197970378125