0 0.17844364375 0.2115175703125 0.177195778125 0.2172004359375 0.1869733015625 0.2281011703125 0.2167542765625 0.24490427656249997 0.223497721875 0.24652731874999997 0.2332698765625 0.2435954515625 0.25133943593749997 0.244447828125 0.25402781874999997 0.24144279218750003 0.2551226390625 0.2318378921875 0.24845303125 0.2252595671875 0.23507958593749997 0.2214968625 0.21572255468749998 0.22188868906249998 0.2050374921875 0.2151209484375 0.1917774875 0.2108416171875 0.17844364375 0.2115175703125
0 0.2861444796875 0.22248618750000002 0.2776597953125 0.224173846875 0.27573127343750004 0.2329564578125 0.2928644296875 0.2611683765625 0.3058975484375 0.2664809546875 0.317830478125 0.2675658296875 0.3392744453125 0.27614603125000003 0.35143426093749996 0.276197659375 0.354536809375 0.2666874671875 0.3478672046875 0.26010914218750003 0.337182140625 0.2533414015625 0.32240778125 0.2513395234375 0.3137871671875 0.2444081796875 0.3138042828125 0.23971120781250002 0.3028527296875 0.22953805468750002 0.2861444796875 0.22248618750000002
0 0.420618975 0.312171359375 0.4275550703125 0.3221550953125 0.440968121875 0.3303564609375 0.45396163749999996 0.331230378125 0.45812477031250004 0.3215092296875 0.44008407812500006 0.29743030625 0.4098097296875 0.2782550359375 0.39893738437500004 0.276959203125 0.3923469859375 0.279258196875 0.3903788625 0.28360214687499996 0.39375326875 0.29132996875 0.420618975 0.312171359375
0 0.5187577875 0.4238602828125 0.5336455890625 0.42534553593749996 0.5384155390625 0.41747992500000003 0.533070321875 0.40717975156249997 0.53389596875 0.3872531390625 0.528854159375 0.3778807359375 0.517601884375 0.37369611406250003 0.5075632406249999 0.373222571875 0.4922270375 0.38763641875 0.49113221874999996 0.39724131875 0.5096266828125 0.41925374687500006 0.5187577875 0.4238602828125
0 0.3745436140625 0.3788119984375 0.3821603640625 0.38569599062500004 0.3935260828125 0.3893639859375 0.40284446875 0.3884986171875 0.41014975624999994 0.373705934375 0.41018399062500005 0.36431199062499997 0.3974858265625 0.3436169375 0.38433926406249996 0.3388209828125 0.3746805515625 0.3412362265625 0.3726385875 0.3505354609375 0.377776721875 0.3640882109375 0.3745436140625 0.3788119984375
0 0.2776235453125 0.3259573484375 0.293458490625 0.3277482671875 0.3034629 0.3376157546875 0.31528238750000004 0.33921725468749997 0.3133484984375 0.3341672625 0.3208860390625 0.3321739359375 0.30822748125 0.3159175421875 0.2683340234375 0.30359617499999997 0.25996278125 0.3047672125 0.2573140015625 0.3122109078125 0.264590425 0.3206447703125 0.2776235453125 0.3259573484375
0 0.15471107343749999 0.25752226093749997 0.155510540625 0.2677384921875 0.1620271 0.2703947828125 0.166575534375 0.277395021875 0.1799885875 0.2855963890625 0.173551234375 0.2918174171875 0.1740103734375 0.3035835234375 0.187083096875 0.3133347609375 0.2007968734375 0.3155475953125 0.20642938906250002 0.2852777296875 0.174901803125 0.2579527234375 0.16743809999999998 0.25499076718749997 0.1582331578125 0.2553395140625 0.15471107343749999 0.25752226093749997
0 0.16875242031249998 0.322909575 0.1627292328125 0.3226254484375 0.155685065625 0.326990940625 0.14776759374999998 0.3260954796875 0.12991955 0.31037725 0.1282917515625 0.31317132812500004 0.12284651718749999 0.3379692875 0.12508112968750001 0.3370307484375 0.138721065625 0.3441988640625 0.15493594375 0.3488785703125 0.181149859375 0.349593159375 0.1932358359375 0.35460007031249996 0.20694961093750003 0.35681290468750004 0.21270630937499999 0.3536916203125 0.21861605156250002 0.35449237031249997 0.21963703437499998 0.349842753125 0.2053506765625 0.3363804375 0.19137041562499998 0.3307621921875 0.1804980703125 0.3294663578125 0.16875242031249998 0.322909575
0 0.233730740625 0.354944375 0.238279175 0.3619446140625 0.2536999546875 0.3702406859375 0.272036003125 0.374498478125 0.2944667171875 0.387823003125 0.3098478921875 0.3916804203125 0.3163248484375 0.3898980484375 0.3181399265625 0.3816320625 0.313704934375 0.3741151984375 0.2990044125 0.367158040625 0.2822565578125 0.3556675109375 0.25338849375 0.348564015625 0.23744010468750001 0.347289721875 0.233730740625 0.354944375
0 0.339130125 0.392278759375 0.3417842734375 0.3986676671875 0.370657709375 0.41960376562499996 0.3823637546875 0.42172189062500004 0.40676259375 0.43070246718750005 0.41808870625 0.42993180468750003 0.428201190625 0.4254500640625 0.4260008109375 0.41699465937499997 0.3959191125 0.4061800875 0.3810313109375 0.40469483281249996 0.36295638124999996 0.390009853125 0.3478020890625 0.385119190625 0.3424991625 0.386173978125 0.339130125 0.392278759375
0 0.48439757187500004 0.4186733046875 0.4741374140625 0.4330656125 0.4745569484375 0.44039305781250004 0.4895239578125 0.45075562968750005 0.4956263515625 0.459917075 0.510099990625 0.46790748125 0.5180174625 0.468802940625 0.52449441875 0.46702056875000003 0.5261960546875 0.45927120937500004 0.5123634671875 0.44374239531250004 0.5164869984375 0.4295825875 0.5137194078125 0.42371030468750004 0.5086037578125 0.419293184375 0.49534375468749997 0.41501385625 0.48439757187500004 0.4186733046875
0 0.5984742921875 0.4626807234375 0.587488503125 0.4619015125 0.584040259375 0.45912897499999994 0.563923365625 0.453743228125 0.55593205625 0.45780305156249995 0.54832604375 0.47858426718749997 0.555715909375 0.48650150625000005 0.568408703125 0.49336395624999996 0.5974640499999999 0.4949955453125 0.605421125 0.5003296625 0.622583146875 0.5053150359374999 0.631181275 0.50311075 0.63527056875 0.49834488437499996 0.634471103125 0.48812865 0.6270812375 0.4802114109375 0.610219940625 0.46923750625 0.6109744328125 0.461182478125 0.5976009875 0.45741977343749995 0.5984742921875 0.4626807234375
0 0.6480839203125 0.42231966718749997 0.6433086015625 0.416352675 0.627320609375 0.410639721875 0.618115665625 0.41098846875 0.6122455265625 0.41462637812500003 0.5859524015625001 0.4050344703125 0.5717848562500001 0.40488813281249997 0.5714102953125 0.415831946875 0.6190735484375 0.43895934218750005 0.625210178125 0.4387268421875 0.6480839203125 0.42231966718749997
0 0.7793736874999999 0.41022912343750007 0.7712293296875 0.4103669109375 0.76323801875 0.4144267359375 0.7437279421875 0.41089652968749996 0.733842346875 0.4143450203125 0.733087853125 0.4224000484375 0.7444931765625 0.43050670625 0.7530174656249999 0.43325770312499995 0.7740418953125 0.43451045625000007 0.7768094859375 0.44038274062499994 0.788214809375 0.4484893953125 0.8052633874999999 0.45399139218749995 0.8135211874999999 0.45333697968750003 0.81727015625 0.450120984375 0.8161303609375 0.44145462343749997 0.800556534375 0.42923651406249996 0.795855053125 0.4183142390625 0.7878979765625 0.4129801203125 0.7793736874999999 0.41022912343750007
0 0.7149587375 0.46339006562499996 0.7015114515625 0.46458264375 0.6976886453125 0.472753921875 0.707806496875 0.482104784375 0.7251954015625001 0.48605690625 0.7325060578125 0.485096828125 0.746486321875 0.49071507187499996 0.771220115625 0.4843131734375 0.7761431140624999 0.48036959687499997 0.7765572796875 0.473864440625 0.7679933875 0.46667478281249997 0.755680525 0.46270111875 0.7434072671874999 0.463166115625 0.7356824468750001 0.4706313515625 0.727764971875 0.4697358921875 0.7149587375 0.46339006562499996
0 0.7009385671875 0.55033393125 0.7096897421875 0.55205168125 0.7356371703125 0.549360859375 0.7512002578125 0.5339137640625 0.7522212390624999 0.5292641484375 0.745665075 0.5221691984375 0.73619364375 0.5191125343749999 0.7228597999999999 0.5197884875 0.707597434375 0.5292470515625001 0.6972184640625 0.53032338125 0.6922954671875 0.53426695625 0.6903669453125 0.543049565625 0.7009385671875 0.55033393125
0 0.5863070890625 0.5411860515625 0.5932827890625 0.5556084453125 0.5860117359375 0.5610071859375 0.5849169187500001 0.5706120875 0.5886316515625001 0.576790034375 0.6023850296875 0.5834415296875 0.61560543125 0.5832822 0.6334427359375 0.5713352234375 0.6368117718749999 0.5652304421875 0.6232060734375 0.54866838125 0.6188449171875 0.536196234375 0.5991817937499999 0.528743990625 0.5884624953125 0.5313701921875 0.5863070890625 0.5411860515625
0 0.45333248125000003 0.5093365671875 0.46250318906250004 0.5183817625 0.46947888750000005 0.53280415625 0.4809976546875 0.540394190625 0.49365084374999996 0.54281798125 0.5000485921875 0.5321582921875 0.49674802187499995 0.5194751875 0.506480571875 0.5121046578125 0.5071954625 0.499610971875 0.49651039687500004 0.4928432296875 0.481962921875 0.4898081046875 0.46870828593749997 0.49936137656249996 0.45526100156249993 0.5005539546875 0.45333248125000003 0.5093365671875
0 0.4003388265625 0.5075372359375 0.40748569687499997 0.474989915625 0.3827069265625 0.463120553125 0.382326996875 0.46023176406250005 0.372589075 0.4537696890625 0.36038965625 0.449279403125 0.34466815156249997 0.44697185937499995 0.34531457187500003 0.4532660578125 0.333993828125 0.467869321875 0.33135041875 0.489145621875 0.36806211875 0.502099859375 0.4003388265625 0.5075372359375
0 0.2507083265625 0.4083501890625 0.2370737578125 0.41501467343750004 0.22843602812500002 0.4127803 0.2248850796875 0.43818959062499996 0.2280326015625 0.4469506609375 0.2383773390625 0.455268275 0.24890935625 0.4581139828125 0.2572805984375 0.45694294375 0.267047384375 0.440178475 0.27401771406250003 0.44076826718750006 0.27863461875 0.4289806203125 0.2804496953125 0.420714634375 0.275674375 0.4147476421875 0.2627546984375 0.40891844062500005 0.2507083265625 0.4083501890625
0 0.11166555625 0.3579453140625 0.10799579374999999 0.37003862656250003 0.1101619390625 0.387887975 0.1203932328125 0.3967222125 0.11691075468750001 0.40334361718749995 0.126308346875 0.411355565625 0.1414626390625 0.416246228125 0.16278779375000002 0.41151045 0.16888481718749998 0.4068392921875 0.172741859375 0.38927407187499996 0.16781349375000001 0.3793850453125 0.170008503125 0.374007846875 0.12393881250000001 0.35748031875 0.11613478125000001 0.3560682359375 0.11166555625 0.3579453140625
0 0.129709096875 0.477181540625 0.1391805296875 0.48023820468749995 0.1503932015625 0.479984165625 0.153081584375 0.47697913124999997 0.15470401250000002 0.46035244999999997 0.1443509140625 0.44113507187499995 0.1140507859375 0.42883483125 0.11218143124999999 0.4433619609375 0.13102543125 0.45271078906250006 0.120952553125 0.4616311890625 0.12197890468749999 0.47081417343750004 0.129709096875 0.477181540625
0 0.1956291890625 0.4956894046875 0.2072217921875 0.498324153125 0.21767997343749998 0.5061251421875 0.2801518203125 0.5218604671875 0.29333261718750003 0.5172624796874999 0.2931003625 0.504463125 0.2791200984375 0.49884488125 0.273964846875 0.48998910156250003 0.2543017265625 0.48253685781250005 0.249832496875 0.48441393593750004 0.21240053906249998 0.470120784375 0.21126611562500003 0.475287025 0.1987659734375 0.47678526874999994 0.1956291890625 0.4956894046875
0 0.3314480921875 0.5376808953125 0.3545198546875 0.5434670171875 0.3764968 0.558858040625 0.3860816734375 0.56139808125 0.39149804375 0.55982666875 0.39354000624999996 0.5505274328125 0.379593978125 0.5355152453125 0.3677348859375 0.5294750859375 0.3495122796875 0.524700671875 0.335645459375 0.518565803125 0.324092459375 0.5203697140625 0.3221639390625 0.5291523234375 0.3314480921875 0.5376808953125
0 0.4562783421875 0.5696681703124999 0.47155144687500006 0.5878748125000001 0.48568475624999996 0.5974150921875 0.49746464062499995 0.594577934375 0.500340303125 0.5861009890625 0.49757271249999996 0.5802287046875 0.48722797656249994 0.5719110921875 0.48260033281250003 0.5560335328125 0.4759307265625 0.549455209375 0.465739034375 0.5450596296875 0.452064865625 0.54728545625 0.450476671875 0.55451819375 0.4562783421875 0.5696681703124999
0 0.5479606296874999 0.5741715296875001 0.5426973046875 0.5796649781250001 0.5386529828125 0.60270210625 0.5429006953125 0.6156908765625 0.5762037531249999 0.6303112390625001 0.5831740828124999 0.63090103125 0.5908989046875 0.6234357953125 0.6087811828125 0.6297600812499999 0.614764765625 0.6256055484374999 0.6127174328125 0.6210721796875001 0.617600825 0.6126899453125 0.5921017984375 0.5994816671875001 0.5813771296875 0.588275265625 0.5858463578124999 0.5863981859375 0.5479606296874999 0.5741715296875001
0 0.6793450015625 0.63003934375 0.6747677000000001 0.6462656499999999 0.678595878125 0.6519269734375001 0.6942435421875001 0.6591897999999999 0.7079177125 0.6569639734375 0.71977680625 0.663004134375 0.72277128125 0.6678431703125 0.7266732953124999 0.6685492109375 0.7235996124999999 0.6548328578125 0.7156029312500001 0.6450600796875 0.7134763890625 0.6316493921874999 0.7055193125 0.6263152734374999 0.6909718375 0.6232801484375 0.6826005953125 0.6244511859374999 0.6793450015625 0.63003934375
0 0.5431416453125 0.672941028125 0.549204434375 0.6776638125 0.5693213265625 0.6830495609375 0.5727299671875 0.6813834375 0.61834051875 0.6861448593749999 0.6291336546874999 0.678563375 0.6303419171875 0.6684418515624999 0.612040103125 0.6547901171875 0.5852536046875 0.642826046875 0.5735871625 0.64514658125 0.5462045890625 0.6589921750000001 0.541508478125 0.661902503125 0.5431416453125 0.672941028125
0 0.42042719218749997 0.626699234375 0.4260362125 0.6334885171875 0.44486563593749995 0.64011846875 0.45619175 0.6393478078125 0.4605079296875 0.63354869375 0.468538846875 0.633927528125 0.48195189687499995 0.64212889375 0.49589255625 0.643308478125 0.5024433515625 0.6365708234375 0.4989555 0.6293596265625 0.4918321234375 0.6248478000000001 0.4529992515625 0.612315475 0.4227356453125 0.6208054125 0.42042719218749997 0.626699234375
0 0.312901265625 0.5759541625 0.32078450625 0.5862435640625 0.33253015625 0.5928003484375 0.34400931562500003 0.595951721875 0.3432548234375 0.60400675 0.3567417140625 0.6072528328125 0.3748904796875 0.616982528125 0.3887915359375 0.6137234546875 0.3881055109375 0.6029905984374999 0.36798325 0.5837722484375 0.3439247390625 0.5732418 0.3202857625 0.5700387984375 0.314529065625 0.5731600828125 0.312901265625 0.5759541625
0 0.19800158750000002 0.55878965625 0.19592001875 0.5636502328125 0.199180984375 0.5718946781249999 0.214108390625 0.5778185890625 0.245812515625 0.5720064828125 0.259906221875 0.5771081046875 0.2728997359375 0.577982021875 0.278389946875 0.5714553265625 0.27645605624999997 0.5664053328125 0.2669450203125 0.5589100109375 0.23618266718749997 0.5511951796875 0.225043834375 0.546493934375 0.2179600625 0.546420765625 0.20906121249999998 0.554613584375 0.19800158750000002 0.55878965625
0 0.0853257796875 0.5130214093750001 0.11745480781249999 0.5283693515625 0.14844404687499999 0.5350509328124999 0.15647496249999998 0.5354297671875 0.165299975 0.532192234375 0.16416017968750002 0.523525871875 0.1535885578125 0.51624150625 0.1371467984375 0.51259505 0.1308967265625 0.5133441703125 0.09914762656250001 0.500885015625 0.0842598234375 0.49939976406250003 0.0806639015625 0.50653779375 0.0853257796875 0.5130214093750001
0 0.1458113765625 0.5839924359374999 0.11959209062500001 0.5694452437499999 0.08693545312499999 0.56111908125 0.0823527828125 0.5635127843750001 0.0805377046875 0.5717787703125 0.08353218125 0.57661780625 0.0908824421875 0.5800963859375 0.088460546875 0.5865068328125 0.091001253125 0.5934123640625 0.095510084375 0.59597394375 0.0870650046875 0.6021002656250001 0.13554215625 0.62383061875 0.152877025 0.634957353125 0.1704928140625 0.6378762296875 0.1696141390625 0.6187826765625 0.1619128125 0.589188765625 0.1458113765625 0.5839924359374999
0 0.19341153125 0.639740315625 0.1966328921875 0.6435461046875 0.21758348593750002 0.649754140625 0.224247721875 0.6424998640624999 0.22496261093749997 0.630006175 0.23992425 0.62653614375 0.23980543906250001 0.613220165625 0.22722609062500002 0.605841090625 0.218361471875 0.6046399640625 0.20786905937500003 0.6062329171874999 0.19556156875 0.61609185625 0.1917783625 0.6287017921875 0.19341153125 0.639740315625
0 0.419541134375 0.6861626390625 0.41723268124999996 0.6920564609375 0.42000027187500005 0.69792874375 0.42818423437500003 0.7022296140625001 0.4389431359375 0.7040420734375 0.4569334875 0.696017134375 0.46178264531249996 0.6970288421874999 0.4695470734375 0.6940022640625 0.4668929234375 0.6876133578125 0.4712487078125 0.6862529015625001 0.4710956609375 0.6823308671875 0.4629117 0.678029996875 0.4454489578125 0.6790331578125001 0.43385635312500004 0.6763984078124999 0.419541134375 0.6861626390625
0 0.566654421875 0.74138500625 0.5878318984375001 0.7465597953125 0.5949895093750001 0.7416776796875 0.59551711875 0.7346559 0.5839698828125 0.7194956203125 0.5782309171875 0.7025219484375 0.5688333234375 0.69451 0.5565204609375 0.6905363359375001 0.547922334375 0.692740621875 0.5493339859375 0.7186449984375 0.5682822203125 0.738590928125 0.566654421875 0.74138500625
0 0.6944469343749999 0.6952157 0.6803928296875 0.6945527390625 0.6795248953125 0.703124390625 0.6887009734375 0.726002190625 0.6869993390625 0.7337515531250001 0.7103375921875 0.7429430859374999 0.7145799328125 0.7420992546875 0.726779353125 0.7465895437500001 0.72783456875 0.7325459828125 0.73457264375 0.7203364203125 0.731237840625 0.7170472578125 0.7333140375 0.6983540796875001 0.7217952734375 0.690764046875 0.7141046859375 0.6888353406250001 0.701831428125 0.6893003359375001 0.6944469343749999 0.6952157
0 0.777847228125 0.7832656859375 0.7636400812499999 0.7786806890625 0.7618196328125 0.7731140734374999 0.7468526203125 0.7627515015624999 0.7433647734375 0.75554030625 0.715143128125 0.75473100625 0.709692521875 0.7656963609375 0.7197761390624999 0.78444116875 0.718114109375 0.796629190625 0.710690009375 0.7981058937500001 0.7125104578125 0.803672509375 0.760780528125 0.828655440625 0.7765020296875 0.8309629828125 0.7920308828125 0.82490983125 0.784414134375 0.818025840625 0.7829340109375 0.8109093515625 0.7917536546874999 0.7938392140625 0.7867856843750001 0.779511528125 0.781936525 0.7784998187500001 0.777847228125 0.7832656859375
0 0.6698363921875 0.8546987156249999 0.6832098375 0.8584614203125 0.6919214078125 0.8557405109375 0.70028728125 0.8407368703125 0.7103997640624999 0.8362551296875 0.7112676984374999 0.8276834781250001 0.7017566625 0.8201881546875001 0.6902775015625 0.8170367828125 0.6595205187500001 0.8231545546874999 0.65664485625 0.8316315 0.66115905625 0.8480256828125 0.6698363921875 0.8546987156249999
0 0.56989189375 0.7866886 0.56057350625 0.7875539703125 0.55789049375 0.8043916109374999 0.562818859375 0.8142806359374999 0.5766856812500001 0.82041550625 0.5868377671875 0.8203724265625001 0.590660575 0.8122011484374999 0.5889535687499999 0.8061179078125 0.60330839375 0.8007923375000001 0.6059571734375 0.793348640625 0.597620165625 0.7851257375 0.584133275 0.7818796546875 0.5758754749999999 0.7825340671875 0.56989189375 0.7866886
0 0.4492697484375 0.7632514390625 0.445185821875 0.78184990625 0.45189503281250004 0.792866890625 0.46481471093750004 0.7986960921875 0.47072445468749996 0.79949684375 0.47860232500000005 0.7959536421875 0.4810584515625 0.780149253125 0.490337234375 0.7748452218749999 0.493212896875 0.7663682796875 0.4894981625 0.760190328125 0.48226134531250003 0.756195125 0.4717293265625 0.7533494187499999 0.4612369125 0.754942371875 0.4492697484375 0.7632514390625
0 0.8202885828125 0.93460073125 0.8117642953124999 0.931849734375 0.8003643421875 0.9375756796875001 0.790626421875 0.9311136046874999 0.7808146625 0.9296068125 0.7477384875 0.9139532031250001 0.7400928734375001 0.9302957562499999 0.736349275 0.947344353125 0.739684078125 0.9506335187499999 0.7499892109374999 0.954512471875 0.7580993328125001 0.9637686265625 0.7668505078125001 0.965486375 0.7774221296875 0.9727707421874999 0.793030190625 0.975594909375 0.8160965843750001 0.967548428125 0.8308709453124999 0.969550303125 0.838975696875 0.9649738546875 0.8416244781250001 0.957530159375 0.83707604375 0.9505299203125 0.8235495484375001 0.942845178125 0.8202885828125 0.93460073125
0 0.8154294109375 0.8901280921874999 0.7962938953124999 0.87565406875 0.7574610234375 0.8631217453125 0.7453012078125 0.86307011875 0.7429189187499999 0.8739192234375001 0.75053566875 0.8808032140625001 0.7525091625 0.890291865625 0.74876019375 0.8935078593749999 0.7536489578125 0.8989582281249999 0.7690697359375 0.9072543015625 0.7808892234375 0.908855803125 0.785057728125 0.9129672546875 0.8055545515625001 0.921241790625 0.812110715625 0.9283367390624999 0.820555796875 0.9222104171875 0.8253599812499999 0.9049508640624999 0.8246001187499999 0.8991732890625 0.8154294109375 0.8901280921874999
0 0.6247273156250001 0.9018669703125 0.635072053125 0.910184584375 0.6503397859375 0.914558625 0.6650745421875001 0.912121840625 0.7039470171875 0.9290928234375 0.713645334375 0.9311162390625001 0.7201961296875 0.9243785859375 0.722538815625 0.90909081875 0.718483753125 0.9044627421874999 0.7031421812499999 0.9050439875 0.6564656765625 0.886660921875 0.634760590625 0.8885079125 0.6257086937499999 0.8927786937500001 0.6247273156250001 0.9018669703125
0 0.5277364078125 0.8724300171875001 0.5435028859375 0.8930088234375001 0.5671814656249999 0.900650484375 0.572711278125 0.8985624453125001 0.5740725875 0.8923629562500001 0.5607676078125 0.8698123640625001 0.5648569046875 0.8650464984375 0.5628834109375 0.8555578468749999 0.5545464015625 0.8473349406249999 0.5413998390625 0.8425389859375001 0.5304536546875 0.8461984359375 0.524855375 0.8670743578125 0.5277364078125 0.8724300171875001