0 0.79934908125 0.0800011203125 0.802022784375 0.0755405953125 0.7999578671875 0.06746468125 0.7820755515625 0.05859491875 0.7704804296875001 0.0412164203125 0.7777736 0.035709740625 0.7803016687500001 0.02555176875 0.7742790312500001 0.008057371875 0.7695668875 0.0054778796875 0.753749490625 0.00468403125 0.7463371624999999 0.0055291624999999995 0.74177065625 0.00864711875 0.7403942046875 0.0275045984375 0.7316319046875 0.04824310625 0.7270653968749999 0.0513610625 0.7122010203125 0.051497473437499997 0.7074359171875 0.04684618125 0.695271728125 0.0435579703125 0.6895403640625 0.0374584703125 0.6755230906249999 0.0343815421875 0.66346481875 0.0352369296875 0.65585389375 0.0283128109375 0.6355097093750001 0.032190771875 0.6346890859375 0.0364400109375 0.644033934375 0.038491296875 0.65163161875 0.044897465625 0.6538024546875 0.0571169796875 0.6595602984375 0.0642523796875 0.6377999421875 0.0854339671875 0.6369660796875001 0.08916525625 0.63843545 0.1102955609375 0.64789945625 0.117008396875 0.6562912859375001 0.11812942343749999 0.7369003562499999 0.108938625 0.79934908125 0.0800011203125
0 0.2212009421875 0.1828014015625 0.22580716875 0.1812372953125 0.23697861874999998 0.1820413984375 0.2443379890625 0.17912446875000002 0.27227985781249997 0.18165267812500002 0.2752315984375 0.1880691015625 0.2977598578125 0.19692860625 0.318064321875 0.191496796875 0.3356686015625 0.1894896109375 0.35024170468750004 0.177958303125 0.36036745625 0.1742064984375 0.36075116875 0.1528649125 0.34490729375 0.151035165625 0.3429482921875 0.14710285 0.3336166828125 0.14556951406250002 0.33349752499999996 0.14090796562500002 0.3481235859375 0.13144845624999998 0.35335184062499997 0.1178658609375 0.3681102984375 0.1135858484375 0.367885221875 0.10478069999999999 0.322034559375 0.09234683125000001 0.3190166203125 0.0833406578125 0.3012137453125 0.0775785953125 0.29548238125 0.07147909531249999 0.2768191640625 0.06841242187499999 0.2694333140625 0.070293453125 0.261041484375 0.0691724265625 0.2556278765625 0.075503721875 0.23438363125 0.0805232234375 0.2268192859375 0.11177406406249998 0.21573389375000002 0.114336634375 0.19992973593750002 0.11406073593749999 0.185925703125 0.1115017578125 0.183066640625 0.1087109828125 0.17663381250000001 0.11152227343750001 0.1786192921875 0.11649048749999999 0.175019046875 0.121056653125 0.1649330125 0.12636230625 0.1641123890625 0.130611546875 0.1781296625 0.133688475 0.1849729234375 0.1469336328125 0.1972165515625 0.1533295421875 0.2074879421875 0.15527518906249999 0.2132457828125 0.16241058749999998 0.219797771875 0.1642608484375 0.21744181875000002 0.1811521671875 0.2212009421875 0.1828014015625
0 0.34256578437499996 0.3502551 0.353750475 0.351577153125 0.36480276875 0.3477197078125 0.3674897125 0.343777134375 0.3850675140625 0.3407340484375 0.3968345140625 0.3284837640625 0.3900442125 0.3173104046875 0.3760931375 0.3168232265625 0.36657617187499997 0.30803859375 0.3572313234375 0.30598730625 0.3535781171875 0.308481671875 0.33216175468750003 0.30676782343750003 0.3229360640625 0.3093780859375 0.313816290625 0.31613195 0.2907057234375 0.32084478125000004 0.2824330515625 0.3243853046875 0.2701629421875 0.3169534921875 0.2624858203125 0.3074396265625 0.2522144296875 0.30549398125 0.2289979453125 0.30606321406250003 0.22253863749999997 0.30783860625 0.20886559531249999 0.3182283734375 0.205463946875 0.330563784375 0.189699509375 0.3318417375 0.180685653125 0.3427391984375 0.1799577078125 0.35061408906249997 0.1745441 0.35694538593749997 0.1767149359375 0.3691649 0.196437090625 0.37730542968749997 0.1948090859375 0.386321859375 0.20150670625 0.39386957031250003 0.22578213281249998 0.398374190625 0.25265182343750003 0.39531059218750003 0.27572267031250003 0.389043909375 0.30512042968749997 0.3758223390625 0.3171257421875 0.372895153125 0.34256578437499996 0.3502551
0 0.7963703328125 0.32699722656249997 0.8176013375 0.3214597765625 0.8230943859375 0.318236178125 0.8410161796875 0.2922976578125 0.837759925 0.27396838749999997 0.8264163578125 0.266430934375 0.8096194609375 0.26367093124999996 0.8091825500000001 0.246578584375 0.8146093999999999 0.2407652375 0.8105060421875001 0.22564930625000001 0.770267584375 0.21465338906250003 0.75636946875 0.2162380078125 0.7361841625000001 0.22633136562499998 0.749552928125 0.2403908828125 0.7470248609375 0.2505488546875 0.7387257093749999 0.2530534765625 0.7090234375 0.2543622 0.6752972484375 0.24366269218749997 0.6659523984375 0.24161140468750003 0.6576267687499999 0.243080128125 0.6329941140625001 0.260952990625 0.6399432921875 0.278341746875 0.6374284625 0.28901766875 0.6310750734374999 0.2949366578125 0.62003601875 0.29931205312500003 0.6157078265625 0.31175310624999997 0.6075807921874999 0.32099107656250003 0.6088383281249999 0.33383418125 0.6201289375 0.339299834375 0.6285340046875 0.3409388109375 0.63864651875 0.3366690578125 0.64702510625 0.337272134375 0.651790209375 0.341923428125 0.67311389375 0.3400116265625 0.695125803125 0.328671084375 0.73398756875 0.32216235000000004 0.746257678125 0.329594159375 0.7694874015625001 0.329542875 0.7963703328125 0.32699722656249997
0 0.70618223125 0.6157971984375 0.72556015625 0.6104710328125 0.747572065625 0.599130490625 0.7602656046875 0.5867745656250001 0.7649380296875 0.5878002078125 0.7917415234375 0.5821468609375 0.8015495218750001 0.5659642593750001 0.7909868578125 0.5526237171874999 0.7824891109375 0.547359090625 0.7868570218750001 0.5364718859375001 0.7932898500000001 0.5336605984375 0.8100073078125 0.533312903125 0.8340576562500001 0.529012378125 0.84500403125 0.5210113328125 0.8465923203125 0.510441053125 0.8611124625000001 0.49683794375 0.8526279562499999 0.49209126875000003 0.8391665109374999 0.4744061015625 0.8241829765625001 0.4698809640625 0.816757409375 0.47020814531250005 0.796413225 0.47408610468749995 0.78354756875 0.4797086828125 0.7598679328125 0.4985118046875 0.731846625 0.4928758953125 0.7114097640625 0.49312820625000003 0.6855063328125001 0.49764001406249997 0.6661416499999999 0.5034841296875 0.6396823921875 0.5226041765625 0.6334084390625 0.5316308640625 0.6340042265625 0.5549386078125 0.64647293125 0.570139665625 0.6393783562500001 0.5834155937500001 0.6460494999999999 0.589927403125 0.647373234375 0.605360259375 0.6520721375 0.6074218015625 0.66041100625 0.6064710296875 0.6744018015625 0.6085120578125001 0.6792198625 0.61523515 0.6866983906249999 0.6169797671875 0.70150980625 0.61477155625 0.70618223125 0.6157971984375
0 0.180222546875 0.66390208125 0.1895276765625 0.6643995171875 0.2042199359375 0.657529759375 0.22273751718749998 0.65489898125 0.243902325 0.64677178125 0.2606859828125 0.6490138359375 0.29216189843749996 0.6443861296875 0.3414936484375 0.6475922890625 0.35874045625 0.6316004562499999 0.3631613265625 0.62278505 0.3742401 0.6199635046874999 0.38059349062500003 0.6140445156250001 0.3814141125 0.609795275 0.37670196875 0.6072157828125 0.3746238109375 0.5986219187499999 0.363346440625 0.5936742171875 0.3594946421875 0.5883993328125 0.3583562640625 0.5802177765625001 0.30927606875 0.586852665625 0.299653184375 0.5739244328125 0.2687066171875 0.5629080015625 0.268441821875 0.552549003125 0.258977815625 0.5458361703125 0.24023515781250002 0.5396617984375001 0.21790549375 0.5385715421875 0.1948081671875 0.5438023234375 0.17380223749999998 0.5581449218750001 0.1663634296875 0.5579541531250001 0.15167116875 0.5648239140625 0.14170429375 0.5747911171875 0.14011600625 0.585361396875 0.150546271875 0.5935224406249999 0.166535784375 0.601049634375 0.1818634328125 0.600860403125 0.1917774703125 0.6070024671875001 0.1819694703125 0.6231850671875 0.175523403125 0.6254784046874999 0.1783824640625 0.6282691812500001 0.1563970328125 0.640645621875 0.15283650625 0.646765634375 0.15295566562500001 0.6514271828125 0.180222546875 0.66390208125
0 0.250535671875 0.9426268015625 0.2821307484375 0.9426606453125 0.295949425 0.9379683265625 0.3150625546875 0.9222831609375 0.32800764843749997 0.91976828125 0.32837812187500004 0.8979087453125001 0.327372140625 0.8949066875 0.3217599375 0.8934687359375 0.3286691546875 0.8729415093749999 0.322924553125 0.8663240609375 0.3533944890625 0.858694296875 0.3633216453125 0.84717324375 0.36494965156250003 0.8381568140625 0.3495821671875 0.8186111296874999 0.33180576875 0.81388496875 0.335498453125 0.7765823203125 0.324340240625 0.776296165625 0.2678874359375 0.7853300390625 0.1520433265625 0.79749930625 0.148429840625 0.8015475203125 0.146272484375 0.8262080890625001 0.138171928125 0.8364819593749999 0.1335392234375 0.8370101671875 0.128985959375 0.840646071875 0.1304420875 0.8612584249999999 0.1390192703125 0.8696307515624999 0.1539233671875 0.8710481874999999 0.16467138750000002 0.8916400281250001 0.1798137984375 0.9023805640625 0.194810571875 0.9074236515624999 0.20150819687500002 0.9149713593750001 0.199813990625 0.921398040625 0.21498287968750002 0.933174478125 0.2289339546875 0.9336616546875 0.233712296875 0.9388308984375 0.250535671875 0.9426268015625
0 0.6563206953125 0.8584399109374999 0.689927728125 0.8644778687500001 0.7021316390625 0.8693199296874999 0.7150899734375 0.8673230015625 0.7334619171875 0.8589947765625 0.7464732109375001 0.859069646875 0.7597625406249999 0.8700214656249999 0.772919471875 0.8757937859375 0.78783680625 0.877729171875 0.7979758 0.87449531875 0.8137667171875 0.8742532640625 0.82849869375 0.8689373546875 0.8357389078124999 0.861358875 0.8373404343749999 0.85130654375 0.8418539812500001 0.8461167890624999 0.8511326328125 0.845578325 0.8718740078125 0.8572388625 0.881165896875 0.8572183499999999 0.8868045812500001 0.8596921999999999 0.8951302125 0.8582234765625 0.9061163078125001 0.8517762828125001 0.9078105125 0.845349603125 0.8973405281250001 0.835634709375 0.907148525 0.8194521078125 0.8966785406250001 0.8097372140625 0.8992198484375 0.8000971921875 0.8750503421875001 0.79973616875 0.8580151296875 0.787653065625 0.8357649046875 0.7896705093749999 0.8273201171875 0.7864776828125 0.8218138296875 0.7891833312500001 0.8096496390624999 0.78589511875 0.8056786812500001 0.7759586859375001 0.7933291328125 0.7654191765625 0.7222103046874999 0.7459965765625001 0.7155126828125 0.7384488671875 0.67748478125 0.7412263125 0.6719784921875 0.7439319609374999 0.6675046640625 0.750675565625 0.6610718359375001 0.753486853125 0.656611246875 0.7607484078125 0.660449809375 0.76550534375 0.66790185625 0.7662140625 0.6754730609374999 0.7715843296875 0.6654664671875 0.77999768125 0.6583321734375 0.791719759375 0.6603441328125 0.7977238765625 0.6541098984375 0.8083044140625001 0.647716790625 0.8126695515625 0.6478359484375 0.8173311015625 0.6341231890625 0.8261670203125 0.6362940234375001 0.8383865343749999 0.6563206953125 0.8584399109374999
0 0.6563206953125 0.8584399109374999 0.689927728125 0.8644778687500001 0.7021316390625 0.8693199296874999 0.7150899734375 0.8673230015625 0.7334619171875 0.8589947765625 0.7464732109375001 0.859069646875 0.7597625406249999 0.8700214656249999 0.772919471875 0.8757937859375 0.78783680625 0.877729171875 0.7979758 0.87449531875 0.8137667171875 0.8742532640625 0.82849869375 0.8689373546875 0.8357389078124999 0.861358875 0.8373404343749999 0.85130654375 0.8418539812500001 0.8461167890624999 0.8511326328125 0.845578325 0.8718740078125 0.8572388625 0.881165896875 0.8572183499999999 0.8868045812500001 0.8596921999999999 0.8951302125 0.8582234765625 0.9061163078125001 0.8517762828125001 0.9078105125 0.845349603125 0.8973405281250001 0.835634709375 0.907148525 0.8194521078125 0.8966785406250001 0.8097372140625 0.8992198484375 0.8000971921875 0.8750503421875001 0.79973616875 0.8580151296875 0.787653065625 0.8357649046875 0.7896705093749999 0.8273201171875 0.7864776828125 0.8218138296875 0.7891833312500001 0.8096496390624999 0.78589511875 0.8056786812500001 0.7759586859375001 0.7933291328125 0.7654191765625 0.7222103046874999 0.7459965765625001 0.7155126828125 0.7384488671875 0.67748478125 0.7412263125 0.6719784921875 0.7439319609374999 0.6675046640625 0.750675565625 0.6610718359375001 0.753486853125 0.656611246875 0.7607484078125 0.660449809375 0.76550534375 0.66790185625 0.7662140625 0.6754730609374999 0.7715843296875 0.6654664671875 0.77999768125 0.6583321734375 0.791719759375 0.6603441328125 0.7977238765625 0.6541098984375 0.8083044140625001 0.647716790625 0.8126695515625 0.6478359484375 0.8173311015625 0.6341231890625 0.8261670203125 0.6362940234375001 0.8383865343749999 0.6563206953125 0.8584399109374999
0 0.250535671875 0.9426268015625 0.2821307484375 0.9426606453125 0.295949425 0.9379683265625 0.3150625546875 0.9222831609375 0.32800764843749997 0.91976828125 0.32837812187500004 0.8979087453125001 0.327372140625 0.8949066875 0.3217599375 0.8934687359375 0.3286691546875 0.8729415093749999 0.322924553125 0.8663240609375 0.3533944890625 0.858694296875 0.3633216453125 0.84717324375 0.36494965156250003 0.8381568140625 0.3495821671875 0.8186111296874999 0.33180576875 0.81388496875 0.335498453125 0.7765823203125 0.324340240625 0.776296165625 0.2678874359375 0.7853300390625 0.1520433265625 0.79749930625 0.148429840625 0.8015475203125 0.146272484375 0.8262080890625001 0.138171928125 0.8364819593749999 0.1335392234375 0.8370101671875 0.128985959375 0.840646071875 0.1304420875 0.8612584249999999 0.1390192703125 0.8696307515624999 0.1539233671875 0.8710481874999999 0.16467138750000002 0.8916400281250001 0.1798137984375 0.9023805640625 0.194810571875 0.9074236515624999 0.20150819687500002 0.9149713593750001 0.199813990625 0.921398040625 0.21498287968750002 0.933174478125 0.2289339546875 0.9336616546875 0.233712296875 0.9388308984375 0.250535671875 0.9426268015625
0 0.180222546875 0.66390208125 0.1895276765625 0.6643995171875 0.2042199359375 0.657529759375 0.22273751718749998 0.65489898125 0.243902325 0.64677178125 0.2606859828125 0.6490138359375 0.29216189843749996 0.6443861296875 0.3414936484375 0.6475922890625 0.35874045625 0.6316004562499999 0.3631613265625 0.62278505 0.3742401 0.6199635046874999 0.38059349062500003 0.6140445156250001 0.3814141125 0.609795275 0.37670196875 0.6072157828125 0.3746238109375 0.5986219187499999 0.363346440625 0.5936742171875 0.3594946421875 0.5883993328125 0.3583562640625 0.5802177765625001 0.30927606875 0.586852665625 0.299653184375 0.5739244328125 0.2687066171875 0.5629080015625 0.268441821875 0.552549003125 0.258977815625 0.5458361703125 0.24023515781250002 0.5396617984375001 0.21790549375 0.5385715421875 0.1948081671875 0.5438023234375 0.17380223749999998 0.5581449218750001 0.1663634296875 0.5579541531250001 0.15167116875 0.5648239140625 0.14170429375 0.5747911171875 0.14011600625 0.585361396875 0.150546271875 0.5935224406249999 0.166535784375 0.601049634375 0.1818634328125 0.600860403125 0.1917774703125 0.6070024671875001 0.1819694703125 0.6231850671875 0.175523403125 0.6254784046874999 0.1783824640625 0.6282691812500001 0.1563970328125 0.640645621875 0.15283650625 0.646765634375 0.15295566562500001 0.6514271828125 0.180222546875 0.66390208125
0 0.70618223125 0.6157971984375 0.72556015625 0.6104710328125 0.747572065625 0.599130490625 0.7602656046875 0.5867745656250001 0.7649380296875 0.5878002078125 0.7917415234375 0.5821468609375 0.8015495218750001 0.5659642593750001 0.7909868578125 0.5526237171874999 0.7824891109375 0.547359090625 0.7868570218750001 0.5364718859375001 0.7932898500000001 0.5336605984375 0.8100073078125 0.533312903125 0.8340576562500001 0.529012378125 0.84500403125 0.5210113328125 0.8465923203125 0.510441053125 0.8611124625000001 0.49683794375 0.8526279562499999 0.49209126875000003 0.8391665109374999 0.4744061015625 0.8241829765625001 0.4698809640625 0.816757409375 0.47020814531250005 0.796413225 0.47408610468749995 0.78354756875 0.4797086828125 0.7598679328125 0.4985118046875 0.731846625 0.4928758953125 0.7114097640625 0.49312820625000003 0.6855063328125001 0.49764001406249997 0.6661416499999999 0.5034841296875 0.6396823921875 0.5226041765625 0.6334084390625 0.5316308640625 0.6340042265625 0.5549386078125 0.64647293125 0.570139665625 0.6393783562500001 0.5834155937500001 0.6460494999999999 0.589927403125 0.647373234375 0.605360259375 0.6520721375 0.6074218015625 0.66041100625 0.6064710296875 0.6744018015625 0.6085120578125001 0.6792198625 0.61523515 0.6866983906249999 0.6169797671875 0.70150980625 0.61477155625 0.70618223125 0.6157971984375
0 0.7963703328125 0.32699722656249997 0.8176013375 0.3214597765625 0.8230943859375 0.318236178125 0.8410161796875 0.2922976578125 0.837759925 0.27396838749999997 0.8264163578125 0.266430934375 0.8096194609375 0.26367093124999996 0.8091825500000001 0.246578584375 0.8146093999999999 0.2407652375 0.8105060421875001 0.22564930625000001 0.770267584375 0.21465338906250003 0.75636946875 0.2162380078125 0.7361841625000001 0.22633136562499998 0.749552928125 0.2403908828125 0.7470248609375 0.2505488546875 0.7387257093749999 0.2530534765625 0.7090234375 0.2543622 0.6752972484375 0.24366269218749997 0.6659523984375 0.24161140468750003 0.6576267687499999 0.243080128125 0.6329941140625001 0.260952990625 0.6399432921875 0.278341746875 0.6374284625 0.28901766875 0.6310750734374999 0.2949366578125 0.62003601875 0.29931205312500003 0.6157078265625 0.31175310624999997 0.6075807921874999 0.32099107656250003 0.6088383281249999 0.33383418125 0.6201289375 0.339299834375 0.6285340046875 0.3409388109375 0.63864651875 0.3366690578125 0.64702510625 0.337272134375 0.651790209375 0.341923428125 0.67311389375 0.3400116265625 0.695125803125 0.328671084375 0.73398756875 0.32216235000000004 0.746257678125 0.329594159375 0.7694874015625001 0.329542875 0.7963703328125 0.32699722656249997
0 0.34256578437499996 0.3502551 0.353750475 0.351577153125 0.36480276875 0.3477197078125 0.3674897125 0.343777134375 0.3850675140625 0.3407340484375 0.3968345140625 0.3284837640625 0.3900442125 0.3173104046875 0.3760931375 0.3168232265625 0.36657617187499997 0.30803859375 0.3572313234375 0.30598730625 0.3535781171875 0.308481671875 0.33216175468750003 0.30676782343750003 0.3229360640625 0.3093780859375 0.313816290625 0.31613195 0.2907057234375 0.32084478125000004 0.2824330515625 0.3243853046875 0.2701629421875 0.3169534921875 0.2624858203125 0.3074396265625 0.2522144296875 0.30549398125 0.2289979453125 0.30606321406250003 0.22253863749999997 0.30783860625 0.20886559531249999 0.3182283734375 0.205463946875 0.330563784375 0.189699509375 0.3318417375 0.180685653125 0.3427391984375 0.1799577078125 0.35061408906249997 0.1745441 0.35694538593749997 0.1767149359375 0.3691649 0.196437090625 0.37730542968749997 0.1948090859375 0.386321859375 0.20150670625 0.39386957031250003 0.22578213281249998 0.398374190625 0.25265182343750003 0.39531059218750003 0.27572267031250003 0.389043909375 0.30512042968749997 0.3758223390625 0.3171257421875 0.372895153125 0.34256578437499996 0.3502551
0 0.2212009421875 0.1828014015625 0.22580716875 0.1812372953125 0.23697861874999998 0.1820413984375 0.2443379890625 0.17912446875000002 0.27227985781249997 0.18165267812500002 0.2752315984375 0.1880691015625 0.2977598578125 0.19692860625 0.318064321875 0.191496796875 0.3356686015625 0.1894896109375 0.35024170468750004 0.177958303125 0.36036745625 0.1742064984375 0.36075116875 0.1528649125 0.34490729375 0.151035165625 0.3429482921875 0.14710285 0.3336166828125 0.14556951406250002 0.33349752499999996 0.14090796562500002 0.3481235859375 0.13144845624999998 0.35335184062499997 0.1178658609375 0.3681102984375 0.1135858484375 0.367885221875 0.10478069999999999 0.322034559375 0.09234683125000001 0.3190166203125 0.0833406578125 0.3012137453125 0.0775785953125 0.29548238125 0.07147909531249999 0.2768191640625 0.06841242187499999 0.2694333140625 0.070293453125 0.261041484375 0.0691724265625 0.2556278765625 0.075503721875 0.23438363125 0.0805232234375 0.2268192859375 0.11177406406249998 0.21573389375000002 0.114336634375 0.19992973593750002 0.11406073593749999 0.185925703125 0.1115017578125 0.183066640625 0.1087109828125 0.17663381250000001 0.11152227343750001 0.1786192921875 0.11649048749999999 0.175019046875 0.121056653125 0.1649330125 0.12636230625 0.1641123890625 0.130611546875 0.1781296625 0.133688475 0.1849729234375 0.1469336328125 0.1972165515625 0.1533295421875 0.2074879421875 0.15527518906249999 0.2132457828125 0.16241058749999998 0.219797771875 0.1642608484375 0.21744181875000002 0.1811521671875 0.2212009421875 0.1828014015625
0 0.79934908125 0.0800011203125 0.802022784375 0.0755405953125 0.7999578671875 0.06746468125 0.7820755515625 0.05859491875 0.7704804296875001 0.0412164203125 0.7777736 0.035709740625 0.7803016687500001 0.02555176875 0.7742790312500001 0.008057371875 0.7695668875 0.0054778796875 0.753749490625 0.00468403125 0.7463371624999999 0.0055291624999999995 0.74177065625 0.00864711875 0.7403942046875 0.0275045984375 0.7316319046875 0.04824310625 0.7270653968749999 0.0513610625 0.7122010203125 0.051497473437499997 0.7074359171875 0.04684618125 0.695271728125 0.0435579703125 0.6895403640625 0.0374584703125 0.6755230906249999 0.0343815421875 0.66346481875 0.0352369296875 0.65585389375 0.0283128109375 0.6355097093750001 0.032190771875 0.6346890859375 0.0364400109375 0.644033934375 0.038491296875 0.65163161875 0.044897465625 0.6538024546875 0.0571169796875 0.6595602984375 0.0642523796875 0.6377999421875 0.0854339671875 0.6369660796875001 0.08916525625 0.63843545 0.1102955609375 0.64789945625 0.117008396875 0.6562912859375001 0.11812942343749999 0.7369003562499999 0.108938625 0.79934908125 0.0800011203125