0 0.15086696093750002 0.9489563203125 0.161723190625 0.9531703453124999 0.16682168749999998 0.9464509234375 0.1696649984375 0.93120744375 0.1667379234375 0.912924234375 0.13323251875 0.9270638421875 0.1308848375 0.9333512984375 0.12490023125000001 0.9352775375 0.1160304359375 0.9356839125 0.112607734375 0.926356721875 0.1151949421875 0.8993158703124999 0.11912592656250001 0.8917933171874999 0.12101594062500001 0.8707807390625 0.1275633625 0.86087439375 0.1387136484375 0.8532046484375 0.1456895109375 0.8333663625 0.1558738515625 0.8278212328125001 0.15528180625000002 0.8111442796875 0.1514014359375 0.7870919749999999 0.143228834375 0.78147006875 0.1359004546875 0.7638780046875 0.1141626921875 0.7712373859375 0.106514946875 0.7813165234375 0.09971142656250001 0.7794254921875 0.0950959015625 0.78508260625 0.0881200421875 0.8049208890624999 0.0744205046875 0.815950346875 0.07164438281249999 0.83216974375 0.06723042343749999 0.8407546015625 0.05891079375 0.8410745828125 0.048483003125 0.8269286203125 0.0356822234375 0.8348575468749999 0.027509621875 0.82923564375 0.015463046875 0.8434499703125 0.029614353125 0.95047201875 0.0398138859375 0.9594899218749999 0.0464158421875 0.9584532093749999 0.0580783359375 0.9743782109374999 0.06921365 0.9983161765625 0.084848353125 0.9980845515625001 0.1148123078125 0.966455640625 0.15086696093750002 0.9489563203125
0 0.36103799531249997 0.9726242734375001 0.367707140625 0.9725634718749999 0.3771144453125 0.9799644203125 0.37986526249999997 0.9795324546874999 0.383044515625 0.969168553125 0.39616858125 0.9740129171874999 0.3998980015625 0.9635626187499999 0.398877515625 0.9568176078124999 0.39207399375 0.954926578125 0.3899658390625 0.940460634375 0.38544280937500003 0.9313062359375 0.3772449 0.9414717609375 0.3685094828125 0.9438299640625001 0.3590602953125 0.919665671875 0.3584137140625 0.8941190906250001 0.3521730078125 0.8842479546875 0.3461212171875 0.885198278125 0.3408756890625 0.897859584375 0.32761724375 0.8910633890625 0.3234048515625 0.90257599375 0.29192383906249997 0.8976548531249999 0.28196636875 0.8903402984375001 0.26531444843749996 0.8988739734375001 0.26240395156249996 0.9131415390625 0.2561252859375 0.926951546875 0.24160682968749997 0.9341637374999999 0.23475269375000002 0.9638475671875 0.2243249046875 0.9497016046875 0.20734969374999998 0.945461990625 0.186363659375 0.955662728125 0.1787831046875 0.966717775 0.1773760625 0.9866680453125 0.173539909375 0.9967706015625 0.34128090312500003 0.9942855500000001 0.342722934375 0.9893108453125 0.36103799531249997 0.9726242734375001
0 0.50609475 0.6563208281249999 0.5038395640625 0.6477967703124999 0.4980019890625 0.6437811265625 0.4953855515625 0.646164921875 0.49419273124999996 0.6611492218749999 0.48625092499999994 0.6831121234374999 0.47880474531250006 0.696119 0.46717147968750006 0.704851053125 0.44791577499999996 0.7078748140625 0.4455262125 0.697398925 0.4465720015625 0.6883565093749999 0.4363331265625 0.685032009375 0.4302267984375 0.6771127031249999 0.42017683437500003 0.6846096609375001 0.39513809375000003 0.692487403125 0.3896238109375 0.7012450484375 0.390148665625 0.7169460859375001 0.3962549921875 0.7248653921875 0.39822877343749996 0.73737950625 0.3887835046875 0.7536597 0.3891194484375 0.7585392765625001 0.40295728906250006 0.7899061390625 0.4096936203125 0.7908212515625 0.4334470453125 0.8127393265625 0.4401580734375 0.8294418703125 0.4407627703125 0.83822510625 0.44605018125000007 0.8423271437500001 0.45595311406250005 0.8407720703124999 0.46600307656249995 0.8332751078125 0.47595662499999997 0.8001451749999999 0.481391065625 0.798305328125 0.4853600078125 0.7671016328125 0.4933563515625 0.7540083609375 0.5028561515625001 0.7465977953125 0.5100754609375 0.7464506015625 0.5142625453125 0.750725425 0.5222462343750001 0.7455258671875 0.5269416 0.7329509562500001 0.5238801468750001 0.712715915625 0.5194243078125 0.704537428125 0.5100715359375 0.7060061109375 0.49722887812499994 0.6971716906250001 0.4978715359375 0.682273784375 0.50400316875 0.6744056609375 0.5037470671875 0.662608284375 0.50609475 0.6563208281249999
0 0.3048489875 0.6168972593750001 0.3001915828125 0.605791028125 0.273086565625 0.615966171875 0.262511746875 0.6077620953125 0.252045996875 0.6172972796875 0.23719159531249998 0.6196298921875 0.2364145609375 0.63257596875 0.2416221296875 0.6435958046875 0.240857746875 0.6486481703125 0.238094278125 0.65697385 0.23072793906250003 0.66306293125 0.224314896875 0.67492110625 0.2279391640625 0.6871760390625 0.2282624546875 0.6999493296875 0.23828711249999998 0.7082397968749999 0.24287732812499999 0.718370115625 0.2380349328125 0.7368869124999999 0.242465465625 0.7608528265625 0.2509740109375 0.77135430625 0.26094413437499997 0.7707751484375 0.30673811406249996 0.7251118625 0.303718546875 0.72164016875 0.30496590156250003 0.7155254984375 0.319199028125 0.6718588734375001 0.3254650421875 0.6659425796875 0.337220028125 0.667056071875 0.3410166328125 0.657581690625 0.3437255671875 0.6403863796875 0.342020540625 0.6317759281249999 0.33921519375 0.6233382640625 0.32590220937500003 0.6076724375 0.32150090625 0.6083635828125 0.3173430515625 0.6287458171875 0.3136262875 0.6313024 0.306138225 0.6275459328124999 0.3048489875 0.6168972593750001
0 0.543347034375 0.535054515625 0.54101200625 0.5334482578124999 0.537429621875 0.537956671875 0.5353380390625 0.5560415015625 0.5384666796875 0.57725245625 0.5453247375 0.5880131171875 0.5590661578125 0.59374700625 0.562824803125 0.6079537671875 0.5582764671875 0.6145867968750001 0.5622493328125 0.623827590625 0.5604518125 0.6300286546875 0.568263165625 0.6465584109375 0.5776032828125001 0.65298344375 0.5912901671874999 0.6498477015625 0.6103696125 0.62810876875 0.6061825265625 0.6238339453124999 0.605443453125 0.6130988765625001 0.6013907453125 0.6107758828125001 0.6009876140625 0.6049203921874999 0.6084464453125 0.5840198 0.6186979765625 0.5794505859375 0.6349467625 0.5650614171874999 0.6368620828125 0.5282614109375 0.6275219671875 0.5218363781249999 0.613650090625 0.554595146875 0.60483483125 0.5638711515625 0.5841555125 0.554294403125 0.5823414171875 0.5279446937500001 0.5773480703125 0.5119588859374999 0.5564418765625 0.515241821875 0.543347034375 0.535054515625
0 0.717243446875 0.6941893203125 0.7114730640625 0.6911495921874999 0.70571533125 0.680216146875 0.7004026140625 0.6919015374999999 0.6894665453125 0.6946053156249999 0.6875346484375 0.6988545453125 0.6856446328125 0.719867125 0.6795801859374999 0.7287111656249999 0.6828558578124999 0.7439802375 0.6814614703124999 0.756036790625 0.6758799984375 0.7638185203125001 0.67735815 0.7852886546875 0.666959590625 0.7957997515625 0.6551374109375 0.7937103484375 0.642550853125 0.7966733031250001 0.6354532703125 0.8066660421874999 0.6349576421875 0.8156220671875 0.641345378125 0.81955131875 0.64401635 0.8260371531249999 0.6572874515625 0.8249396359375 0.666493190625 0.8294128359374999 0.670881840625 0.83661540625 0.663343165625 0.8644337984374999 0.6653042921875 0.884841625 0.677878196875 0.8897723843750001 0.6930977703125001 0.9169764078125 0.6929507390625 0.9229182937499999 0.69705798125 0.9341109171875001 0.701245065625 0.938385740625 0.7136174046875 0.9403887546874999 0.7237345578125 0.9338677109375 0.7212778046875 0.92241590625 0.729807734375 0.8766854671875001 0.7290939671875 0.85016296875 0.732164146875 0.8220598062500001 0.7513653171875 0.8101664187500001 0.7520332828125 0.7794810812499999 0.757883509375 0.7756030125 0.7602311921875 0.76931555625 0.7583917890625 0.758753275 0.747615403125 0.7476214515625 0.7448772406249999 0.740159703125 0.7485394703125 0.728733490625 0.7517060718749999 0.726263303125 0.7526174828125 0.7152690546875 0.7452764515625 0.70557070625 0.74134546875 0.7130932546875 0.7379101140625 0.711659784375 0.731614871875 0.6929190171874999 0.726676059375 0.6858028421875 0.7226778890625 0.6923494765625 0.717243446875 0.6941893203125
0 0.4087966359375 0.5354674203124999 0.399021753125 0.542921184375 0.388239040625 0.53573621875 0.38721855625 0.5289912046875 0.3816497390625 0.5288792203125 0.37787843906249996 0.522566171875 0.37279259531250003 0.5213918796875 0.363910146875 0.5296919671875 0.35614067656250004 0.52992555625 0.3557122359375 0.53985749375 0.347031353125 0.5510853296875 0.34640134843750003 0.558089521875 0.3545739484375 0.5637114265625 0.3586393109375 0.5581407046875 0.3662744046875 0.5559552859375 0.3700457015625 0.562268334375 0.37058321250000004 0.5700756546875 0.38980095625 0.59073304375 0.397049490625 0.6152429078125 0.40350441562499995 0.6201480765625 0.41499065156250003 0.61735790625 0.439651565625 0.5878372421875 0.4396642203125 0.579943525 0.43272632031249997 0.57610066875 0.42950518437499996 0.569701228125 0.43523368749999997 0.5559776125 0.45031495781249997 0.5407853140625 0.449911828125 0.5349298234375001 0.44504020312500003 0.5287895625 0.4418736015625 0.53125975 0.43666603437499996 0.5202399125 0.436477121875 0.509418453125 0.44322610625000003 0.50243985 0.4438561109375 0.4954356578125 0.43816557031250003 0.48547812968750004 0.4247727453125 0.47673010156249995 0.41156883593750004 0.478803534375 0.40590752343750003 0.493503065625 0.4100147640625 0.504695690625 0.40690269843750004 0.5160355078125 0.4087966359375 0.5354674203124999
0 0.338364009375 0.42519226562499995 0.34229499375 0.41766971562500005 0.353781225 0.41487954531250004 0.3589469125 0.4091360375 0.3673882703125 0.418661603125 0.36957626875 0.426209746875 0.367980315625 0.43533855312499997 0.3521473125 0.44768949999999996 0.35048416875 0.4558423921875 0.3609538421875 0.48675169843750005 0.3668586046875 0.4917432578125 0.37125990937500003 0.4910521140625 0.3822086328125 0.48045462343749995 0.39967946875 0.47573821406250005 0.4049921875 0.4640528234375 0.41394182500000004 0.45672864999999996 0.42342897187500006 0.45721179687499997 0.42454194999999995 0.4491452984375 0.41201865625 0.41263968125000006 0.403081671875 0.41207013750000004 0.3831287765625 0.421122175 0.374620228125 0.41062069218749997 0.37066001875 0.393486184375 0.35952238125 0.39326221562499997 0.329561403125 0.42657455468750005 0.338364009375 0.42519226562499995
0 0.1284705140625 0.4620980796875 0.1198149390625 0.457538484375 0.0986945265625 0.46578739062499996 0.09627965468750001 0.47109893124999996 0.10720307031250001 0.4762888703125 0.14319838125 0.538702615625 0.1427027546875 0.5476586375 0.145991075 0.5550339953125001 0.1579349796875 0.56696894375 0.1725878125 0.5617085875 0.19125147343749999 0.542007878125 0.19853796875000002 0.5428365984375 0.2055975921875 0.5565250015625 0.2089657578125 0.5569825609375 0.2120106328125 0.5446668265625 0.2126114109375 0.5130055734375001 0.20037344687499997 0.512954390625 0.19220084531249998 0.5073324875 0.19435961562499998 0.4902235703125 0.1908950296875 0.464133040625 0.1834868109375 0.453458771875 0.17263058125 0.4492447515625 0.1637354796875 0.4654385546875 0.16171108750000002 0.4844993015625 0.1549621 0.491477903125 0.13586608125 0.48066606093750003 0.1284705140625 0.4620980796875
0 0.1348826703125 0.5794670843749999 0.1264413140625 0.5699415218749999 0.1132500578125 0.5641212390625 0.10938626250000001 0.57261970625 0.10529559375 0.59397785625 0.099310990625 0.5959040953125 0.09626611406249999 0.608219828125 0.0888325890625 0.6133329921875 0.081478903125 0.6115283578125 0.07438132187499999 0.621521096875 0.07291974531249999 0.6326017375 0.07882450468749999 0.6375932984375 0.0854264625 0.63655658125 0.09515705625000001 0.6567308203125 0.1062820421875 0.6648485015625 0.10983912031250001 0.6761275203125 0.1034260765625 0.6879856984375 0.091469521875 0.6839444593749999 0.0901549765625 0.689083215625 0.0821712859375 0.694282771875 0.08657259218749999 0.6935916265625 0.099965415625 0.70233965625 0.103106709375 0.715656896875 0.10804552187500001 0.7227730734375 0.114164503125 0.7227986640624999 0.1231813296875 0.716450403125 0.1494927359375 0.6866705640624999 0.16711060312499998 0.6760122703125 0.16690903906250001 0.6730845249999999 0.1753757 0.666822659375 0.1758041390625 0.6568907203125 0.173065978125 0.6494289734375001 0.1761653890625 0.64598286875 0.17620335 0.6223017234375 0.17951698124999999 0.613889653125 0.17877790625 0.6031545828125 0.1743892546875 0.5959520125 0.161197996875 0.59013173125 0.1593878234375 0.6042265109375 0.1567713859375 0.6066103046875 0.1496991109375 0.600815615625 0.1409344625 0.578516759375 0.1348826703125 0.5794670843749999
0 0 0.671253853125 0.00448444375 0.672500296875 0.0384981328125 0.6415109515624999 0.03605403125 0.6221654328125 0.0617860453125 0.5678149234375 0.052513115624999995 0.56236580625 0.0501362046875 0.5439962031250001 0.0402206171875 0.5534449953125 0.0244801109375 0.5509844234375 0.01020118125 0.537443215625 0 0.544460115625 0 0.671253853125
0 0.617960675 0.310261153125 0.620203209375 0.326678925 0.6160580062500001 0.3391674453125 0.6174270875000001 0.34289831875 0.6051843156250001 0.43162982968749997 0.5993340875000001 0.4355078984375 0.592946353125 0.43157864687499997 0.5917661843750001 0.43866923281250003 0.60240819375 0.44784922656250004 0.608636246875 0.4656140765625 0.61776214375 0.47700507812500004 0.618085434375 0.48977837031250004 0.6241119203125 0.504615475 0.624813034375 0.5390316859375 0.637466784375 0.5370446453125 0.636580675 0.5322514640625 0.6395457109375 0.526853528125 0.6484281609375 0.5185534390625001 0.6529638421875 0.5198141265625 0.6563446609375 0.512377965625 0.64413200625 0.4965393546875 0.64490904375 0.48359327656250006 0.6500201921875 0.4689801421875 0.660418753125 0.458469040625 0.6655425578124999 0.4359621921875 0.6753364203125 0.41666785624999997 0.6743159375000001 0.409922840625 0.6653117625 0.40837738593750006 0.663190953125 0.40180515781250004 0.6712544828125 0.3896878015625 0.66344313125 0.373158046875 0.6662192515625 0.35693865156250004 0.6707675875 0.350305621875 0.6705114859375 0.338508246875 0.6738251171874999 0.330096171875 0.6717968046875 0.30871243125 0.6579463109375 0.2852392828125 0.637913571875 0.30120911562499997 0.6309084828125 0.29639034531249997 0.623983240625 0.28465376875000004 0.621232425 0.2850857328125 0.6115855921875 0.2984381859375 0.617960675 0.310261153125
0 0.461251915625 0.4088543578125 0.4574007765625 0.409459109375 0.453604171875 0.4189334890625 0.46073098281249997 0.433597809375 0.46228897656249995 0.44815014375000006 0.477185259375 0.462580878125 0.48036843281249997 0.4926614625 0.4888769796875 0.5031629421875 0.4965120734375 0.5009775234375 0.50890971875 0.48719310781249997 0.5230503484375 0.4583379984375 0.5346164265625 0.448630028125 0.5434862218750001 0.4482236546875 0.538089740625 0.42638235625 0.5333398421875 0.43008763749999995 0.51995966875 0.4134458953125 0.516591503125 0.412988340625 0.507856084375 0.41534654375 0.495899528125 0.41130530781249997 0.463721325 0.41241244374999997 0.461251915625 0.4088543578125
0 0.490620853125 0.358865065625 0.48777754062499995 0.37410854375 0.501103175 0.38188065781249997 0.5059202671875 0.37915129062499997 0.511892215625 0.3851187640625 0.514013025 0.391690990625 0.5132359890625 0.40463706874999994 0.5237981578124999 0.420734859375 0.5240542578125 0.4325322359375 0.5297574546875 0.43459605 0.5339571921874999 0.4309771609375 0.5488495515625 0.40496340468750003 0.54424668125 0.4027268015625 0.5435202578125 0.3840980203125 0.5522809843750001 0.3659523859375 0.5673622578125 0.350760090625 0.5670263140625 0.3458805125 0.5607057671875 0.342927175 0.5567329 0.33368638281249996 0.558261665625 0.32358165781250003 0.5635743843750001 0.31189626718749996 0.5714236968749999 0.30474488125 0.5697858609375 0.2971103453125 0.5527308093750001 0.299788528125 0.544155071875 0.288311134375 0.5380360937499999 0.288285540625 0.5270075249999999 0.3058008359375 0.5245128125 0.3180301765625 0.49545059374999995 0.34824198281249996 0.490620853125 0.358865065625
0 0.2399607609375 0.39329433593749996 0.2344338234375 0.40994569687500004 0.23240942968749997 0.42900644374999997 0.2348788390625 0.43256453281249996 0.2465666390625 0.432702109375 0.25314328750000004 0.44745282187499996 0.2613158890625 0.45307472656250003 0.2673423765625 0.4679118328125 0.27401151874999996 0.467851028125 0.290877659375 0.45435138437499994 0.2876019875 0.439082315625 0.2907938953125 0.4208246921875 0.2971397484375 0.407990603125 0.3067067375 0.40155595 0.3064506359375 0.389758575 0.30102885 0.3837047078125 0.29456127187500003 0.38669325468750004 0.263038375 0.3650087703125 0.252089653125 0.375606259375 0.242535315625 0.374147196875 0.23647087031249997 0.3829912359375 0.2399607609375 0.39329433593749996
0 0.22639952187499998 0.44672011093749997 0.228344071875 0.4345771640625 0.224396515625 0.40954894218750004 0.2172570484375 0.4027783375 0.1890517078125 0.41312626874999997 0.18917343281250001 0.4229718125 0.1939652140625 0.436029875 0.19469163437499998 0.4546586578125 0.19984466875 0.4568088640625 0.22639952187499998 0.44672011093749997
0 0.21003381875 0.3624810421875 0.21084008281250002 0.3741920265625 0.21392684375 0.3786396359375 0.23585351718749997 0.3821017125 0.23785260312499998 0.3788283953125 0.2363491453125 0.373145690625 0.23889839375 0.3697859796875 0.23665586093750002 0.35336820625 0.24265311875 0.3435482546875 0.24280014843750003 0.3376063671875 0.23544646406249997 0.33580173125 0.22793309375 0.34783269687499996 0.22304881718749997 0.34958615000000004 0.21853844375000003 0.332538034375 0.2055360984375 0.33753921249999996 0.20612814375 0.3542161640625 0.21003381875 0.3624810421875
0 0.7896603578125 0.51018601875 0.7844274828125 0.5149536125 0.7743901703125 0.51455685625 0.7738945421875 0.523512878125 0.76391176875 0.5319857546875 0.7575912203125 0.5290324171874999 0.754693375 0.5354062671875 0.75466806875 0.551193696875 0.7423629187499999 0.5501665984375 0.7283274359374999 0.5563164781250001 0.7211373578125 0.58112073125 0.7294988703125 0.5975640984374999 0.7449579703125 0.6040147203124999 0.7471459703125001 0.6115628640625 0.7465705 0.6274366859375 0.7493086609375 0.6348984359375 0.765250734375 0.6402867515625 0.7648768312499999 0.6590883203125 0.775224778125 0.6801520812499999 0.785585378125 0.693322125 0.7986422578125 0.6971905781250001 0.808087525 0.6809103796875 0.820741271875 0.6789233390625 0.82145111875 0.665001346875 0.8253821015625 0.657478796875 0.8458725093749999 0.6562340843750001 0.8471870546875 0.6510953265625 0.8477498718750001 0.64311521875 0.8445287328125 0.636715778125 0.8439912250000001 0.6289084578125 0.83816630625 0.616999096875 0.8228289312499999 0.62039401875 0.80615170625 0.6447151234375 0.7999781890625 0.6358199046874999 0.80096944375 0.6179078578125 0.8052616796875001 0.599477453125 0.8122248828125 0.5875328828125 0.814719596875 0.575303540625 0.826835834375 0.5655091796875 0.8263655140624999 0.558677771875 0.8192260484375 0.5519071671875 0.80677386875 0.5568219546875001 0.8022508374999999 0.5476675515625 0.797471709375 0.526715778125 0.7918483546874999 0.5177341625 0.7919953859375 0.5117922781249999 0.7896603578125 0.51018601875
0 0.8096813296875001 0.3728827171875 0.8034279718749999 0.3709052953125 0.7994969890625 0.37842784687500003 0.794062546875 0.3802676921875 0.7923994046875 0.3884205875 0.78613339375 0.39433687968750003 0.7860535515625 0.4012546796875 0.779023159375 0.412223334375 0.7714133703125 0.3986213234375 0.765092825 0.3956679875 0.76310639375 0.3910475890625 0.7559542718750001 0.3921706984375 0.7702205484375 0.4136056234375 0.7717113546875 0.4271820421875 0.7688806968749999 0.434531809375 0.7626273390625 0.4325543875 0.757944628125 0.4372355859375 0.7561218015625 0.459224078125 0.750888928125 0.46399166875000003 0.7513592484375 0.4708230765625 0.7632359578125001 0.4817821125 0.7760912734375001 0.48272281718750004 0.7990550109375001 0.5254806828125 0.8123134562500001 0.532276878125 0.8272476953125001 0.523026465625 0.8324260375 0.50938924375 0.8313383640625001 0.5016683171875 0.8341018328124999 0.493342634375 0.8460165046875 0.4806205296875 0.8491957578125 0.47025662500000004 0.8647054687500001 0.44513238906249997 0.8641806140625 0.429431353125 0.8580197500000001 0.41264241718749994 0.845592875 0.401769771875 0.8393814 0.4165556953125 0.8280967328125 0.4222736109375 0.8241365203125 0.4051391015625 0.8130787249999999 0.39799733593750003 0.8096813296875001 0.3728827171875
0 0.8801235734375 0.30559248437500003 0.867578896875 0.3253187875 0.878880140625 0.352151646875 0.919894103125 0.41476376562499995 0.9293140609374999 0.4142710015625 0.936264615625 0.41022014375 0.9308554796875 0.3962725640625 0.93043140625 0.3820353984375 0.9348789578125001 0.3739384953125 0.9389316671874999 0.3762614890625 0.943345621875 0.36767663125 0.9352947437499999 0.3719002734375 0.927941059375 0.3700956359375 0.9247199265624999 0.3636961953125 0.9298690359374999 0.325401915625 0.9360805109375001 0.31061599218749997 0.942279334375 0.3037237828125 0.9418090140625001 0.2968923765625 0.933220625 0.2933086984375 0.9176563796874999 0.3095633015625 0.909471121875 0.31183511406250003 0.9015000859375 0.30914095625 0.8927646671874999 0.3114991609375 0.8875570984375001 0.30047932187500004 0.8801235734375 0.30559248437500003
0 0.7655387250000001 0.2890596390625 0.7579708203125 0.2922209734375 0.7410754515625 0.28106356093749996 0.7238733703125 0.2896836296875 0.734784134375 0.3027672828125 0.7355105562500001 0.32139606249999997 0.7393363921875 0.3365787421875 0.7467572640625 0.33935929374999996 0.7528635921875 0.34727859843750003 0.75456861875 0.3558890515625 0.7522881234375001 0.3631524234375 0.75324141875 0.36892151875 0.7588647734375 0.377903134375 0.7687550515625 0.384241775 0.7750882515625 0.3793013953125 0.7782801578125 0.3610437765625 0.7857935281249999 0.3490128140625 0.79962744375 0.3399351859375 0.8051670328125 0.3153901140625 0.8046295234375 0.3075827921875 0.7964569218750001 0.3019608875 0.7888091734375 0.312040021875 0.78031328125 0.2936448265625 0.7816278296875 0.28850607031250003 0.7784738812499999 0.283082546875 0.769536896875 0.2825130046875 0.7655387250000001 0.2890596390625
0 0 0.44170137499999995 0.016796165625 0.43129766875 0.0180435203125 0.4251829984375 0.012982984375000001 0.408221278125 0.0145789375 0.3990924671875 0.026077823437499998 0.388408584375 0.026359231249999997 0.3844185296875 0.0048609953125 0.3710245171875 0 0.3772826953125 0 0.44170137499999995
0 0.079972409375 0.43617398124999995 0.084104959375 0.4315791765625 0.09066503125 0.41377911562499997 0.0901947109375 0.4069477078125 0.0828536796875 0.3972493578125 0.0825177359375 0.3923697828125 0.092177221875 0.3711236140625 0.08625980625 0.37402576875000004 0.0734551046875 0.3415102046875 0.0771173328125 0.3300839953125 0.07437917187500001 0.32262224375000004 0.0748076109375 0.312690303125 0.0603018078125 0.3120087796875 0.054451582812499996 0.31588684843750003 0.0362242078125 0.40654459843749996 0.03550170625 0.4283603046875 0.046735759375000005 0.45421725156250004 0.0663527140625 0.4402856375 0.079972409375 0.43617398124999995
0 0 0.3472501890625 0.0015979765625 0.3478617296875 0.013394846875 0.3657385640625 0.0416001890625 0.3553906359375 0.0440150609375 0.3500790921875 0.037787009375 0.3323142421875 0.043246756250000004 0.3146869625 0.038522164062499996 0.30260481875 0.035019618749999995 0.3001954296875 0.0274517140625 0.30335676718750004 0.0175780109375 0.3295689 0.016800975000000003 0.3425149765625 0.0137015625 0.34596108124999997 0 0.3357002484375 0 0.3472501890625