0 0.207977 0.7946493968749999 0.1985526984375 0.7905137828125001 0.1920030875 0.7912362171875 0.16295603125 0.8038771656250001 0.15335122968749998 0.813308125 0.154487403125 0.8190428796875 0.1673887375 0.8214250812499999 0.18028138437500002 0.8189375328124999 0.19071249375 0.8136773015625 0.20944911562500002 0.8165574328125 0.22244504687500002 0.8145912281250001 0.2289859671875 0.8089990406249999 0.2280476796875 0.7994372140625 0.225482853125 0.7961431890624999 0.207977 0.7946493968749999
0 0.3227976078125 0.777908228125 0.31102375000000004 0.7763910234375 0.29015284218750004 0.7820417359375 0.2785855609375 0.7815672171875 0.26589949218750003 0.7850974484375 0.248953540625 0.810559128125 0.2507094453125 0.8194219296874999 0.25890297812499996 0.8221712046875 0.275169371875 0.8174089015625 0.285901653125 0.8088429390625 0.28594460625 0.80423385625 0.2943789734375 0.7985469734375 0.308708965625 0.7984884484375 0.3191400734375 0.793228215625 0.325680990625 0.7876360296875 0.3227976078125 0.777908228125
0 0.3639628875 0.768522634375 0.3605978328125 0.7756671390625 0.36244832968749996 0.78018153125 0.3688000578125 0.7832861671875 0.3793431453125 0.7834170296875 0.40889795468749995 0.7685130359375 0.4266702109375 0.7472220859375 0.42276263593749996 0.7371506250000001 0.4101711640625 0.7363324453125 0.397080634375 0.742647065625 0.39023854375 0.751544984375 0.3639628875 0.768522634375
0 0.47777337343750004 0.6579929375 0.4595879625 0.6771985218750001 0.46052625156250004 0.686760346875 0.4751921828125 0.7028751046874999 0.48491765937500003 0.7037049890625 0.4958652078125 0.7010514624999999 0.5008654953125 0.6925089109375 0.5003186281249999 0.6728580671875 0.50562443125 0.6634446609375 0.5011058187499999 0.6551149078125 0.48667254218749995 0.6546520921875 0.47777337343750004 0.6579929375
0 0.3494163671875 0.6951000625 0.3442698421875 0.70773035625 0.346129034375 0.7171144984375 0.3554500484375 0.720728771875 0.3682394046875 0.7177198812500001 0.3807961078125 0.6990590484375 0.380882009375 0.68984088125 0.3739964578125 0.6743900296875001 0.3649853109375 0.67233978125 0.35393447031249997 0.6744719671875 0.3464726484375 0.6802418359375 0.3494163671875 0.6951000625
0 0.2392781828125 0.7231163656249999 0.2321262265625 0.7304502578125 0.23459645468749998 0.738092696875 0.2426867015625 0.7403206265625 0.281467925 0.7333793187500001 0.2939300296875 0.7190668953125 0.2866574 0.7161399421875 0.288593803125 0.7114361640625 0.2771298109375 0.7114829874999999 0.2673184328125 0.7198712671874999 0.25196425312500004 0.7195861328125 0.2392781828125 0.7231163656249999
0 0.14383149687500002 0.7528988390625 0.1393389609375 0.7591783421875 0.132995925 0.760943459375 0.1320924078125 0.7708606484375 0.1354748484375 0.7734556484375 0.144382709375 0.7749845578125 0.1516466453125 0.7730417578125001 0.182518125 0.75030594375 0.1774483015625 0.7198904671874999 0.16414250156250001 0.720292653125 0.1513618375 0.7281712953125 0.15076818125 0.739652509375 0.1569220265625 0.7465842171875 0.14383149687500002 0.7528988390625
0 0.1961240765625 0.6886823296875 0.1951944796875 0.6839902578125 0.189462484375 0.6840136671875 0.1839283734375 0.68021000625 0.1706225734375 0.680612190625 0.1588574078125 0.6839647421875 0.1334678859375 0.6812856984375 0.11770924218750001 0.6837849546875 0.10441213906249999 0.68905689375 0.1022604671875 0.6878482328125 0.10721830937500001 0.7128726140625 0.10875894374999999 0.7158229765625 0.1262387203125 0.7027075125 0.1339158109375 0.7028500765625 0.140680690625 0.7080400796874999 0.1465159734375 0.7085380125 0.15797127500000002 0.7036214359375 0.16851436250000001 0.7037523 0.182121334375 0.700044384375 0.1961240765625 0.6886823296875
0 0.24716952343749998 0.6712556703125 0.22936249531250003 0.67306760625 0.214326871875 0.6792162484375 0.20983433593749998 0.6854957546875 0.213328759375 0.6934818500000001 0.22878622656249997 0.6942883234375 0.256826478125 0.6910432265625001 0.2731874671875 0.6819325109375 0.287508765625 0.6770042328125 0.2918980125 0.6702033859375 0.2902454 0.661861925 0.28399695937499997 0.6592786296875001 0.26905593125 0.6610788609375 0.24716952343749998 0.6712556703125
0 0.3545879515625 0.639163328125 0.343227246875 0.639731490625 0.31500649531249997 0.6565431671875 0.312355765625 0.6624673078125001 0.3155403234375 0.6688893796875 0.32066128125 0.6706076750000001 0.3353957328125 0.6677647609374999 0.3530820859375 0.6556919765625 0.3675153640625 0.6561547921875001 0.39677769375 0.64942628125 0.39901526718749997 0.6414167765625 0.3892811 0.6357171359375 0.37832485781249997 0.6335009109375 0.3545879515625 0.639163328125
0 0.478848221875 0.6103334890625 0.4647335 0.61630445 0.45870902343750003 0.62450334375 0.444086553125 0.63273735 0.4435874953125 0.6398701515624999 0.45333904843750006 0.6553092984375 0.4638908296875 0.6603099125 0.476783471875 0.6578223640624999 0.4817924515625 0.6541495640625 0.48454646874999996 0.6487467640625 0.4807334890625 0.6343268890625 0.494323078125 0.62087946875 0.49277375156250003 0.6130593515625 0.4865253125 0.6104760546875 0.478848221875 0.6103334890625
0 0.5995213140625 0.6065361421875 0.6004248328124999 0.596618953125 0.59652595 0.5914172468750001 0.588229128125 0.5881466296875 0.57154958125 0.5908235703125 0.563777896875 0.5950294140625 0.5356256640625 0.59288341875 0.5232494609375 0.597977675 0.5159942156249999 0.604790225 0.5230950375 0.6261535125 0.530780821875 0.6311658328124999 0.5503263671874999 0.6284771921875 0.5537001140625 0.626202440625 0.564346490625 0.6268546421875001 0.5634342796875 0.631902078125 0.5764302140625001 0.62993586875 0.5758017921875 0.6219380671875 0.5922660703125 0.61334869375 0.5995213140625 0.6065361421875
0 0.537549259375 0.669315246875 0.537773221875 0.6800974390625 0.551492175 0.6817806171874999 0.5770708890625 0.6757628343750001 0.5827082875 0.6800878359375 0.5916161484375 0.6816167453124999 0.6071682140625 0.6780748078125 0.6118673265625 0.672837984375 0.5899287625 0.653796271875 0.583990190625 0.6527769984375 0.537549259375 0.669315246875
0 0.776026740625 0.667384184375 0.772437725 0.6637465015624999 0.7644507671875 0.6620399109374999 0.7478745109375 0.6652381890625 0.7367290765625001 0.6717187859375 0.733975059375 0.6771215859375 0.71360320625 0.6756394968749999 0.705315078125 0.6772386359375 0.6941696421875 0.6837192359375 0.694798065625 0.6917170359375 0.70432565625 0.6963739906249999 0.7232601625 0.69542705625 0.7309459453125 0.700439375 0.7388296140625 0.701624625 0.74711774375 0.7000254875 0.7548894296875 0.695819640625 0.7595798484375 0.6857130640625 0.7748133578124999 0.6757373515625 0.776026740625 0.667384184375
0 0.731874146875 0.6279103421875 0.7080078734375 0.6184421578125 0.6944009015625 0.6221500703125 0.6873348484374999 0.6202657984375 0.6704487234375 0.621900053125 0.660534059375 0.6297669921875 0.6641317703125 0.6382744312499999 0.67713639375 0.6411779734375 0.6896158859375 0.6366050609375 0.6972929765625 0.6367476265625001 0.7046775875 0.645065678125 0.7165547343750001 0.647104221875 0.7285264765624999 0.6447943546875 0.7369092015625001 0.6388467999999999 0.7365906437499999 0.632413025 0.731874146875 0.6279103421875
0 0.67315853125 0.553537671875 0.6646638281249999 0.5540941296875 0.65433600625 0.5598757046875 0.656091909375 0.56873850625 0.6608084062499999 0.5732411890625 0.6708437468749999 0.5756350984374999 0.6855009875 0.586880103125 0.6984023234375 0.58926230625 0.7076113562499999 0.5874854843749999 0.7140489859375 0.58137195625 0.713119390625 0.5766798859375 0.6982468828124999 0.5595224437499999 0.67315853125 0.553537671875
0 0.5525879781249999 0.519245546875 0.553526265625 0.5288073703125 0.5604977234375 0.53504005625 0.5535610359375001 0.548286384375 0.555523515625 0.5581918703125 0.565868721875 0.5621498 0.5850011140625 0.55737579375 0.5893816671875001 0.545705190625 0.602764678125 0.5312150890625 0.59958011875 0.52479301875 0.5824613453125 0.5107753296875 0.56966329375 0.5089144671875 0.5562628984375 0.5136650640625 0.5525879781249999 0.519245546875
0 0.451589796875 0.53548485 0.4403410734375 0.54144410625 0.43340438593749997 0.5546904359375 0.424410621875 0.56237969375 0.426166525 0.57124249375 0.43917115156250003 0.574146040625 0.45188329843749997 0.5852250671875 0.4660067109375 0.584123859375 0.47643782031250004 0.5788636265625 0.47590399375 0.5665174125 0.46657428593750006 0.5580333875 0.46993064999999995 0.546019128125 0.4638714015625 0.5347390062499999 0.451589796875 0.53548485
0 0.3417596578125 0.5584831453125 0.3060510078125 0.566455428125 0.3083407359375 0.5876644453125001 0.319116478125 0.603447246875 0.31841084375 0.6095373671875 0.33366173906249996 0.6093011578125 0.34553019375 0.6064699484375 0.355040396875 0.601387396875 0.35544485937500003 0.598603009375 0.37958622656249996 0.5901562046875 0.3730790578125 0.5573117062499999 0.3417596578125 0.5584831453125
0 0.21560460625000002 0.58769535 0.20548336250000002 0.59451960625 0.20232488437499999 0.60270679375 0.2054409203125 0.6280865375 0.21383233906250002 0.627008740625 0.22694894531249998 0.6353033796875 0.23861951406249998 0.6362992421875 0.25120229374999997 0.63224766875 0.2559014046875 0.6270108453125001 0.254248790625 0.618669384375 0.24992806406249998 0.6065125609375001 0.24317187499999998 0.6061923124999999 0.2339280734375 0.5884901171875 0.22583783125 0.5862621859375 0.21560460625000002 0.58769535
0 0.10654225625 0.61631598125 0.097341915625 0.62296255625 0.1006297609375 0.6299059687499999 0.09061180625000001 0.6372515703125 0.08828832656249999 0.654479240625 0.0916881515625 0.6668137468750001 0.0959914953125 0.6692310671875 0.1035652953125 0.6688522921875 0.1483796875 0.6585818453125001 0.1463226140625 0.653024771875 0.1512196109375 0.6439608781249999 0.14770780625 0.6262352765625 0.141863828125 0.6208675921875 0.12127670625 0.6134730671875 0.10654225625 0.61631598125
0 0.10310398437499999 0.5574396671875 0.1019938875 0.566314175 0.1116334578125 0.5763622234375 0.0932701109375 0.58310205 0.0948959296875 0.5975915546875 0.12438856875 0.5894340390624999 0.134656040625 0.5719201703125 0.13329590468750002 0.5554032296875 0.1307310796875 0.552109203125 0.11987812499999999 0.5504143171875 0.11066909375 0.5521911390625001 0.10310398437499999 0.5574396671875
0 0.25689482343750003 0.5277667515625 0.196209803125 0.5351453609375 0.1859852734375 0.541448275 0.1747278578125 0.5425377796874999 0.1775253359375 0.5614837484375 0.189609059375 0.5645649734375 0.19064194375000001 0.5697783859375 0.2270649203125 0.560585734375 0.23136826250000003 0.5630030546875 0.2505006546875 0.558229046875 0.255604228125 0.550207834375 0.2692112 0.54649991875 0.269598275 0.5339760265625 0.25689482343750003 0.5277667515625
0 0.32917220468749997 0.5161633890624999 0.3067606609375 0.5188637375 0.29766360937499997 0.5260316515625 0.2994195125 0.534894453125 0.31058233125 0.5381533625 0.324086015625 0.53392410625 0.341789753125 0.5315908296875 0.3533483421875 0.5271955968750001 0.3670412171875 0.5142695171875 0.365182025 0.5048853734375001 0.3599577796875 0.5026457375 0.350645459375 0.5039012171875 0.32917220468749997 0.5161633890624999
0 0.44304564687500003 0.48769702812500004 0.42802740625 0.5035851796874999 0.4222181984375 0.51769650625 0.42366423593749997 0.5249952859375 0.436875440625 0.5289415125 0.44679879843750003 0.5259443265625 0.45333971718750005 0.5203521375 0.45802144531250005 0.505375809375 0.4681426875 0.4985515546875 0.4708967046875 0.493148753125 0.4682198984375 0.4844636359375 0.456850503125 0.48016204374999993 0.44304564687500003 0.48769702812500004
0 0.5516646 0.4598883296875 0.5449084125 0.45956808281250006 0.5124789125 0.4696140265625 0.5082016484375 0.4818059671875 0.511825434375 0.504922665625 0.5168517953125 0.5109893734375001 0.553687925 0.5038820875 0.54938458125 0.50146476875 0.5599102874999999 0.491856121875 0.5847659796875 0.482188953125 0.5801440796875 0.47333785625 0.5821837703125 0.46915541875000005 0.5764430843749999 0.464309078125 0.559049209375 0.4682063796875 0.5516646 0.4598883296875
0 0.6843309859375 0.44601406250000003 0.672772396875 0.4504092953125 0.65956119375 0.4464630703125 0.6443189953124999 0.45156902812500005 0.6405407828125 0.45662816875 0.644766915625 0.4731334078125 0.647848184375 0.4790341390625 0.6559384296874999 0.48126206875 0.6700618421875 0.4801608625 0.6778335296875 0.47595501875 0.6800624125 0.46307575781250004 0.68792869375 0.4545214984375 0.6910784796875 0.44146455937500007 0.687291578125 0.44165394375 0.6843309859375 0.44601406250000003
0 0.5193676140625 0.409642615625 0.513437734375 0.4134930984375 0.5117166 0.424109309375 0.5162265203125 0.4275693109375 0.5425630234375001 0.44467993124999994 0.5538291296875 0.4484601828125 0.57991559375 0.44017935 0.5978085234375 0.42914925156250006 0.5967669484375 0.419066084375 0.58641305 0.4102384 0.5421923093750001 0.40902763281250004 0.5389131593750001 0.40695397499999997 0.5193676140625 0.409642615625
0 0.4288266171875 0.43523094687499997 0.41787037343750005 0.43301472187499995 0.39955559687500003 0.4370897078125 0.394038871875 0.4430255515625 0.3961992359375 0.449103965625 0.4253930421875 0.4613331265625 0.463150075 0.4540481609375 0.4701041484375 0.45054133749999997 0.47357249062499995 0.44391817187499993 0.46731536250000005 0.43646512499999995 0.4538029859375 0.43582462499999997 0.4407124546875 0.4421392453125 0.4329320765625 0.4414753390625 0.4288266171875 0.43523094687499997
0 0.319660978125 0.46333024062500006 0.30850685312500004 0.46494108437500004 0.29705155156249996 0.469857659375 0.28928855625 0.47893325625000005 0.29082919218750003 0.4818836234375 0.2963633015625 0.485687284375 0.3192912859375 0.48559364218749995 0.3427183296875 0.4783672 0.36244437343749997 0.46211198124999997 0.363244603125 0.45167345000000003 0.3498268234375 0.446684540625 0.3321317765625 0.453887571875 0.31903255625 0.4553324390625 0.319660978125 0.46333024062500006
0 0.237993071875 0.4709684671875 0.2242828109375 0.474155040625 0.19366034999999998 0.46436660781250005 0.179132475 0.46825220468750006 0.1758707078125 0.4759180515625 0.1778244953125 0.4809537796875 0.1884795640625 0.4864757375 0.1969916578125 0.49565878750000003 0.20385113281249997 0.49650037812500003 0.2146953953125 0.4933255109375 0.24457745156250002 0.48972504531250005 0.2538810796875 0.48359981249999995 0.2558174828125 0.4788960390625 0.25058454218750004 0.4717866453125 0.237993071875 0.4709684671875
0 0.099453125 0.500405175 0.0681511078125 0.5113161203125001 0.0635552859375 0.517074284375 0.066946415625 0.524539040625 0.0813796953125 0.5250018546875 0.11227725156249999 0.5168752999999999 0.1183191125 0.5184159125 0.13428433281250002 0.5169593390625 0.144612153125 0.5111777640625 0.1458255375 0.5028246000000001 0.1373221390625 0.498511303125 0.1295417609375 0.49784739531250005 0.099453125 0.500405175
0 0.07906286875 0.43126787968749997 0.0746649296875 0.433198975 0.0721174890625 0.43964445625000004 0.0743811421875 0.446244209375 0.06722049218750001 0.4487083515625 0.064259896875 0.4530684671875 0.06591251249999999 0.461409928125 0.07031914218749999 0.46434858749999997 0.102043009375 0.460392759375 0.1276130296875 0.44950522499999995 0.1432683828125 0.44648462968749997 0.151099896875 0.41845135781250004 0.1521926078125 0.39983734375 0.135099909375 0.40042891718750007 0.118175178125 0.40910712968749996 0.07096392968750001 0.4241701953125 0.07906286875 0.43126787968749997
0 0.1775734359375 0.39764663125 0.17440626718750002 0.4009640671875 0.172685134375 0.41158027812500003 0.1761882453125 0.4244361296875 0.1879794890625 0.4356928390625 0.1981181171875 0.438608090625 0.20671611093750003 0.4385729734375 0.218989025 0.4329573765625 0.2192728140625 0.41991213906249997 0.20483084218749997 0.41457957187499994 0.204297015625 0.4022333578125 0.197936596875 0.3942589671875 0.1775734359375 0.39764663125
0 0.43026294218750005 0.3797442734375 0.41294628125 0.3695536546875 0.40250648125 0.36994413593750003 0.39452821718750003 0.3731073 0.3917741984375 0.3785100984375 0.3939345640625 0.3845885109375 0.4076709 0.3960111984375 0.418928315625 0.3949216953125 0.43582313125 0.39815719375 0.4438013953125 0.39499403125 0.44399927968749997 0.391166959375 0.4397992234375 0.389270984375 0.442449953125 0.383346840625 0.43497074687500004 0.3793772046875 0.43026294218750005 0.3797442734375
0 0.538610965625 0.35234400625 0.5200124015625 0.369464225 0.5183173453125 0.3946896984375 0.52661416875 0.3979603125 0.538585909375 0.3956504453125 0.5477862484375 0.3890038703125 0.553557859375 0.37309574218749997 0.564930084375 0.35971511718750004 0.5645082375 0.3527599984375 0.5576400687499999 0.3470486578125 0.53707033125 0.3493936375 0.538610965625 0.35234400625
0 0.692170171875 0.3649348453125 0.6803017171875 0.3677660546875 0.6762049515624999 0.3663914203125 0.6534922375 0.37239749375 0.6550415625 0.38021761249999997 0.6458672984375 0.40147344843750005 0.6465990109375 0.40999259062500004 0.6602146734375001 0.41115443125000006 0.6672894203124999 0.41790845625 0.679166565625 0.41994699999999996 0.686637078125 0.41904688593749995 0.6978858015625 0.413087628125 0.6961125171875 0.3944853203125 0.699382975 0.391689228125 0.6930138625 0.37884508281249996 0.692170171875 0.3649348453125
0 0.7473545609375 0.309089171875 0.7488778093749999 0.30230003125 0.7563396328125 0.296530159375 0.7413812203125001 0.28859088593750004 0.726130325 0.288827090625 0.6790783578124999 0.3071070484375 0.6772452421875 0.312332165625 0.684414584375 0.3147377796875 0.6858693125 0.326906309375 0.67586874375 0.3439914140625 0.6810070890625 0.355449215625 0.7083417046875 0.3582942359375 0.7118100484375 0.3516710703125 0.72643251875 0.3434370625 0.7282656328125 0.33821194375 0.74207918125 0.3355467125 0.7459780640625 0.3407484203125 0.7506858671875001 0.34038135 0.7556774609375 0.32696904375 0.7473545609375 0.309089171875
0 0.6299217234375 0.2569835859375 0.6253432828125 0.27248125624999997 0.6280200890625001 0.2811663765625 0.657721646875 0.2911324890625 0.6688757734374999 0.28952164687500004 0.6781794031249999 0.2833964109375 0.677447690625 0.27487727031250003 0.667713525 0.26917763125 0.6598037796875 0.2533831203125 0.6514036703125 0.249591165625 0.638407734375 0.2515573734375 0.6299217234375 0.2569835859375
0 0.534280525 0.277401725 0.5293835296875 0.2864656203125 0.5317678546875 0.3033262234375 0.5407790015625 0.30537646875 0.5465196921875 0.31022281406249996 0.554506646875 0.31192940468749997 0.5676058703125 0.3104845390625 0.5757820171875 0.30349430312500003 0.5733117875 0.295851865625 0.55948085625 0.28877759062499997 0.5612106812500001 0.28303113281250003 0.557612971875 0.2745236953125 0.5477842078124999 0.27317247031249997 0.534280525 0.277401725
0 0.4391948375 0.28005104375 0.4266120578125 0.284102615625 0.41997654375 0.294043215625 0.4236949265625 0.3128115 0.435176303125 0.3225041875 0.44531493125 0.3254194359375 0.45554815625 0.3239862765625 0.4626055171875 0.32100079375 0.4662804359375 0.3154203125 0.4636036296875 0.3067351921875 0.4546870796875 0.30033653125000004 0.4525093296875 0.2845186125 0.4449268359375 0.2800276328125 0.4391948375 0.28005104375
0 0.8060371359375 0.17284812656249998 0.80356690625 0.1652056890625 0.795777834375 0.15967202656249999 0.7814478421875 0.1597305546875 0.7592168015625 0.148864321875 0.7440691937499999 0.149621871875 0.7337413765624999 0.15540344687500002 0.7252466703125 0.1559599015625 0.7172771 0.1639928171875 0.7072504515625 0.1664686640625 0.7039799921875 0.16926475624999998 0.7073885093750001 0.18646901875 0.7145839281249999 0.20348389218750002 0.7468068484375 0.192395265625 0.756325746875 0.1921824671875 0.7658359515625001 0.18709991718750002 0.7768008875 0.1941858953125 0.785089015625 0.19258675625 0.7883507828125 0.18492091093750002 0.8015446 0.1791276296875 0.8060371359375 0.17284812656249998
0 0.7507041375 0.2092627328125 0.7466160625 0.21275784999999997 0.7351520703125 0.2128046703125 0.720116446875 0.21895331406250002 0.7153140453125 0.2236687953125 0.7189030625 0.227306478125 0.7168720640624999 0.23635866718749998 0.709410240625 0.2421285359375 0.7115793 0.25307670312499997 0.72335315625 0.25459390625 0.761110190625 0.2473089390625 0.77982073125 0.2355798125 0.7888144968749999 0.22789055625 0.78962341875 0.22232177812499998 0.7851907109375 0.20477385781250002 0.7770917734375 0.1976761734375 0.7706541421875001 0.2037897015625 0.7507041375 0.2092627328125
0 0.634525009375 0.1946217484375 0.6202896140624999 0.1903318609375 0.605451875 0.1926534328125 0.5953306328125 0.19947768906250002 0.59616563125 0.20851817343749998 0.60487560625 0.213874153125 0.625867190625 0.21848429062500002 0.67129261875 0.206472134375 0.686139053125 0.20902031562499998 0.6901238390625 0.20500385625 0.6880493765625 0.1897072796875 0.681792246875 0.182254228125 0.6723766390625 0.18298836875 0.634525009375 0.1946217484375
0 0.516576409375 0.19769315 0.5010504203124999 0.21584434687499998 0.498193115625 0.22072580625 0.5033488421875 0.241923115625 0.5139006265625 0.24692372968749998 0.5266899796875 0.24391484062500002 0.5348661296875 0.23692460468749998 0.536897128125 0.2278724171875 0.53299824375 0.222670709375 0.5461659875 0.2022681703125 0.5449265249999999 0.196012075 0.5395989906249999 0.1932510984375 0.516576409375 0.19769315