0 0.6917029421875001 0.82149378125 0.6983549171875 0.84062844375 0.6963767953125 0.8472929078125 0.6901709015625 0.8532446265625 0.711174046875 0.89216396875 0.71377276875 0.8933796265625 0.72707664375 0.8751469984375 0.7343103703125 0.8557614375 0.727173578125 0.849892975 0.7312655671875 0.829459396875 0.7308970687499999 0.8124207734375 0.7342327125 0.7912117265624999 0.7505425812500001 0.7811317703125 0.7525207015625 0.7744673078125001 0.751066171875 0.7577639609375 0.7447051109375 0.7476201625 0.7446275265625 0.739572403125 0.7408651875000001 0.7306442640624999 0.742222709375 0.71609968125 0.7524818171875001 0.6998159875 0.7647772453125 0.6899663968749999 0.763633015625 0.677203109375 0.75876525625 0.67366105 0.747788578125 0.6790676671875 0.735434953125 0.675818696875 0.7333404734375 0.684537009375 0.7258352203125 0.6898809015625 0.6757031890625 0.6942589171875 0.6662973609375 0.68606405625 0.663291365625 0.677911384375 0.6472723734375 0.668731228125 0.638952578125 0.660201090625 0.63509326875 0.6482759953125 0.6290231203125 0.6471230625 0.6177167531250001 0.6536404234375001 0.6144392703125 0.6596970578125 0.6251444609375 0.668499746875 0.6384096 0.688619703125 0.6424822375 0.7014879046875 0.650685675 0.7120718921875 0.6593933562500001 0.73258985 0.6613133171875 0.7410778 0.6600721546874999 0.753568534375 0.6513451234375001 0.7663523546875 0.6549717171875 0.7823851484375 0.6585401140625 0.7853193796875 0.662399425 0.7972444734375 0.6759360531249999 0.8031551218749999 0.6917029421875001 0.82149378125
0 0.4364763921875 0.9541773765625001 0.44625068125 0.9511598843750001 0.45028450781249996 0.9458787171875 0.450769328125 0.9326125171875 0.458410325 0.9201639703125 0.457712140625 0.904236090625 0.46048538125 0.8882454875000001 0.47949094375 0.8823781421874999 0.48856704687499997 0.8634327734375 0.4843974390625 0.84756761875 0.4682620875 0.8404413109375 0.47161711874999995 0.8141814593750001 0.48356343281249997 0.7822424390625 0.49626613124999996 0.7793298609375 0.5059046765625 0.783417025 0.513545675 0.7709684796875 0.5133517328125 0.7649745703125 0.521225446875 0.748418325 0.513914096875 0.73150515 0.5146122453124999 0.7191820546875001 0.5039264421875 0.7053285609375 0.4977980984375 0.6910770640624999 0.4857353875 0.696818959375 0.4773962046875 0.6933396234375 0.47299391562500004 0.70983314375 0.47638779375 0.7299736359375 0.47353696718749994 0.73791648125 0.4629869484375 0.7452093078125 0.45171935625000004 0.7416250609375 0.448325478125 0.72148456875 0.43967599375 0.714065175 0.4328882734375 0.7020351671875 0.422978240625 0.7121573109375 0.409868271875 0.7081328734375 0.4030999765625 0.7193030359375 0.40903437968749995 0.7275606234375 0.4123119 0.7497549640625001 0.41694694062500004 0.7574047203125 0.4201468765625 0.7715513031250001 0.42065111875000005 0.781485275 0.4264885515625 0.7867459046875 0.4435161015625 0.872295953125 0.44250765468750003 0.8806789890625 0.447724521875 0.9063104765625001 0.44735606250000004 0.9175228265625 0.4410144234375 0.9305792015625001 0.4264499640625 0.93810239375 0.43085228906250006 0.94985985 0.4364763921875 0.9541773765625001
0 0.23744134374999998 0.8087853265625 0.2312741875 0.7763844640625 0.2249907109375 0.7742884250000001 0.21818360625 0.7673092203125 0.215390940625 0.7600996531249999 0.20705175625 0.7566203203125 0.206974171875 0.7485725609375 0.21523577187499998 0.7440041359375 0.21733025156250002 0.7352858234374999 0.2126757859375 0.70443589375 0.20404568906249998 0.6919656953125 0.191827809375 0.6816120703124999 0.18304258125 0.681297328125 0.1729773796875 0.6753239578125 0.1683035625 0.6777758078125 0.1699714234375 0.695422259375 0.164735203125 0.7030925515625001 0.1674115109375 0.7123559703125 0.1139245609375 0.8277467656249999 0.1075247265625 0.8277045765625 0.101144278125 0.8226115828125 0.08093632656250001 0.8308680515625 0.07502134687499999 0.8458106390625 0.07571953125 0.8617385171875 0.0861144578125 0.8948521250000001 0.08968285312499999 0.897786353125 0.096509346875 0.8997147546875001 0.113575559375 0.890410265625 0.12146869687499999 0.8970541921875 0.1302539265625 0.897368934375 0.14264632500000002 0.8905162953125 0.1758285375 0.9216398937499999 0.18459434218749998 0.8987544625 0.19409706875 0.853444328125 0.20063264687500001 0.8463818625 0.224215053125 0.8350657125 0.2310706078125 0.8152924203125 0.23744134374999998 0.8087853265625
0 0.44715581562500006 0.510853165625 0.4386420765625 0.49632911718750006 0.4373039046875 0.4775719203125 0.42999255625000005 0.46065874687499997 0.4231660625 0.4587303484375 0.41257723281249997 0.44787380624999995 0.4031520171875 0.44472975000000003 0.3957631203125 0.44801979375 0.391166890625 0.45851940156250004 0.3982261359375 0.4845910796875 0.3974310171875 0.49391722031249996 0.3998939953125 0.50223753125 0.3918263390625 0.5127998671875 0.379724815625 0.50039239375 0.37332498125 0.5003502046875 0.3626004421875 0.52484929375 0.364675571875 0.5494327609375 0.358973921875 0.565318453125 0.360253896875 0.5709770859375001 0.3848060140625 0.589630484375 0.41114234843749997 0.6238764890625 0.417115525 0.6220324671874999 0.426075271875 0.6051409453125001 0.43032239062500005 0.57255190625 0.43371623281250005 0.564441421875 0.4459146890625 0.5515948749999999 0.456018665625 0.5474666421875 0.4650947671875 0.5285212687499999 0.45528166875 0.5133893921875 0.44715581562500006 0.510853165625
0 0.603156590625 0.47883646874999997 0.597881596875 0.49660837031250005 0.5913460203125 0.503670834375 0.5858188875 0.5023502640624999 0.5748422093750001 0.5077568796875 0.575152509375 0.5116969421875 0.58692434375 0.525215159375 0.6106037953125 0.573397915625 0.620203565625 0.5875866875 0.627805790625 0.5852397515625001 0.633701384375 0.5753479687499999 0.6496039062500001 0.5018290453125 0.63629999375 0.4918106984375 0.6213282234374999 0.46414589843750004 0.61006063125 0.4605616515625 0.60119781875 0.45219915000000005 0.5956513 0.45592938437499997 0.5964852296875 0.4647526109375 0.603156590625 0.47883646874999997
0 0.8858066921875001 0.5146711171875 0.9005457109374999 0.5181926390625 0.9071394875 0.5242287375 0.9112702859375 0.5219445265625 0.914664128125 0.5138340421875001 0.914819259375 0.501678584375 0.9102036046875 0.48897802187500006 0.90543278125 0.46018194218749997 0.895677878125 0.45814862968750003 0.8890065171874999 0.44406477187500004 0.8821412499999999 0.45223797968749996 0.873996009375 0.45475255625 0.8664325578125001 0.446997884375 0.8489784609375001 0.4443145546875 0.8457009781249999 0.45037118749999994 0.8457785609374999 0.458418946875 0.842501078125 0.46447558125 0.8376139359374999 0.4659843265625 0.8221379578124999 0.45663653281250005 0.816087196875 0.4504327953125 0.8113551843750001 0.439786084375 0.792834440625 0.432387225 0.78992541875 0.42723150624999995 0.78546493125 0.4306264640625 0.7887812249999999 0.4427191953125 0.7973143515625 0.452192440625 0.80635171875 0.4715996546875 0.8075153359374999 0.4793121359375 0.8173478218750001 0.489393209375 0.8259585312500001 0.5069142109375 0.8425787734375 0.55727626875 0.8415703265625 0.5656593046875 0.8451387234375 0.5685935343749999 0.851965215625 0.570521934375 0.8674023796875 0.5617203609375 0.8727549578125 0.55199621875 0.8759742421875 0.53284101875 0.8858066921875001 0.5146711171875
0 0.9435601124999999 0.3333895015625 0.9461200625 0.34470676875 0.94251289375 0.351874146875 0.943036521875 0.3567573140625 0.9525005468750001 0.3780507375 0.9606070156250001 0.3856377703125 0.9723206531249999 0.3860574234375 0.978212165625 0.3787158640625 0.9551456796875 0.2767413421875 0.95294648125 0.2901332171875 0.9478072328125 0.30080046562499996 0.9376256734374999 0.29688094062500003 0.9168940546875 0.27200326874999997 0.8985866781249999 0.293798490625 0.90007998125 0.3004002296875 0.9087100781249999 0.3128704265625 0.9435601124999999 0.3333895015625
0 0.821478325 0.2611011890625 0.81597058125 0.2547298140625 0.81087010625 0.2552954515625 0.8138761000000001 0.263448125 0.8105986156249999 0.2695047609375 0.8062544875000001 0.2708458671875 0.79663533125 0.2617079 0.787811328125 0.27149476875 0.7733632234375001 0.2769641109375 0.7564521421875 0.2741131390625 0.7514874140625001 0.26757412812500003 0.7442148765625001 0.268810321875 0.7394634765625 0.2632144109375 0.7342466453125 0.26583390156250003 0.744816090625 0.2817412453125 0.7587987984375 0.312738278125 0.7791426078125 0.38213008125000003 0.78833510625 0.3893818390625 0.79560764375 0.3881456453125 0.8042183171874999 0.377415671875 0.8168627828125 0.33315355625 0.827761875 0.319699178125 0.8373228359375 0.3157385828125 0.8402706312499999 0.3107926921875 0.8370513078125 0.3016969140625 0.8281497234374999 0.3034360234375 0.820256546875 0.26854111875000003 0.821478325 0.2611011890625
0 0.8209353078125 0.2612688265625 0.806991409375 0.24842116406249998 0.8120336859374999 0.23475696093749998 0.8026666312499999 0.216460490625 0.7960340421875001 0.1922750234375 0.7969649078125001 0.1758442296875 0.790080215625 0.160817265625 0.7819737499999999 0.15323023281249998 0.7705704109375 0.1567506390625 0.76979468125 0.1610259765625 0.7637245312500001 0.15987304375 0.763491815625 0.1639807421875 0.7561998921875001 0.170267740625 0.7623282375 0.1845192359375 0.7566072015625 0.2054557296875 0.7480353 0.206084096875 0.74884984375 0.2199581265625 0.7549781890625 0.234209621875 0.7587017546875 0.2532393703125 0.7572472609374999 0.264787 0.7533491796875 0.2629635125 0.751274084375 0.2666310234375 0.7677003484375 0.2827481921875 0.7945214640625 0.2754770171875 0.7987686218750001 0.27113895625 0.812848265625 0.2768819671875 0.818646921875 0.29224420625 0.8213620031250001 0.2914060140625 0.8232431546875001 0.2817445953125 0.8209353078125 0.2612688265625
0 0.9154200265625001 0.175597796875 0.919996871875 0.1701489921875 0.9283360546875 0.173628325 0.9308627375 0.16938899062499999 0.90300805625 0.046246359375000004 0.882819490625 0.0494520234375 0.884409765625 0.059050718749999995 0.8803759375 0.0643318859375 0.8809965375000001 0.0722120078125 0.8927878343750001 0.1371813703125 0.9037839375000001 0.1549749265625 0.910009253125 0.172223378125 0.9154200265625001 0.175597796875
0 0.7548810328125 0.0899577875 0.76091240625 0.101212328125 0.7719278968750001 0.1139550796875 0.7703570453124999 0.1275565578125 0.7830209703125 0.1347455890625 0.8224865859375001 0.1114632734375 0.8206829828125001 0.100921475 0.8218271765624999 0.08543378593749999 0.825434346875 0.07826640625 0.8252597906249999 0.06722169375 0.8215944234375 0.06129050781249999 0.7568009578125 0.0701947609375 0.7537174156249999 0.08224530625000001 0.7548810328125 0.0899577875
0 0.6876246625 0.1470436828125 0.703372128125 0.14218216875 0.7115949546875 0.147715353125 0.71409670625 0.1459340546875 0.7100434531250001 0.12801505 0.6980776765625001 0.10850292187499999 0.690262121875 0.1099067546875 0.6825241515625 0.119358346875 0.6799254296874999 0.1181426890625 0.679401803125 0.11325952343750001 0.6728274109375 0.10217261875000001 0.657021746875 0.09393556875 0.6396064609375001 0.10940160624999999 0.63937374375 0.1135093046875 0.6470729421875 0.114159321875 0.656032725 0.125518778125 0.658282371875 0.13289598281249998 0.6569442375000001 0.14238976406249998 0.648934740625 0.1377996828125 0.649982 0.1475660171875 0.654074025 0.1553834125 0.66813428125 0.166177225 0.665380428125 0.1771170265625 0.6662143578124999 0.1859402546875 0.6897967640625 0.1746241046875 0.6907082421874999 0.1632441140625 0.6876246625 0.1470436828125
0 0.660299415625 0.22913381562500001 0.663499315625 0.21502942187500002 0.663014459375 0.20004464687499998 0.6648956109374999 0.190383228125 0.6844829609375 0.1742466375 0.683765390625 0.1633695640625 0.6793436765624999 0.1566629109375 0.6656325328125 0.167958525 0.6649537703124999 0.175230815625 0.6559552140625 0.1739729703125 0.6546946265625 0.1632635328125 0.6478875203125 0.15628432812499998 0.640731340625 0.1554666734375 0.6350684640625001 0.1612507546875 0.6238978421875 0.16066346250000002 0.628086840625 0.1714778125 0.61970891875 0.2063510640625 0.6135417999999999 0.20220117656249997 0.607665596875 0.20704215312500002 0.6108461468749999 0.2262395390625 0.6099540546875 0.2325687265625 0.6073359468749999 0.23640387343749997 0.6018088140625 0.2350833015625 0.5965337859375001 0.22460422812499997 0.5822214265625 0.2229689171875 0.57797426875 0.22730697812499998 0.5767524921875 0.23474690781250002 0.579002140625 0.24212411406249998 0.59568050625 0.24908278125 0.606152978125 0.26199317187500004 0.614123703125 0.27668485781249996 0.619806003125 0.2941009453125 0.626923409375 0.3050202109375 0.62797066875 0.31478654375000004 0.6245962140625 0.3178462234375 0.6296966859375 0.3172805828125 0.6350492625 0.30755643906249996 0.6478683203125 0.30259001093750004 0.649516715625 0.2687853171875 0.6674750203125 0.253151640625 0.660299415625 0.22913381562500001
0 0.6357087109374999 0.361836903125 0.6208145234375 0.3422198625 0.622172046875 0.32767527812499997 0.6009944203125 0.3342131734375 0.5849172296875 0.31193445625 0.5812906359375 0.2959016625 0.5711090765625 0.29198213906250003 0.559046365625 0.29772403281250004 0.55704885625 0.30943930000000003 0.5648256375 0.318137075 0.56781224375 0.331340553125 0.5642826578125 0.3465556890625 0.5690922546875 0.36525016250000003 0.5756860328125 0.3712862609375 0.58706998125 0.372816659375 0.5901535609375 0.389017090625 0.5945752718749999 0.3957237421875 0.602080565625 0.41863082656249995 0.6090040265625001 0.42355618125000005 0.61780864375 0.4188201171875 0.6265744468750001 0.39593468593750003 0.6280483265625 0.379336253125 0.6357087109374999 0.361836903125
0 0.48341204062500004 0.3614322 0.4868252671875 0.3482709125 0.48575862187499996 0.343555384375 0.45492302812499996 0.3228059484375 0.44755351875000005 0.3210451859375 0.44320939062500003 0.3223862921875 0.441444596875 0.3299938609375 0.4354908078125 0.3267870796875 0.423117796875 0.3285889125 0.41958820937499997 0.34380405 0.42075182812499995 0.3515165328125 0.42852860625 0.3602143078125 0.4365769140625 0.38295375468750004 0.4397768484375 0.3971003375 0.4380702546875 0.41780646875 0.44218166718749996 0.42057306250000004 0.447437309375 0.43610293906250003 0.4481548796875 0.446980015625 0.4453234421875 0.44987205625 0.455194703125 0.44985151874999996 0.459771546875 0.4444027140625 0.46699072499999994 0.4217425125 0.48011520625 0.4007906140625 0.48341204062500004 0.3614322
0 0.5017775015625 0.2679826125 0.5036392671875001 0.263372 0.5252435515625 0.25872031406249996 0.531565803125 0.2507147421875 0.5358517328125 0.23627507187500002 0.535483234375 0.2192364484375 0.5243513859375 0.208547546875 0.5243901609375 0.198445940625 0.5198714765625 0.1887423328125 0.51347164375 0.18870014375 0.5080802546875 0.18027491874999999 0.49299216250000005 0.18291494375 0.480910065625 0.1937076421875 0.47355998125000004 0.21514705156249997 0.46944860468750005 0.2406314375 0.46056640625 0.237319740625 0.4545156453125 0.231116003125 0.45172298125 0.2239064375 0.4465255375 0.22147512187500001 0.44152203281249996 0.22503771718749999 0.44918245468749995 0.2357893421875 0.463165165625 0.266786375 0.4684014203125 0.28736705625000003 0.4637470125 0.2988935921875 0.45651326562500005 0.3041536640625 0.4558345046875 0.31142595625 0.4724547109375 0.3335370375 0.4892300484375 0.343492659375 0.4998964265625 0.3341459828125 0.5069168234375 0.3138173171875 0.5057532078125 0.3061048328125 0.502087840625 0.3001736484375 0.5003230109375 0.2795302421875 0.5017775015625 0.2679826125
0 0.6295607578125 0.18313035625000001 0.6261281046875 0.173091471875 0.616082290625 0.16206729375 0.5977361015625 0.16571315 0.58714726875 0.154856609375 0.58115466875 0.1335004625 0.5855181843749999 0.12710855000000001 0.5851302984375 0.1151207296875 0.5876320515625 0.11333943124999998 0.573513596875 0.089447053125 0.5615866296875 0.0880842953125 0.5329231390625 0.09491527968749999 0.5262711999999999 0.1040315921875 0.5305959437500001 0.107741290625 0.5308480828125 0.1268337625 0.536763096875 0.140142153125 0.54068060625 0.1651658125 0.5453350343750001 0.16776476406250002 0.5507070328125 0.18124079375 0.5500282734375 0.1885130859375 0.5375777140625 0.21051813749999998 0.5383728703124999 0.2294429703125 0.5433569859375 0.2309311796875 0.6028560359374999 0.2165986578125 0.611583065625 0.2038148359375 0.622210671875 0.20456976718750003 0.6295607578125 0.18313035625000001
0 0.441696440625 0.1230785265625 0.443907315625 0.140557340625 0.440300146875 0.14772471874999998 0.43184460468749997 0.146299234375 0.4291489109375 0.142086621875 0.4248047828125 0.1434277296875 0.42303998906249995 0.151035296875 0.4265889984375 0.1590203328125 0.43145675624999996 0.1625623890625 0.43262037343750004 0.1702748734375 0.427597484375 0.178888271875 0.4293041171875 0.186433115625 0.4357815359375 0.1945230640625 0.438671171875 0.2047295859375 0.444954646875 0.206825625 0.44547827812499996 0.211708790625 0.4603724265625 0.2030748546875 0.482209390625 0.1660644953125 0.4784664390625 0.1520855515625 0.4456139125 0.1198512078125 0.441696440625 0.1230785265625
0 0.42451401874999994 0.24744076874999998 0.42951751875 0.243878175 0.4364215234375 0.1973523796875 0.4300604609375 0.18720858437500001 0.39635465625 0.1794527953125 0.3923789890625 0.16958155 0.3809174546875 0.16000339375 0.3725201109375 0.171676471875 0.36910688125 0.18483776093749998 0.3612913296875 0.1862415921875 0.35332060468750004 0.1715499046875 0.3429063296875 0.1717380796875 0.340113703125 0.1927794890625 0.3351102 0.1963420828125 0.33487748281249996 0.20044978281249998 0.3413355171875 0.21359053281249998 0.35657877656250003 0.2270460265625 0.36059321718750004 0.22681566250000001 0.373140746875 0.20780756875 0.38211991875 0.21411621875 0.390420328125 0.22769716093749998 0.39749896093750003 0.248718034375 0.3998455796875 0.25909219375000003 0.39524934843750004 0.2695918046875 0.4019788703125 0.26852325 0.408242959375 0.275670090625 0.412373759375 0.273385878125 0.42451401874999994 0.24744076874999998
0 0.369979809375 0.3530652328125 0.3825854984375 0.318904725 0.3837103046875 0.3084678390625 0.3950554421875 0.2918488703125 0.3949002734375 0.2757533515625 0.3988371328125 0.26747523125 0.3931354453125 0.2551099453125 0.38650289375 0.2591754546875 0.3757783171875 0.25542356875 0.37098814375 0.25992926875 0.3695530375 0.26642609375 0.363793190625 0.26921322187499996 0.356986084375 0.2622340171875 0.3520601296875 0.24559339531250002 0.34730873125 0.2399974875 0.3398034765625 0.2453413796875 0.3239978140625 0.2371043296875 0.3159301578125 0.247666665625 0.321243959375 0.2480441296875 0.326965034375 0.255358609375 0.32607294375 0.261687796875 0.3386980953125 0.2789784359375 0.348026375 0.3073765140625 0.342460471875 0.316157553125 0.330242590625 0.305803928125 0.324540940625 0.32168961875 0.3258015296875 0.33239905625 0.33127049999999997 0.348872040625 0.34055996875 0.3591207515625 0.35268087812500004 0.36647741875 0.362009121875 0.36662452343749996 0.369979809375 0.3530652328125
0 0.2938410171875 0.23733357656249998 0.284221859375 0.228195609375 0.26428539687499997 0.2222427703125 0.2627533203125 0.225742640625 0.2663217171875 0.22867686874999998 0.2673302 0.2485448109375 0.2531148125 0.24990645625000002 0.25233908125000004 0.2541817921875 0.2543560125 0.265666696875 0.274408871875 0.297816659375 0.2856570765625 0.30645171250000003 0.2953343953125 0.3004372671875 0.3087740125 0.2750999828125 0.32355180625 0.268519896875 0.33121219062499996 0.2510205484375 0.3322206390625 0.24263751249999999 0.328671628125 0.23465247812499998 0.3225045109375 0.2305025921875 0.3148635109375 0.2429511359375 0.307144928125 0.247351921875 0.2958773375 0.24376767500000002 0.2938410171875 0.23733357656249998
0 0.3312123765625 0.392275428125 0.34119999375 0.3902010421875 0.3426544859375 0.3786534140625 0.3354401078125 0.36473719375 0.32677124062499996 0.3623686046875 0.324967634375 0.35182680624999996 0.3271590859375 0.3461054484375 0.3252197375 0.3426683015625 0.3077850265625 0.3349341671875 0.30429421562500003 0.340047696875 0.304895428125 0.3529786203125 0.3028203359375 0.3566461296875 0.2787724609375 0.34792670000000003 0.2636649453125 0.32736655312499996 0.25641179531249997 0.32355194374999996 0.24772353749999998 0.3262341578125 0.243360021875 0.33262606875 0.24200249999999998 0.347170653125 0.24312734374999997 0.3649847421875 0.25501553593750004 0.3764491109375 0.2560240203125 0.39631705156249997 0.2728963296875 0.4092696296875 0.2769883546875 0.417087025 0.2822246109375 0.437667709375 0.27526239218750004 0.4569694484375 0.27020071093750003 0.46155896875 0.2815458859375 0.47319097499999996 0.28990445625 0.47161950625 0.2996011609375 0.46055425625 0.31657036562499996 0.4200018359375 0.33167784375 0.41231100625000006 0.3312123765625 0.392275428125
0 0.165058284375 0.24842433437500003 0.151288940625 0.2466213859375 0.148224784375 0.2536211265625 0.1515410796875 0.2657138578125 0.1676376578125 0.28294177343750004 0.16955761875 0.291429721875 0.1678122109375 0.2939864875 0.182299125 0.3066665140625 0.1866432546875 0.30532540625000004 0.2031082546875 0.2830899921875 0.19953985937500002 0.2801557625 0.20021862031249998 0.2728834703125 0.209158978125 0.261042753125 0.2007616 0.24446485624999997 0.1806118078125 0.2375689140625 0.171380534375 0.240418765625 0.165058284375 0.24842433437500003
0 0.23510774531249998 0.5234342328125 0.2228122984375 0.5191583375 0.21497735625 0.5256129734375 0.2138719390625 0.5309990546875001 0.21315440468750002 0.548372953125 0.2164513109375 0.565516490625 0.202759553125 0.5717613 0.19424585156250002 0.5854882265625 0.1894750640625 0.584943125 0.1823770453125 0.56897305625 0.1651168890625 0.5722836359375 0.15658376406250002 0.5628103906249999 0.1536553546875 0.562705478125 0.14851610625 0.5733727265625 0.13947877656250002 0.5822164875 0.1534032875 0.60011495625 0.1596091828125 0.5941632343750001 0.1620915453125 0.5974327421875001 0.168064721875 0.5955887203125 0.1884278421875 0.60342776875 0.21336784375 0.6340689875 0.2687942375 0.5927427765625 0.2865392296875 0.590291484375 0.2932881390625 0.584172125 0.2944129453125 0.5737352390625 0.2928032828125 0.56918735 0.2510491703125 0.538692115625 0.242651790625 0.52211421875 0.23510774531249998 0.5234342328125