0 0.23515255468750001 0.138752659375 0.23271998124999999 0.12479179375 0.22800602187500002 0.11913209375 0.217652346875 0.12448829374999999 0.183804471875 0.11267701875 0.14912524375 0.080444925 0.1424085828125 0.085874384375 0.1302081 0.11252491718749999 0.1188908734375 0.1289912046875 0.11265599062500001 0.12886561875 0.0989817828125 0.14250205625 0.0921423296875 0.155348703125 0.085425671875 0.1607781609375 0.0862239296875 0.163576615625 0.0832245828125 0.168153490625 0.0739903515625 0.17260477968750002 0.058644032812500003 0.16951329375 0.05132750312499999 0.1758581265625 0.039259220312499996 0.17097775312500002 0.03506013125 0.1773853796875 0.0332180234375 0.1866228546875 0.032693748437499996 0.198669246875 0.0398449828125 0.206232953125 0.044521145312499996 0.20632714375 0.0469631234375 0.19617429375 0.0577985734375 0.18526304843750002 0.06906859843749999 0.18734497187500002 0.0767725015625 0.2125415125 0.0773251703125 0.23017434531249997 0.0987788734375 0.2528654671875 0.10661497812500001 0.24653109843749998 0.11860296562499999 0.2523373125 0.12872045468749999 0.23770177656249997 0.1365943546875 0.2369329171875 0.1406281484375 0.24443383281250003 0.1429804234375 0.259320540625 0.15576667187499998 0.26792520937500003 0.16203465156250002 0.2856731609375 0.16630933125 0.2903965546875 0.172785103125 0.2877446171875 0.1798560421875 0.296234165625 0.20031780000000002 0.300356146875 0.207558734375 0.282880296875 0.21539483593750003 0.276545928125 0.21948053125000003 0.253441775 0.22032599218749999 0.23769201875 0.210775278125 0.23378981250000003 0.2045073015625 0.2160418578125 0.1940780328125 0.2102670421875 0.188046240625 0.20179842187500002 0.18661501875 0.182292978125 0.1830205 0.1757283703125 0.18103190625 0.15064695 0.18443273437500002 0.141440871875 0.19282620781249998 0.140682478125 0.19846122187499998 0.1417234390625 0.20057731250000002 0.147330809375 0.23206820781249998 0.15631223593750002 0.23515255468750001 0.138752659375
0 0.317701665625 0 0.30501437187499997 0.02937591875 0.29497718125 0.0430856171875 0.28442511718749997 0.0447279875 0.27554986718749996 0.051041424999999994 0.269551171875 0.060195175000000004 0.2624755328125 0.0637624859375 0.24681273125 0.0523175046875 0.24301512500000003 0.054095926562499994 0.2396945921875 0.062376165625 0.23873103750000002 0.073486253125 0.2434024984375 0.0856373015625 0.24439444375 0.104206440625 0.2513850875 0.1136218265625 0.27108638281249997 0.12051086562499999 0.2872356625 0.1143439453125 0.29735315 0.099708409375 0.3033377390625 0.126725234375 0.3169647453125 0.1316370046875 0.32267535468749997 0.143808984375 0.3251882234375 0.1568440109375 0.3408132265625 0.1627234859375 0.35036864218749997 0.15456883125 0.380267721875 0.1458964921875 0.38406062812499997 0.156174928125 0.3967334828125 0.14808306875 0.4014852390625 0.1593082765625 0.40720055000000005 0.159423396875 0.41327954062499994 0.1493438046875 0.4143280921875 0.12525101875 0.4236898203125 0.101325678125 0.4319227 0.102418965625 0.4395132125 0.1109189796875 0.44395318906250003 0.10173383124999999 0.4461967765625 0.087867153125 0.45267254843750004 0.0852152171875 0.45375419375000003 0.078744796875 0.450400565625 0.0694026703125 0.437888303125 0.075642846875 0.43505424687499994 0.06631118281250001 0.4324563796875 0.06625885625 0.4234205390625 0.0744239734375 0.417105359375 0.0752242296875 0.40004443125 0.06189616875 0.3976496546875 0.0535008109375 0.40157005625000003 0.044305196875 0.39889659375000003 0.03312185 0.3989815921875 0.020139153125 0.3867574171875 0.0050535984375 0.38545948124999996 0 0.317701665625 0
0 0.4895937234375 0.199620728125 0.48295265781249996 0.21618120468750002 0.4600820171875 0.239834440625 0.45368654375000006 0.24156053593750001 0.44004543281249997 0.2728193421875 0.43964395156249997 0.2774485453125 0.4483114078125 0.2915349984375 0.4462284125 0.3035499953125 0.4403100109375 0.3117779046875 0.43954484843749997 0.32660182187500003 0.4446177890625 0.33412366875 0.4681969875 0.338308440625 0.47758710937500004 0.34406232812500004 0.4835055078125 0.33583441718749996 0.49325931250000005 0.33139359375 0.4924232578125 0.32302963125 0.494865234375 0.31287678125 0.513050309375 0.3132430734375 0.5239188546875 0.31995419531249997 0.5307489046875 0.3312212671875 0.5378954375 0.3508418328125 0.538769290625 0.36477130468749996 0.541206565625 0.3666753125 0.5468037828125001 0.3621507625 0.5490851671875 0.3538495953125 0.546969078125 0.3482422234375 0.54741305625 0.3371216703125 0.5417402453125 0.3305152 0.541385965625 0.3165961953125 0.5536998421875 0.3066421890625 0.5625325921875 0.306820103125 0.566892271875 0.29856079375 0.570137209375 0.2791495390625 0.5659050265625 0.267934796875 0.5584326078124999 0.2640744515625 0.5543941125 0.268630396875 0.5475593609375 0.2694201859375 0.5386888125 0.2636767640625 0.5313391875 0.252399228125 0.5281130578125001 0.22358305 0.5229976171875 0.22255255312500002 0.514136475 0.192695415625 0.5047463546875 0.186941528125 0.49539403125000003 0.1867531484375 0.49031638749999995 0.1912881640625 0.4895937234375 0.199620728125
0 0.296336234375 0.3394840390625 0.286700521875 0.34856453125 0.286176246875 0.3606109234375 0.28253453125 0.372594525 0.2884057296875 0.3829148234375 0.2952782796875 0.3876905421875 0.297753353125 0.395160059375 0.29839101874999996 0.39981019375 0.293270878125 0.41083655625000004 0.29378574999999996 0.42290388125 0.3078142359375 0.42318644843750003 0.3175633375 0.430802484375 0.327718621875 0.42173245625 0.35321552343749996 0.42781077500000003 0.3578160921875 0.41677394375 0.3592189234375 0.4066001640625 0.366374859375 0.40210701093749995 0.36985128125 0.40403195 0.373441096875 0.42265341718749994 0.3775976828125 0.42273714218749997 0.39047363125 0.40630225 0.39327459062500003 0.39801154843750003 0.3950364015625 0.38969991406250004 0.3927644203125 0.373887365625 0.389330496875 0.365471075 0.37817856562499996 0.36802882187499997 0.3723451625 0.363274034375 0.3596108171875 0.3240642984375 0.358533871875 0.318477859375 0.3614529234375 0.3148268234375 0.318862 0.277798078125 0.30942937812500004 0.27853554062499997 0.3011917953125 0.28949911093749997 0.2965865265625 0.3125928 0.30085650625000004 0.32937305 0.296336234375 0.3394840390625
0 0.6017132843749999 0.37716864375000003 0.5977928828125 0.38636425625 0.6019872687500001 0.3920134890625 0.5981849593749999 0.40584877031250005 0.5850728265625 0.413004325 0.5783939640625 0.42399929218750004 0.5750687296875 0.4443363890625 0.5767408406250001 0.4610643125 0.580056671875 0.464840934375 0.582295559375 0.4630311140625 0.5943591406250001 0.47996834843749997 0.6141029359375 0.4803660359375 0.6191049843750001 0.4647000046875 0.621272978125 0.43970230781249997 0.641021475 0.4280431375 0.6492118578125 0.43562777343750003 0.6617903125 0.4646323328125 0.6707458578125001 0.457393053125 0.6695602234375 0.42305322656250005 0.654416996875 0.41161871093749997 0.6447859890625 0.4086423453125 0.63807873125 0.3899580859375 0.6385605078125 0.3844030421875 0.6424384125 0.38169877812499997 0.6433216703125 0.37151453125 0.6473601640625 0.3669585875 0.62966156875 0.34898039375 0.6167525234375 0.34779291562500003 0.6077969796875 0.35503219218750004 0.6001167671875 0.3715717375 0.6017132843749999 0.37716864375000003
0 0.7599464859375 0.06502013749999999 0.7504760703125 0.06019209062500001 0.7387242671875 0.06366521093750001 0.734685771875 0.06822115625 0.7306047765625 0.07926845 0.730642575 0.084833959375 0.715763928125 0.11235800625 0.7037712359375 0.11860865000000001 0.7015654453125 0.1380408375 0.7082302015625 0.163216446875 0.7039508171875 0.1705499140625 0.695155865625 0.1759375078125 0.682605803125 0.1766121796875 0.6799654375 0.18305120156250002 0.673848646875 0.187565284375 0.67416513125 0.19591878125 0.68071649375 0.2043978640625 0.692586390625 0.20556440937499998 0.70381861875 0.202080821875 0.7134874250000001 0.21062269687500002 0.7117209124999999 0.230991190625 0.7168741468750001 0.23758719374999998 0.717988890625 0.24873914218749998 0.7146258578125 0.26351073125 0.7202183718749999 0.27104304218749997 0.7216495953125001 0.2905484875 0.72340670625 0.2942937109375 0.73371788125 0.2954288609375 0.7385499328125 0.3057282296875 0.7441896484375 0.2947123296875 0.7497065671875001 0.29111362343749997 0.7548220078125001 0.29214411875 0.7584968203125 0.297782884375 0.7632957765625 0.29045988437500003 0.7695778609375 0.2720372625 0.77285589375 0.27024837343749997 0.776450409375 0.27681298125 0.7835685484375 0.2667543203125 0.782893084375 0.2565386765625 0.7799362359375 0.2546242015625 0.7766629046875 0.24435623281250002 0.7793835671875 0.23699136875 0.7897797390625 0.22514381874999997 0.79170214375 0.21498050468750002 0.7895860531250001 0.2093731328125 0.7841116328125 0.2064804921875 0.7840029421875 0.1777271046875 0.7660209578125 0.1690177828125 0.7635930875 0.14300005625 0.7647219328125 0.11798142812500001 0.7574242124999999 0.07609882812499999 0.7599464859375 0.06502013749999999
0 0.45130623593749997 0.4010353609375 0.44510915000000006 0.406475284375 0.437825715625 0.43044248593749995 0.4192722578125 0.45232776562500004 0.41862988906250004 0.459734490625 0.414950375 0.46615258125 0.407756640625 0.4650802265625 0.40400153281250006 0.46036729843749996 0.39616543125 0.46670166562500004 0.3966425046875 0.47320348125 0.40467229531250004 0.4826398 0.4049084828125 0.49191913749999994 0.41226280624999995 0.4911398125 0.42053348437500004 0.49779860937500003 0.42537023906250004 0.49604111875 0.429049753125 0.4896230265625 0.4343257859375 0.488801840625 0.43540743125 0.482331421875 0.44574220625 0.47419246875 0.454872540625 0.47994112343750006 0.452747046875 0.49844746874999996 0.45550080312499996 0.508704975 0.45141980937500004 0.5197522703125 0.456530546875 0.5328396234375 0.46900031249999996 0.53309079375 0.48183376093749997 0.523147253125 0.48739318125000003 0.513057196875 0.4869161046875 0.5065553796875 0.48064342499999996 0.5008642859375 0.48100710781249995 0.4906695734375 0.48612725 0.4796432109375 0.4890840984375 0.48155768437499996 0.49380276093750003 0.475160525 0.4942845375 0.4696054796875 0.4802607515625 0.45726605468750003 0.47506971875000004 0.44510453906249997 0.478229659375 0.43867598281250003 0.484866021875 0.434172365625 0.48498881718750003 0.426755175 0.462136984375 0.402180978125 0.45130623593749997 0.4010353609375
0 0.41366111875 0.5950432703125 0.40550383125 0.605081 0.40070957656250006 0.60034714375 0.3898788265625 0.5992015281249999 0.3862843109375 0.59263691875 0.37797113437499996 0.592469471875 0.4057778140625 0.6199258484375 0.416329878125 0.6182834734375 0.4203730765625 0.601670671875 0.42861065781249996 0.5907071015625001 0.44735310312500004 0.596649365625 0.455826871875 0.5949651328125001 0.4683107421875 0.559045728125 0.467394390625 0.5516076062499999 0.45840104843749996 0.5532813734375 0.45005007499999994 0.54754841875 0.445218021875 0.53724905 0.4287522609375 0.5350624749999999 0.4185638796875 0.5265101343749999 0.4144072921875 0.5264264109375 0.4087297796875 0.5318768 0.39828640625 0.5622725578125001 0.39972233125 0.5697211453125 0.41450657812499997 0.5792935156250001 0.4158622078125 0.5876679421875 0.41366111875 0.5950432703125
0 0.20338483593749998 0.5110464109375 0.1682287140625 0.5743328828125 0.1577947421875 0.580614921875 0.15999113125 0.5852964515625 0.17985301874999998 0.590333809375 0.1881283984375 0.5849357453125 0.1954496296875 0.5665340546875 0.213719703125 0.553917646875 0.21999238124999998 0.559608740625 0.221584196875 0.5772625062500001 0.22973207968749998 0.59133849375 0.24008575312499997 0.58598229375 0.2472841890625 0.5749977921875 0.25101090312499996 0.5500314921875 0.24925849531250002 0.534229409375 0.25709459843750004 0.5278950421874999 0.2686858078125 0.5262736015625 0.26865741718749997 0.49659437500000003 0.265983953125 0.48541102656249996 0.262786215625 0.48627407500000003 0.255866465625 0.500046565625 0.24895141718749997 0.5017621953125 0.231611803125 0.4856461484375 0.2178242046875 0.48258605781249997 0.206308590625 0.49533851718750005 0.20306835156249997 0.5026929140624999 0.20338483593749998 0.5110464109375
0 0.1652337015625 0.3628121375 0.15240025468750001 0.372755678125 0.148243665625 0.37267195468750003 0.1557160859375 0.3765322984375 0.1568733265625 0.38119289843750004 0.168266146875 0.3758576296875 0.174137346875 0.386177928125 0.17057592500000002 0.3972356875 0.1599010671875 0.40629525 0.15034095 0.42650676093750006 0.14410606718750002 0.4263811765625 0.13842855625 0.431831565625 0.1396235921875 0.4420576734375 0.1461749578125 0.45053675625 0.1531703015625 0.44789528437500004 0.1601231484375 0.4517451640625 0.162796609375 0.462928509375 0.168431621875 0.4639694703125 0.17194114062500002 0.48351677656250003 0.1754553609375 0.49100722656249995 0.1880479203125 0.48384120781249995 0.19620520624999999 0.47380347812499995 0.201920515625 0.4739185984375 0.21060207812499998 0.45183447499999996 0.217399034375 0.4454791765625 0.21983630937499998 0.447383184375 0.22131003124999998 0.46039727968750005 0.23390259218749998 0.45323126093750005 0.238181975 0.4458977953125 0.23906523124999998 0.435713546875 0.2360705859375 0.4282335640625 0.23643897187500001 0.40598199375000005 0.23356241875 0.403141678125 0.2362830796875 0.3957768171875 0.23604689531249998 0.386497478125 0.22813519843750002 0.3817008296875 0.2283760859375 0.3789233078125 0.21187252812500001 0.3711712203125 0.18746197343749998 0.346565625 0.1790307046875 0.3417585109375 0.1732351 0.3425692296875 0.1684361421875 0.34989223125 0.1652337015625 0.3628121375
0 0.020747059374999998 0.48645161249999996 0.0284178703125 0.49402578437500005 0.027775499999999998 0.5014325093750001 0.0238173 0.5050626109375 0.028932740624999998 0.5060931078124999 0.0328862375 0.5145198625 0.0395603984375 0.5155817546875 0.050107759375000005 0.5259962406249999 0.051265000000000005 0.5306568406250001 0.06349857812500001 0.521628675 0.07740426875 0.5293284328125 0.091158771875 0.5147661546875 0.10610831093749999 0.5104299859375 0.11533784218750001 0.518035553125 0.1179026125 0.5004655125 0.1267778625 0.49415207656250004 0.1033355640625 0.4463795359375 0.1059806328125 0.42788365468749995 0.07429605 0.40313154375 0.0656616890625 0.4066674578125 0.06673863437500001 0.4122538984375 0.062019971875 0.41865105781249995 0.0572966078125 0.437105078125 0.0476183984375 0.4526769203125 0.0320642875 0.469985325 0.022310482812499997 0.47442614843750003 0.0197504125 0.4799393296875 0.020747059374999998 0.48645161249999996
0 0.6776043031250001 0.49833935 0.6770894296875001 0.48627202656249996 0.6889262296875 0.46981620468749996 0.6858512875 0.4632620625 0.68153410625 0.4650300203125 0.6732634296875 0.45837122187499996 0.6705474687499999 0.45367922656250004 0.671468521875 0.44906048906249996 0.6595183296875 0.4488197828125 0.6582666875000001 0.48125560156249997 0.6523057890625 0.4959748609375 0.6517815140625001 0.5080212546875 0.6429440625 0.5199002015625 0.636742275 0.5373969828125 0.62650669375 0.54739285 0.627503340625 0.5539051328125 0.63362013125 0.54939105 0.639094553125 0.552283690625 0.649174425 0.6341030265625001 0.6478140921875 0.6377854562499999 0.6515267015624999 0.6489897328125 0.6491225218750001 0.6647080921875 0.6428829359375 0.676639365625 0.6517912828125 0.6879482968749999 0.65438915 0.6880006234375 0.6611483078125 0.676079815625 0.6678649671875 0.670650359375 0.6865649125 0.6830839734375 0.7000832296875 0.6592423593750001 0.702369315625 0.63888433125 0.6993746703125 0.6314043484375 0.69981865 0.62028379375 0.695624265625 0.6146345625 0.6932719859375001 0.599747853125 0.7009521984375 0.5832083078125 0.6935222765625 0.572856615625 0.695643071875 0.5664071265625 0.7041971359375 0.563797053125 0.7052787828125 0.5573266343750001 0.696332640625 0.5404521921875001 0.691864271875 0.5199581140625 0.6821954640625 0.511416240625 0.6776043031250001 0.49833935
0 0.5047895812500001 0.588531696875 0.53524603125 0.5854353328124999 0.5466388531249999 0.5801000625 0.554871734375 0.5811933515625001 0.5580694703125 0.580330303125 0.571025715625 0.562969571875 0.5754609890625 0.565841284375 0.5809448125000001 0.5446202078125 0.5725513390625 0.5453786015625 0.561763090625 0.5377416359375 0.54886345 0.512440440625 0.5373572390625 0.50107918125 0.5301635046875 0.500006825 0.5219259234375 0.510970396875 0.5183975968750001 0.539650525 0.504043225 0.555128178125 0.5023192109375 0.569005321875 0.4953191640625 0.58370365 0.4987530875 0.5921199390624999 0.502390103125 0.5921931984375 0.5047895812500001 0.588531696875
0 0.5622732593750001 0.5618658187500001 0.56182928125 0.5729863734375 0.5515512 0.5894735890625 0.5520660734375 0.6015409140625 0.5499452796875001 0.6079904015625 0.544187471875 0.61436663125 0.539671903125 0.6124207609375001 0.5269187484375 0.6214384609375 0.529351321875 0.6353993296875 0.5337440984375 0.6447623890624999 0.56075251875 0.6694203109375 0.56290640625 0.680593190625 0.5730522890625 0.6956368828125 0.5788478921875 0.6948261625 0.587165771875 0.6829367515625 0.6032725515624999 0.68326118125 0.60495406875 0.6758753859375 0.5976422421875001 0.6701633609375001 0.5928101875 0.6598639937499999 0.5915348546875 0.650563725 0.5954552578125 0.6413681125 0.6014917515625 0.6377798718750001 0.6018932312499999 0.63315066875 0.587869446875 0.6208112406249999 0.57988215625 0.6048835718750001 0.5808882093750001 0.587282134375 0.585285684375 0.5845883374999999 0.571625584375 0.5620541984375 0.5677098843749999 0.5591929515625 0.5622732593750001 0.5618658187500001
0 0.292543875 0.6352667421875 0.2890627515625 0.6453986609375 0.29465526406250003 0.652930971875 0.30372890468749997 0.6503313625 0.313917284375 0.658883703125 0.34414225 0.63445114375 0.350216540625 0.636428409375 0.355454775 0.6300417140625 0.355898753125 0.6189211625000001 0.346947909375 0.61410358125 0.34115700625 0.6028574421874999 0.33844574843749997 0.5861085859374999 0.3418087796875 0.5713369984375001 0.32606568125 0.56081785625 0.3197505046875 0.5616181109375 0.3137896046875 0.5763373734374999 0.3059535015625 0.582671740625 0.299473028125 0.5973805359375 0.2884013921875 0.5990124421874999 0.286001915625 0.6026739421875 0.28759373125 0.6203277046875 0.292543875 0.6352667421875
0 0.2497120609375 0.6010155203124999 0.2449509015625 0.613904028125 0.2446675140625 0.6231729015624999 0.2712035640625 0.629272146875 0.278080815625 0.6219910093750001 0.28224680625 0.5979610156249999 0.280612490625 0.5867986000000001 0.2556351640625 0.5807307500000001 0.2507181140625 0.58341408125 0.2497120609375 0.6010155203124999
0 0.2803764875 0.6795396421875 0.2872868328125 0.6898808734374999 0.294282178125 0.6872394015625 0.29424438125 0.68167389375 0.2887321625 0.6732157421875 0.29113634374999997 0.6574973828124999 0.2887793640625 0.6546675328125 0.2903002875 0.6491334203125 0.2884628828125 0.6463140375 0.2676374390625 0.6523867671875 0.2646380921875 0.6569636421875 0.2636745390625 0.6680737296875 0.2598344328125 0.6763435046875 0.258988971875 0.692093259375 0.27121785 0.6951219515625 0.2757806203125 0.6785196140624999 0.2803764875 0.6795396421875
0 0.870880596875 0.31024860468750004 0.8514957843750001 0.3117130640625 0.8479012671874999 0.30514845625000003 0.8474666921875 0.2921552921875 0.8355164984375 0.29191458593749997 0.82684904375 0.27782813281249996 0.8144170765625001 0.28314246875000004 0.8043798843750001 0.2968521671875 0.7942198984375 0.317979053125 0.7942529921875 0.3356014203125 0.7790625640625 0.3427151125 0.776341903125 0.350079975 0.7766158859375001 0.3649248203125 0.774414796875 0.37230015 0.7596636453125 0.3803501484375 0.751463859375 0.396879228125 0.75784993125 0.4192668484375 0.7710376578125 0.4232423140625 0.782709165625 0.42069503125 0.782463575 0.4355294140625 0.7850992390625 0.44114725000000005 0.7911357328124999 0.43755900781249996 0.8004455593750001 0.4442387359375 0.800762040625 0.45259223281249994 0.81027495625 0.450928928125 0.8151495078125001 0.45473694687500005 0.8173883953125 0.45292712812499997 0.817350596875 0.4473616171875 0.8228297203125001 0.43819740156250003 0.827713675 0.4178917015625 0.8321536515625001 0.40870655312500004 0.8438629546874999 0.4117247796875 0.85074020625 0.404443640625 0.8513022781249999 0.39796275625 0.83999445625 0.390315325 0.8378405671875001 0.37914244531249996 0.83144979375 0.368811684375 0.8276993890625001 0.352041896875 0.8270664218749999 0.33533490312500003 0.8330651203125001 0.32618115312499996 0.848444534375 0.3468950078125 0.862912296875 0.34811388125 0.8686323078125 0.3361721421875 0.869274675 0.32876541718749996 0.872434615625 0.322336859375 0.8720378375 0.3149092046875 0.870880596875 0.31024860468750004
0 0.7825156609375 0.506944725 0.7838665875 0.5273760125 0.788221565625 0.5311735640624999 0.7941777625 0.5285111625 0.79673313125 0.5350548390625 0.7950894140625 0.5480061421875 0.781212115625 0.5699856109375 0.787966571875 0.5701216625 0.7899267734375 0.56552385625 0.7959632671875 0.5619356140625 0.803402590625 0.548173590625 0.8098736593750001 0.5575785125 0.8098311609375 0.5640698625 0.8156645625 0.5688246515625 0.8171004875 0.5762732374999999 0.8222159281250001 0.5773037328124999 0.8258104421875 0.583868340625 0.8317666406249999 0.5812059390625001 0.835413059375 0.5571654796875001 0.8460076203125 0.549031759375 0.85005081875 0.5324189546875 0.860640678125 0.536342090625 0.8662709890625001 0.5494399125 0.8782258828125 0.537623759375 0.8843473749999999 0.5210528156249999 0.8851125390625001 0.5062289015625 0.87085256875 0.4846101390625 0.8680185140625 0.4752784734375 0.8569515796875 0.464853521875 0.8544765062499999 0.45738400468749996 0.8556384484375 0.44998774375000006 0.8509669890625 0.437836696875 0.8369810015624999 0.431062778125 0.82430814375 0.43915463906249996 0.80182958125 0.48229239062499996 0.7896385015625 0.48482920468749996 0.77820318125 0.49665582500000005 0.777641109375 0.503136709375 0.7825156609375 0.506944725
0 0.9368620999999999 0.5276753390625 0.8969495203125 0.591793459375 0.8857881843750001 0.6184649249999999 0.89733219375 0.6353916921875 0.9042850390625 0.639241571875 0.9094051796875 0.6282152078125 0.9176380625 0.629308496875 0.9252332750000001 0.62575165 0.9329465828125001 0.6268344734375 0.94740964375 0.6401102062499999 0.9556047265625001 0.6356379859375 0.9561667999999999 0.6291571 0.9504136953125 0.623476471875 0.9447833828125001 0.610378653125 0.9405606046875 0.5750501921875 0.9437205453124999 0.5686216359375 0.9507158875 0.5659801640625 0.9582686031250001 0.56891466875 0.9542348109375001 0.561413753125 0.9503569078125 0.5641180171875 0.9462829656249999 0.557080025 0.9469276859375 0.5436448703125001 0.9522887156250001 0.529840984375 0.9457751468750001 0.5269274109375 0.9368620999999999 0.5276753390625
0 0.7606418515625 0.6391306218749999 0.7596357984375001 0.6567320609375 0.7490790328125 0.6704312906250001 0.7652236109375 0.6763212296875001 0.7814153875 0.6636629609375 0.7885288265625 0.6656611578125 0.7922036390625 0.671299925 0.8006774078125 0.6696156906249999 0.8037570531249999 0.664112975 0.8025998124999999 0.659452375 0.8109601890624999 0.6410716140625 0.8180311265625001 0.6495611625 0.82586723125 0.64322679375 0.8265095984374999 0.63582006875 0.8216822468749999 0.61346384375 0.8087354093749999 0.60671085625 0.8018250625000001 0.5963696281249999 0.799113803125 0.5796207734375 0.7932001046875 0.575791825 0.7837249859375001 0.5830206375 0.7782458609375 0.5921848546875 0.7772445125 0.5977294328125 0.779280309375 0.6042626453125 0.7775184953125 0.6125742796875 0.7716000968750001 0.6208021890625 0.7645244546875001 0.6243695015624999 0.7606418515625 0.6391306218749999
0 0.06950521875 0.686421678125 0.0900944734375 0.6710696109375001 0.08989608437499999 0.667355784375 0.0791881296875 0.6587929781249999 0.0778325 0.6504185515625001 0.08291484375 0.6338266796875 0.08183789999999999 0.6282402375 0.0638559171875 0.619530915625 0.057658832812500005 0.6249708375 0.0515373421875 0.64154178125 0.0497330296875 0.6563447640625 0.053804621875 0.6694111890625 0.0520050109375 0.6721573140625 0.054720971875 0.676849309375 0.0598175125 0.67509705 0.06950521875 0.686421678125
0 0.09950340156250001 0.6285960640625 0.09981518125 0.6490064203125 0.1155300671875 0.731866715625 0.1210044875 0.7347593578125 0.1347542890625 0.7322539375 0.1345181015625 0.7229745999999999 0.13723876562499998 0.7156097359375 0.133965434375 0.7053417671875 0.14664769375 0.6731361890625001 0.1522024109375 0.675102990625 0.1434168609375 0.65637686875 0.1438183421875 0.6517476656250001 0.15093648125 0.64168900625 0.151498553125 0.6352081218750001 0.1455895578125 0.6193223140625 0.1417541546875 0.615535228125 0.12892540624999999 0.613421909375 0.1105844421875 0.6028504406249999 0.09950340156250001 0.6285960640625
0 0.096858515625 0.749112325 0.1002168453125 0.7463975953124999 0.10489770937500001 0.7344349265625 0.100027859375 0.7185700515625 0.106229646875 0.70107326875 0.104033259375 0.6963917375 0.0774972109375 0.690292490625 0.0660193921875 0.7086104578125 0.0573047328125 0.7130722140625 0.05822108593749999 0.720510334375 0.0628169515625 0.721530365625 0.07745000937499999 0.7088407 0.0803265625 0.7116810124999999 0.0808414359375 0.7237483375 0.089745078125 0.747114128125 0.096858515625 0.749112325
0 0.020825895312500002 0.68358624375 0.0209392875 0.700282771875 0.017453460937500002 0.7224715500000001 0.0335649421875 0.7107391203125 0.038883473437499996 0.7034265859375 0.040286303125 0.693252803125 0.046365296875 0.6831732125000001 0.0485663859375 0.6757978828125 0.046648684375 0.673904340625 0.026668703125 0.664227315625 0.020825895312500002 0.68358624375