0 0.84392046875 0.7650255671874999 0.8112532359375001 0.75378936875 0.8040932156249999 0.7535407484375 0.794291290625 0.758740134375 0.7754852750000001 0.76175313125 0.7730274890625 0.765496728125 0.772936890625 0.7758398640624999 0.7805586609375 0.7813183921875 0.794817334375 0.7823837703125001 0.8148215578125001 0.7777830421874999 0.82662244375 0.7825920156249999 0.840819740625 0.7842255296875 0.8545552937500001 0.780629134375 0.85523038125 0.7743796328125 0.84392046875 0.7650255671874999
0 0.7306645125 0.75314495625 0.7165899578125 0.7503751671875001 0.7041139859375 0.7518156968749999 0.6809739640625 0.7474276578125 0.6683752484375 0.7500044609375001 0.6661950937500001 0.760682375 0.6738168640625 0.7661609031250001 0.6856177484375 0.7709698765625 0.701136 0.7698793859374999 0.7108166406249999 0.7753072046875 0.7113090765625001 0.780253046875 0.7237558234375 0.7885875171875 0.7418253796875 0.7923921578125 0.7504290953125 0.788780503125 0.7514724125 0.77912218125 0.7306645125 0.75314495625
0 0.6229046859375 0.7432392296875 0.592817984375 0.7271231609375 0.5845503515625 0.7181191359375 0.5697685609375001 0.7123919875 0.556217125 0.714283971875 0.55296150625 0.72541334375 0.574260378125 0.746845478125 0.607696215625 0.7604709 0.619096725 0.7594818296875 0.62567225625 0.755636815625 0.6272386921875001 0.7506402671875 0.6229046859375 0.7432392296875
0 0.489007909375 0.6337108390624999 0.47905109531249995 0.6308396328125 0.46347147499999997 0.6324982609375 0.45938587656249996 0.6418065421875 0.4660403125 0.651487753125 0.4673495734375 0.6726331156249999 0.47358902187499996 0.6814037828124999 0.4856967609375 0.6833720734375001 0.4961445515625 0.681698184375 0.510461671875 0.6632135640625 0.5105522671875 0.6528704249999999 0.489007909375 0.6337108390624999
0 0.6315478999999999 0.66322629375 0.6332969921875 0.6470344031249999 0.6246611296875 0.6414391968750001 0.612492015625 0.6400390406249999 0.602935578125 0.64296588125 0.5969766859375001 0.6601113953125 0.597961553125 0.6700030734375 0.6133599828125 0.689030721875 0.6274959109375 0.691232371875 0.6372364625 0.6866011234375 0.6383411515625 0.6763746671875001 0.6315478999999999 0.66322629375
0 0.7534859890625001 0.6844462234375001 0.7394114328125 0.6816764375 0.7228177171875 0.6832183828125 0.7113850640625 0.6750005906250001 0.6989704625 0.6758729828125001 0.7015217687499999 0.6807681140625 0.6939321453125 0.6844964484375 0.7088074546875001 0.698862325 0.751460725 0.7031947265625 0.76000306875 0.7001512062499999 0.7619377375 0.6917458390625 0.7534859890625001 0.6844462234375001
0 0.872199146875 0.7165114546875 0.8651618687499999 0.7151265625 0.8596910265625001 0.7087451203125 0.844909234375 0.7030179703125 0.8509002734375001 0.6950793203125001 0.8491468 0.6827984171875 0.8345491234375 0.6753668578124999 0.8201063390625001 0.676005890625 0.8175608750000001 0.7090744875 0.853179790625 0.7310038609375 0.861231159375 0.7325054328125 0.8707262281249999 0.7301467328125 0.874136734375 0.7270879484375 0.872199146875 0.7165114546875
0 0.89618668125 0.637018128125 0.8812821468750001 0.6324272515625 0.8639811984374999 0.6310118375 0.8367555812499999 0.63593208125 0.8236951171875001 0.6332789734375 0.8092523281249999 0.6339180062499999 0.803629521875 0.6384478359375 0.797422221875 0.6388840328125001 0.7968698765625 0.6439972625 0.8131275062500001 0.6550709984374999 0.8282161578125 0.6579574625 0.8396166640624999 0.6569683921875 0.8524930140625001 0.6613259078125 0.8587616875 0.660321578125 0.8655827046875 0.654204015625 0.8738795609375 0.6534330421875 0.894070821875 0.6661097687499999 0.89545314375 0.662817628125 0.8983989812500001 0.6355470765625 0.89618668125 0.637018128125
0 0.7762490140625 0.635297490625 0.7593776671875 0.6299051203125 0.7399257875 0.6293926187500001 0.715248553125 0.620226128125 0.698900325 0.6194955281250001 0.692386165625 0.6227724046875001 0.69140421875 0.631862590625 0.6968136890625 0.6388121703125 0.7127936874999999 0.6429515890624999 0.7313863656249999 0.6514180015625 0.7620546359375 0.6526458390625 0.778709721875 0.6505357578125001 0.781719853125 0.6416789328125 0.7762490140625 0.635297490625
0 0.66506703125 0.619053925 0.632890771875 0.6032726328125 0.6205375421875 0.6035768874999999 0.5942938718749999 0.5994069453125 0.5826478749999999 0.6026685640625 0.5726618390625 0.609572359375 0.57585900625 0.6179929890625 0.6081872359375 0.62286300625 0.6237668578125 0.6212043781250001 0.6440808625 0.6327448343750001 0.6603063453125 0.6346117078125 0.6656836703125 0.6323544203125 0.6685096859375 0.62520200625 0.66506703125 0.619053925
0 0.523031246875 0.6038797921875 0.506405384375 0.5962148734375 0.4990904734375 0.587895665625 0.48323321718749995 0.5826199703125 0.474936359375 0.5833909453125 0.4684222 0.586667821875 0.46750162656249994 0.5951898703125 0.48351377187500005 0.6085361546875 0.4807812734375 0.6243272953125001 0.4842853 0.6299072421874999 0.49006299999999997 0.6334480015625 0.504260296875 0.635081515625 0.515199059375 0.6288625375 0.5242616 0.6114989265624999 0.523031246875 0.6038797921875
0 0.43397226875 0.5729257203125 0.42008182656250004 0.5684515234374999 0.38981393125 0.5730217296875 0.38099395468749997 0.5691309296875 0.36267891093750004 0.567598834375 0.354013825 0.571778628125 0.35029645625 0.5776780921875 0.352234046875 0.5882545859375 0.360747165625 0.59498606875 0.37940121250000003 0.6028843453125 0.37949472968750003 0.6115230703125001 0.39375340468750003 0.612588446875 0.3922775625 0.607241859375 0.40373944218749996 0.6056846515625 0.4076117 0.60785578125 0.4290303921875 0.609169778125 0.4368655 0.6031688953125001 0.4424853890625 0.5796572015625 0.43397226875 0.5729257203125
0 0.3735207828125 0.63665865 0.3671907375 0.63823111875 0.3452839953125 0.6604440781250001 0.3508775796875 0.665689246875 0.368055784375 0.6682409359375 0.3775508515625 0.66588223125 0.38323503125 0.6607842640625 0.41150688906250005 0.6651875640625 0.426195159375 0.662275984375 0.42539440781250004 0.6506798953125 0.3735207828125 0.63665865
0 0.2445501390625 0.6726906109375 0.2354233046875 0.67164049375 0.2135136359375 0.6748715890625 0.21000961093749998 0.6692916421875 0.19731737656249998 0.66322971875 0.17906370625 0.6611294859375 0.1705827328125 0.663604865625 0.16704948125000002 0.667799921875 0.169171184375 0.67667200625 0.186627025 0.686158015625 0.1926823578125 0.696633090625 0.20150233593750003 0.7005238890625 0.2106291703125 0.7015740046875 0.219048771875 0.699666759375 0.2268838828125 0.6936658765625 0.247472596875 0.6931587875 0.257335890625 0.6873912640625 0.2572423734375 0.6787525359375 0.2445501390625 0.6726906109375
0 0.2769397609375 0.610461090625 0.2585019734375 0.6100652671875 0.2510350953125 0.6126573296875 0.23594644687500002 0.6097708640625 0.2110266484375 0.6218587828125 0.2063565609375 0.6270734296875 0.2066341953125 0.6340077484375 0.2162841484375 0.6397196359375 0.22946735468749999 0.641236471875 0.24212744375 0.63809153125 0.249316690625 0.628565153125 0.2576135484375 0.6277941796875 0.271565359375 0.6317002406250001 0.285362284375 0.6275357078125 0.2884337875 0.6181107453125 0.2769397609375 0.610461090625
0 0.27664171406250004 0.5371845609375 0.267392134375 0.53727071875 0.2408123796875 0.545716459375 0.2263725171875 0.5653373562499999 0.2258201734375 0.5704505828124999 0.23338057031249998 0.57649725 0.24352149843749998 0.57766404375 0.2572570515625 0.57406765 0.2720359203125 0.5608129328125 0.28266782031250004 0.5574346390625 0.2873379078125 0.5522199890625 0.2883812265625 0.5425616703125 0.27664171406250004 0.5371845609375
0 0.3875607203125 0.508340325 0.3945044796875 0.50108649375 0.394595075 0.49074335625 0.39007695625 0.48504672812500005 0.3751110484375 0.48102399062499995 0.36143686875 0.484052246875 0.3442615828125 0.5004824234374999 0.34143556875000003 0.5076348375 0.3573249703125 0.5221173921875 0.3631961859375 0.5342968796875 0.3843693953125 0.5378834234375 0.395185409375 0.532800715625 0.39635147187499997 0.5220061234375 0.3875607203125 0.508340325
0 0.5270437828125 0.5192121921874999 0.518253028125 0.50554639375 0.505499425 0.5000526046875 0.492132103125 0.5002401796875 0.48666418437500003 0.5128406015625 0.491459934375 0.5254715437499999 0.48218113437500004 0.535332703125 0.4827977703125 0.5486332015625 0.4945986546875 0.553442175 0.5099941640625001 0.5534879578125 0.522683475 0.540568021875 0.5364804000000001 0.5364034875 0.5375237171875 0.526745165625 0.5270437828125 0.5192121921874999
0 0.6266185453124999 0.5159089156250001 0.5926011375 0.5171717203124999 0.588734725 0.5529643203125 0.6156856281249999 0.560091625 0.6163928624999999 0.5630489859375001 0.6271796562499999 0.567741278125 0.640301490625 0.5698262484375001 0.656833834375 0.568852440625 0.6554807375 0.5623695796875 0.66561874375 0.5445545109375 0.6660454234375 0.521595690625 0.6266185453124999 0.5159089156250001
0 0.780921390625 0.579678521875 0.78183904375 0.5521746125 0.7776277828125 0.5436373031249999 0.7660110125 0.5371239203125 0.7547946203125 0.53640858125 0.7462522765624999 0.5394521015625 0.737958340625 0.5592049390625 0.7306755765624999 0.5600925921875 0.727174471875 0.573494509375 0.726192525 0.58258469375 0.731786109375 0.5878298609375 0.74579929375 0.591167784375 0.7583366390624999 0.5891591203125001 0.771733184375 0.57919654375 0.780921390625 0.579678521875
0 0.9061136390625 0.58027815 0.8945582406250001 0.57319663125 0.8974456296875 0.565476078125 0.8868429499999999 0.5590793749999999 0.8706174687500001 0.5572125031249999 0.8490468078125 0.5668097796875 0.8432398828125001 0.57304401875 0.8411532484375 0.5923606593749999 0.847331321875 0.6016994640625 0.8456421421875 0.6078322875 0.8951485765625 0.6152539921875 0.9033840609375 0.6150511562500001 0.9078086640624999 0.61210905625 0.9102956750000001 0.5985904578125 0.9061136390625 0.58027815
0 0.8848685765625 0.49558044843750004 0.8761713421874999 0.490553378125 0.8660304140624999 0.48938658124999995 0.8544457921875 0.4920800625 0.8519880046875 0.49582366093749997 0.852113671875 0.51366925 0.864922975 0.5316495156250001 0.8976387812500001 0.538035484375 0.8979968859374999 0.5223456015625 0.8774659921874999 0.5165862375 0.8869289109375 0.505020671875 0.8848685765625 0.49558044843750004
0 0.793600221875 0.485079290625 0.7819220796875 0.4791340453125 0.715515071875 0.47609496875 0.7023640125 0.48378499843749995 0.7039947421875 0.4972021765625 0.7190833921875 0.5000886421875 0.7253842109375 0.5082911718750001 0.7465574187499999 0.5118777156250001 0.7509820171875 0.508935615625 0.7913002453125 0.5158753421875 0.791913959375 0.5101939765625 0.8046967921875 0.505912765625 0.8058920781250001 0.485343171875 0.793600221875 0.485079290625
0 0.6606726171874999 0.4705481921875 0.6361502734375 0.46945229062499993 0.611718528125 0.45801325468750004 0.601516228125 0.45741459687499997 0.5960775328125 0.46024001718749996 0.5949728453125 0.47046647343750003 0.6110463625 0.48324462187500006 0.6239840812499999 0.4870340015625 0.6433745890625 0.4881146390625 0.6584018671874999 0.49156924062499996 0.6701706078125 0.4871713515625 0.671213925 0.4775130296875 0.6606726171874999 0.4705481921875
0 0.5279199718750001 0.4639018984375 0.5101251296875 0.44804971250000003 0.4944519859375 0.4410696109375 0.48256050625 0.446603775 0.48050309375 0.456145415625 0.48400712187500006 0.4617253625 0.49562389375000004 0.4682387453125 0.5021409718750001 0.48394372968750005 0.5097627421875 0.48942225937500006 0.52079501875 0.49184200625 0.5347146859375 0.4865412015625 0.5355738890625 0.47858729218749996 0.5279199718750001 0.4639018984375
0 0.4390220875 0.4469678265625 0.4332122421875 0.4342202046875 0.39713450156249996 0.4260427875 0.3898517359375 0.4269304390625 0.3826624890625 0.43645681875 0.36345609843750004 0.43367177031250004 0.35771054375 0.4393378734375 0.3603232203125 0.4436648671875 0.356176253125 0.4535412859375 0.38401850937500004 0.46192154375000005 0.3963425109375 0.47139228749999995 0.39191791249999997 0.4743343890625 0.432481625 0.47900156875000005 0.43733582968749996 0.4720825140625 0.4390220875 0.4469678265625
0 0.2887460296875 0.4254542578125 0.27175193750000004 0.421198159375 0.2578322703125 0.4264989640625 0.24489455000000002 0.422709584375 0.24126777968750002 0.4182659125 0.2371500359375 0.4183673296875 0.241823046875 0.43213454531249995 0.25116614375 0.440687115625 0.2548250609375 0.4543376515625 0.2636450359375 0.4582284515625 0.2790405453125 0.458274234375 0.28758289062500003 0.45523071562500006 0.290347534375 0.4486464359375 0.293325521875 0.43058274843750005 0.2887460296875 0.4254542578125
0 0.4267444875 0.3740339453125 0.4199526953125 0.37037650625 0.398534003125 0.3690625109375 0.3951848671875 0.3715531546875 0.347431903125 0.376412353125 0.3370776375 0.38672496875 0.33692566875 0.39763624062499997 0.35736241406249997 0.4080404234375 0.386402878125 0.41483294531250003 0.3982329890625 0.40986692031249994 0.425087453125 0.38937363281250004 0.429634796875 0.3852952578125 0.4267444875 0.3740339453125
0 0.5523078859375 0.3902066171875 0.5320874 0.387304890625 0.52044140625 0.39056650625 0.5166012953125 0.39760224375000003 0.5082430687499999 0.39894135468749997 0.4934612734375 0.3932142046875 0.478895746875 0.3949895109375 0.4728433359375 0.40349629687500005 0.4772387109375 0.4103291953125 0.48510596718750004 0.4135351765625 0.526683775 0.41831904062499997 0.5571036375 0.4028375609375 0.5588541921875 0.3961366046875 0.5523078859375 0.3902066171875
0 0.6664415515625 0.41714336249999995 0.6535652046875 0.4127858421875 0.641334715625 0.411953825 0.641241196875 0.403315096875 0.6269211546875 0.40281785625 0.6070689 0.3965073109375 0.5930264890625 0.4029443890625 0.5949027078125 0.414089021875 0.6178293859374999 0.42995646875000004 0.64388894375 0.43583081874999996 0.6687181453125 0.4340860359375 0.674340953125 0.42955620312500004 0.6757232765625 0.426264065625 0.6664415515625 0.41714336249999995
0 0.7939366953125 0.40592879843749996 0.7778339515625 0.40292565312499995 0.7456313890625 0.4159012265625 0.73048136875 0.41358289687500005 0.7169299312499999 0.41547488125000004 0.7119529859375 0.4235302109375 0.714504290625 0.42842534062500004 0.7251683390625 0.434253909375 0.7578647968750001 0.43571510937499996 0.7699111656250001 0.438251534375 0.77725530625 0.43679574531250004 0.7855813859375 0.42624977187499996 0.7965815187499999 0.41946265625 0.798209328125 0.4138979703125 0.7939366953125 0.40592879843749996
0 0.9182434359375 0.44323919843750004 0.8833025296875 0.43404218749999995 0.8504833296875001 0.4337172625 0.842125103125 0.435056371875 0.83333726875 0.4403724390625 0.8354589718750001 0.44924452343750004 0.8471984859375 0.4546216328125 0.8646221796875 0.45490077500000003 0.8710135937500001 0.4527601703125 0.905247265625 0.45899981875 0.9208268875 0.45734119375000004 0.9237756484374999 0.44905250625 0.9182434359375 0.44323919843750004
0 0.9168202000000001 0.380378884375 0.9131934312500001 0.3759352109375 0.90520343125 0.373865503125 0.90701535625 0.3665964078125 0.9036340734375001 0.3598801859375 0.89868635 0.3581605171875 0.9067669468749999 0.3498870875 0.854202159375 0.3375119109375 0.835041065625 0.329555296875 0.8164805375 0.33029574687499996 0.8194643656249999 0.3501957875 0.8306544546874999 0.3796679890625 0.8478940343750001 0.381651540625 0.8766276375000001 0.39128474999999996 0.9113522828124999 0.39297930625 0.9158382546875 0.38946906875 0.9168202000000001 0.380378884375
0 0.7925426843750001 0.333293484375 0.788793171875 0.32998608281249997 0.7664217578125 0.3279872703125 0.7603079734375 0.33706219375 0.760924615625 0.35036269062500003 0.7458067390625 0.3572512234375 0.7473760984375 0.371236540625 0.7612051671875 0.376278871875 0.77051611875 0.3756245796875 0.7812093921875001 0.3716781453125 0.7928846125 0.358641528125 0.7954329953125 0.344554796875 0.7925426843750001 0.333293484375
0 0.5515597390625 0.3210967984375 0.54261701875 0.318342275 0.5312778812500001 0.318763209375 0.51351810625 0.3310997515625 0.5083862703124999 0.3310844890625 0.500673903125 0.3359490984375 0.5041165578125 0.34209718125 0.49975332968749997 0.34447114375 0.500337821875 0.3485647796875 0.509280540625 0.35131930625 0.5272565796875 0.34648521875 0.5395484359375 0.3467491 0.5533132140625 0.33337770624999996 0.555063765625 0.3266767484375 0.5515597390625 0.3210967984375
0 0.393577515625 0.3103972484375 0.3949598390625 0.307105109375 0.37246568125 0.30624256875 0.3655832921875 0.3129282671875 0.36579955468750003 0.320430721875 0.3794048859375 0.3338837375 0.38719194375 0.35050158124999997 0.39779462187500003 0.35689828437500004 0.41097782812499994 0.35841511718749997 0.4196429140625 0.354235325 0.41536735937499997 0.32728429062500003 0.393577515625 0.3103972484375
0 0.2702351859375 0.3496991171875 0.27115575937499997 0.341177071875 0.24598755312499998 0.33655567343750004 0.24168569374999999 0.3383615 0.2285638578125 0.3362765296875 0.22899638125 0.3512814390625 0.2233443484375 0.36558626875 0.2271552328125 0.3683255328125 0.22703541249999998 0.3884436703125 0.23978901874999997 0.39393746093750004 0.24796313125 0.3943027578125 0.26062321875 0.391157821875 0.26762835156250003 0.3833358515625 0.28225525 0.380992409375 0.28222310625 0.37178554531249997 0.2702351859375 0.3496991171875
0 0.23170536875 0.29493384375 0.2321028234375 0.281750028125 0.239631075 0.27858982656250003 0.2371411390625 0.2731265609375 0.1844375359375 0.257284225 0.16790519375 0.258258034375 0.1524804609375 0.26798725 0.1611163234375 0.273582459375 0.1634221421875 0.28075013437499996 0.156142296875 0.30061965156250003 0.16284349375 0.314620228125 0.1679753296875 0.3146354890625 0.171692696875 0.3087360265625 0.1869040890625 0.31048621875000004 0.189394021875 0.3159494859375 0.206019884375 0.323614403125 0.2104152609375 0.33044730312500004 0.2397304359375 0.32519227968750003 0.2441842609375 0.31247518125 0.23170536875 0.29493384375
0 0.285504940625 0.2153469703125 0.2757936125 0.2102032203125 0.261534940625 0.20913784375 0.25280848125 0.21388577187500002 0.245774125 0.2314827421875 0.23578808593749997 0.2383865359375 0.2358202328125 0.247593403125 0.2464842828125 0.2534219671875 0.25871476875 0.25425398593750004 0.2899032375 0.24116173281250003 0.29196065 0.23162009218750002 0.285504940625 0.2153469703125
0 0.3962427984375 0.257210515625 0.3971925984375 0.2389134703125 0.39101452187499997 0.229574665625 0.37598724375 0.226120059375 0.3654780875 0.22836208593750001 0.3624065828125 0.2377870453125 0.36483514375000003 0.24381845000000002 0.35054725000000003 0.2525280734375 0.34861258125 0.260933440625 0.35813979375 0.2677816 0.3724598359375 0.26827884218750003 0.3809408109375 0.265803459375 0.38668636093750003 0.26013735625 0.3962427984375 0.257210515625
0 0.516361659375 0.2382448796875 0.508216771875 0.22810458125 0.4942035859375 0.2247666578125 0.48799628593750005 0.22520285312500002 0.480222546875 0.23063559687500002 0.479395490625 0.24779637499999999 0.4703621734375 0.25538498593750003 0.4683047625 0.2649266265625 0.4728228828125 0.2706232484375 0.4807515109375 0.2732611 0.49196790312500005 0.2739764359375 0.5026611765625 0.2700300015625 0.5141522796875 0.25869779375 0.516361659375 0.2382448796875
0 0.19303708125000002 0.1243745265625 0.181943434375 0.1225229140625 0.1725389640625 0.11453848124999999 0.163289384375 0.1146246375 0.151549871875 0.109247528125 0.1350789 0.1096532015625 0.11206454531250001 0.12311075468749999 0.09654629375 0.12420124375 0.08864981250000001 0.1307702609375 0.08671514687500001 0.1391756296875 0.0921859859375 0.145557071875 0.1070291484375 0.15071608281249999 0.1113017828125 0.15868525625000002 0.12042861875 0.1597353703125 0.1316128640625 0.15124384531249999 0.14239965625 0.155936140625 0.1527246984375 0.155398525 0.1886796953125 0.16471221875 0.19482270468750001 0.1458622953125 0.1968479671875 0.12711378906249998 0.19303708125000002 0.1243745265625
0 0.1893834265625 0.2001977625 0.186309003125 0.190640859375 0.189842253125 0.1864458078125 0.184187296875 0.1817687734375 0.1673159484375 0.1763764015625 0.15490134687499998 0.17724879375 0.15013774375 0.173824715625 0.1280118140625 0.16955335625 0.12045141562499999 0.163506690625 0.11237082031250001 0.1717801171875 0.10927009218749999 0.190980078125 0.1106845625 0.1968948015625 0.1211644953125 0.20442777968749998 0.14255396250000002 0.21551677656249998 0.1841317703125 0.2203006375 0.1967304859375 0.2177238359375 0.1980192921875 0.20579297031250002 0.1893834265625 0.2001977625
0 0.305770121875 0.14429893437500002 0.28948326406249997 0.1430001984375 0.2744881359375 0.14875245937499998 0.232387209375 0.13930682656249999 0.2221235359375 0.13927630468750002 0.2160711265625 0.14778308906249998 0.21530544218749997 0.164375728125 0.220007675 0.168367946875 0.2358327859375 0.16443677343750002 0.2861691984375 0.17367956874999999 0.3084470953125 0.16703965468749998 0.31735766718749997 0.1605873171875 0.3173868921875 0.150812315625 0.305770121875 0.14429893437500002
0 0.42103118593750005 0.1607990078125 0.40246773437499994 0.1425575953125 0.37711541406250004 0.1396406078125 0.3716153484375 0.143034165625 0.37087888750000003 0.149851803125 0.3871072953125 0.170700540625 0.383389928125 0.176600003125 0.386464353125 0.18615690468749999 0.39599156562500004 0.193005065625 0.41012749375 0.1952067140625 0.4210662546875 0.1889877359375 0.424596584375 0.16581081875 0.42103118593750005 0.1607990078125