0 0.840895603125 0.1171449984375 0.8335569203125001 0.1160623578125 0.827404765625 0.1119135546875 0.8153200859374999 0.11204903125000001 0.7906234484375 0.10754575156249999 0.78680028125 0.1088338625 0.7849542609375 0.141833546875 0.77845050625 0.1418662890625 0.77546226875 0.14426977968750002 0.7719905828125 0.1524228953125 0.7788018640625001 0.1597778578125 0.8132102437500001 0.1592314375 0.81545133125 0.1657137390625 0.83425939375 0.173978609375 0.8844875999999999 0.18410054843749998 0.9140181328124999 0.186340325 0.9417470781249999 0.17687086406250002 0.9496572328124999 0.1601119265625 0.949393653125 0.15220153281249998 0.9319479203125001 0.13877971875 0.9233348078124999 0.1418086375 0.9046146437499999 0.132498378125 0.9004399984375 0.12692147812500001 0.908086453125 0.11329870312500001 0.9062409140625001 0.1021121609375 0.9005649 0.097075259375 0.8731710234375001 0.0911686734375 0.862384615625 0.0935255609375 0.8524531234375001 0.1011887265625 0.8478168828125 0.1121466671875 0.840895603125 0.1171449984375
0 0.5273533125000001 0.1017804609375 0.5214647375 0.1055420515625 0.4995365859375 0.10124875 0.4896490453125 0.10838922343749999 0.47576265781249993 0.107862021875 0.4707969109375 0.1116936046875 0.469873959375 0.122670171875 0.4847708375 0.14431509375 0.47092815625 0.16535831406249998 0.45502031093750006 0.1667819015625 0.4501424671875 0.16956809687500002 0.44227626249999996 0.1858043390625 0.464072440625 0.20271227656250002 0.49896415000000005 0.2074627859375 0.5112246296875 0.205236534375 0.517420853125 0.19781608906249998 0.5251111359375 0.194717178125 0.569011509375 0.191734528125 0.5813159390625 0.1889855828125 0.5949826953125 0.18107969375 0.5950267671875 0.16951044375 0.591731 0.164526228125 0.5826785078125 0.161735525 0.56044295 0.1390079625 0.5618493499999999 0.12228176718749999 0.5711217125 0.111412446875 0.5549942359375 0.10440294375 0.546688775 0.10377300781250001 0.539086390625 0.10582652968749999 0.5273533125000001 0.1017804609375
0 0.27537748125 0.0390088265625 0.275069953125 0.031621125 0.267555590625 0.02158270625 0.2353005171875 0.018610253125 0.2294558921875 0.021849153125 0.21649233437499998 0.02139194375 0.2059017140625 0.0258489546875 0.192894203125 0.025914440625 0.18665403125 0.0338575796875 0.1791834953125 0.034343021875000004 0.163012071875 0.027856214062500002 0.1563765875 0.018410478124999997 0.13088897187499998 0.0122691234375 0.12987605625 0.011505978125 0.109771825 0.07852495468750001 0.1113769828125 0.0786467 0.11937479531249999 0.082935490625 0.1449942625 0.0875087625 0.1754915765625 0.0892958375 0.200671665625 0.0880494890625 0.2188646671875 0.08153895312500001 0.22194080624999998 0.0780900765625 0.2213696953125 0.06279197812500001 0.2317406890625 0.049901875 0.26298515 0.0428031609375 0.26926915625 0.0453838875 0.27537748125 0.0390088265625
0 0.2153032671875 0.256435825 0.2023398296875 0.2449320578125 0.20792087656249997 0.2337827671875 0.2046251078125 0.2287985515625 0.191178221875 0.2230444140625 0.18260918125 0.21450407968750002 0.171359428125 0.21575493906249998 0.16894241875 0.22240997031249998 0.1503979390625 0.22205549531250002 0.1450367625 0.21954476406249998 0.1210871546875 0.2172022515625 0.10693706875 0.21981120937499998 0.1008288625 0.2151397125 0.10522338125 0.20705658749999997 0.09006268281249999 0.1995943828125 0.0868987671875 0.19304208750000001 0.07721326875 0.1870613609375 0.059107193749999995 0.24741932656249999 0.076483340625 0.250641115625 0.072616103125 0.2634984734375 0.0572794859375 0.269173603125 0.057762815625 0.27447053125 0.070858103125 0.28440621718750003 0.084876340625 0.2833653375 0.11774683281250001 0.2679735203125 0.152242765625 0.270063875 0.16815083749999998 0.27600468437500003 0.1989118515625 0.2746555984375 0.215654746875 0.26330083437499996 0.2153032671875 0.256435825
0 0.5003692203125001 0.3122487296875 0.4870541828125 0.3049265109375 0.4828355859375 0.2998723046875 0.44772412656249994 0.2977352609375 0.44016569375000003 0.2992660921875 0.4304979015625 0.3037930984375 0.42236812031250004 0.3121189421875 0.430761240625 0.3337966125 0.43950608124999996 0.34024617031250004 0.4525133484375 0.3622738015625 0.44798698281249993 0.37192500625 0.4759793890625 0.38141250000000004 0.4870092671875 0.393821665625 0.50933284375 0.40445728281250004 0.5148698203125 0.404877240625 0.5246694625 0.39878215625 0.55028893125 0.40335542812499997 0.5597809203125 0.400919196875 0.5903663765625 0.3795677703125 0.6002540375 0.3613807375 0.61567855625 0.3546602234375 0.6285542140625 0.35616281875 0.6473184484375001 0.353903825 0.65004310625 0.3435899375 0.6370796671875001 0.3320861734375 0.62890605625 0.32988815625 0.6140089375 0.33033634843750004 0.6042971953125 0.3353860453125 0.5874665218749999 0.336739640625 0.5758651718750001 0.34217204687499997 0.5427752921875 0.327037659375 0.5079275328125 0.3217644546875 0.5003692203125001 0.3122487296875
0 0.9708369046875 0.29480315468749996 0.9685518656250001 0.2888435453125 0.9572582890625 0.27957054062500003 0.9400321828125 0.27458181875 0.9230257078124999 0.2780261859375 0.9124352078125 0.271436640625 0.8936270234375 0.2742183265625 0.8797845875 0.273168434375 0.8661178265625 0.2810743203125 0.8576364453125 0.293581715625 0.8248100234375 0.2974042828125 0.8076277468749999 0.30293942500000004 0.7991022953125 0.32701607187500004 0.8024859624999999 0.330954896875 0.810615625 0.3336756078125 0.8146144703125 0.341343284375 0.8067923359375 0.346010275 0.79325730625 0.3633946421875 0.8020899296874999 0.379845371875 0.8126804265625 0.3864349171875 0.8199751609374999 0.388040246875 0.8586900375000001 0.3915026484375 0.9464028796875 0.386582734375 0.974219725 0.376067884375 0.981840753125 0.343474328125 0.9821589218750001 0.338105225 0.963190328125 0.3194724875 0.9708369046875 0.29480315468749996
0 0.9500487953125001 0.5199440937500001 0.9128279765625 0.5208032265625 0.89683223125 0.5232721984375 0.8887025703125 0.5205514890625 0.8836490453125 0.5143819015625 0.8596554875000001 0.51256208125 0.8531077828125 0.51311751875 0.8356618062500001 0.521788821875 0.8358814359375 0.5302219125 0.8295533609374999 0.5392104390625 0.8191385390624999 0.5415766765625001 0.8141727937500001 0.545408259375 0.8089872984375001 0.5518533109375 0.80815225 0.5617844890625 0.8178197984375 0.5793505999999999 0.832013715625 0.587265503125 0.8419450859375001 0.5906488953125 0.8458122031249999 0.5888380921875 0.8578529312500001 0.5892253078125 0.87398040625 0.5962348125 0.8781549328124999 0.6128582687499999 0.8840433859375001 0.6201432359375 0.8941066093750001 0.6219585484375 0.9057078375 0.6275726984375 0.9282512890625 0.6245482906250001 0.9345793015625 0.62108304375 0.9501356078125 0.618317725 0.9463125609375 0.6085592765625 0.9510147296874999 0.5968172953125 0.9640322609374999 0.5965776640625 0.9677781140624999 0.5807813734375 0.9717364093749999 0.5139851296875 0.9682418 0.5134335578125 0.9500487953125001 0.5199440937500001
0 0.5393892078125 0.5440299875 0.5320065734375 0.54347004375 0.5248876421875 0.5397739374999999 0.5218555734375 0.5316535640625 0.5268652703125001 0.5272992875 0.5265137921874999 0.5204342765625001 0.5229103734375 0.51910891875 0.5226467968749999 0.511198521875 0.5164946421875001 0.5070497140625 0.49373156093750004 0.501641034375 0.47760408749999994 0.49463153281250005 0.4564669171875 0.49197630468750003 0.447106771875 0.49284445625 0.41713662031250004 0.5068781718750001 0.41261013125 0.5275759328125 0.42161855312499996 0.5419358890625 0.40210716875 0.5530806765625 0.39344998593749997 0.5676788453125 0.3966139015625 0.5742311390625 0.4087424125 0.584619528125 0.428033921875 0.5871347671875 0.4360317375 0.591423559375 0.4310220421875 0.5957778359375 0.416696153125 0.6004775703125 0.41260928437500005 0.6049018390625001 0.41221373593750005 0.6096060796875 0.4205190765625 0.6212825750000001 0.4201234078125 0.6370333765625 0.42596791093749997 0.6448410375 0.4338338734375 0.650697909375 0.46015642031250004 0.6579546453125 0.48423787812499997 0.658729075 0.498651665625 0.6529839546875 0.5200085875 0.6530257125000001 0.532620665625 0.646617909375 0.5354333453125 0.6242120828125 0.54242055 0.618429709375 0.554681028125 0.6162034578125 0.5832008328125 0.6194186296875 0.5897924875 0.6183404984374999 0.5996360796875 0.611722721875 0.5988012703125001 0.5995607828125 0.589924578125 0.5946793015625 0.587595590625 0.5892423890625 0.61097409375 0.5762868015625 0.6308369546875 0.572007025 0.6436686625 0.574032315625 0.67043083125 0.56501555625 0.6762315046875 0.56229935 0.6759679265625 0.5543889546874999 0.6739026375 0.5458158796875 0.6604119234375 0.5295378796875 0.6322437171875 0.5221411578125 0.6089532375 0.5230048 0.59541833125 0.5293426078125 0.589046425 0.52780726875 0.564701025 0.5522621156249999 0.540795365625 0.549396909375 0.5393892078125 0.5440299875
0 0.036315940625 0.46326564374999996 0.02620876875 0.461973025 0.015486421875 0.4569515609375 0.0099054953125 0.45705429375 0.0021263453125000002 0.5495710578125 0.00770726875 0.5494683218749999 0.0154854546875 0.5453240234375001 0.027306432812499996 0.5483247078125 0.0360953453125 0.5432050140625 0.043214278125 0.5469011203125 0.043609707812499995 0.553243434375 0.0356116515625 0.5710477593750001 0.037237440625 0.584847771875 0.044444153125000004 0.598545046875 0.06439479375 0.60426644375 0.08953093281249999 0.6035427859375 0.09440877812500001 0.6007565890625 0.09506802812500001 0.592916184375 0.1030659609375 0.5861584203125 0.0930466921875 0.583820415625 0.09084955312500001 0.576815421875 0.101220546875 0.56392531875 0.1132612734375 0.5643125343750001 0.135848675 0.56076543125 0.15878767656249998 0.5530367796875 0.1676205375 0.547394396875 0.178123378125 0.5329362109375 0.1782993 0.5197988796875 0.17157591875 0.5113985328124999 0.17219121875 0.5040808234374999 0.1803209984375 0.495754975 0.16907137187500001 0.485959278125 0.1667423828125 0.4805223609375 0.15316364531249999 0.47633630312499997 0.13721185 0.47828258281249997 0.12249041406250001 0.487686559375 0.0769641328125 0.4879157546875 0.0675601609375 0.47826004375000003 0.055695232812499995 0.475782053125 0.036315940625 0.46326564374999996
0 0 0.832835396875 0.0045402109375 0.8301265296875 0.0111318640625 0.8290483999999999 0.02295284375 0.8320490828124999 0.0341585234375 0.8423674765625 0.058327882812499995 0.8420965218750001 0.067248525 0.84645530625 0.0746311578125 0.8470152499999999 0.0860127578125 0.8441963109374999 0.09212108125 0.837821253125 0.11589501093750001 0.8312079812500001 0.1376038953125 0.79392851875 0.1338250421875 0.761554259375 0.13914238750000002 0.7535411296875 0.1281125078125 0.741131959375 0.113391190625 0.739489378125 0.1017899609375 0.733875228125 0.0728306578125 0.73588699375 0.0704577203125 0.7309727734375 0.059032290625 0.7232678453125 0.059691540625 0.715427440625 0.051913478125 0.70852518125 0.05661564375 0.6967832031250001 0.052572850000000004 0.6896382203125 0.047211674999999995 0.6871274875 0.0148687015625 0.6852004265625 0 0.6949609921875 0 0.832835396875
0 0.5333660046875 0.8034304890625 0.5091967656249999 0.7926548875 0.504143240625 0.7864853 0.49513470000000004 0.7831719015624999 0.46784525312499997 0.7874144265624999 0.45347529375000006 0.8036834109375001 0.45743019062499995 0.8118737796875 0.453650490625 0.8568254281250001 0.46766848593750004 0.8778776640625001 0.45316679843749996 0.884668171875 0.4499148609375 0.890207821875 0.4368194515625 0.8913186953125001 0.42785473906249993 0.898529159375 0.4296122578125 0.9218076484375001 0.44143311562500004 0.9358548890625 0.46577815312500004 0.9445397171875 0.49544053750000006 0.9452114140625 0.5069979375 0.9403017015625 0.511304553125 0.9332639640625 0.521719375 0.9308977265625 0.5406156984375 0.904977534375 0.5497121421875 0.9072455453125 0.571068940625 0.9183338609374999 0.5932168421874999 0.92001369375 0.6094762874999999 0.9144085593750001 0.61646349375 0.9086261875 0.6153649859375 0.8996004093750001 0.6199792515625 0.8889038171875001 0.6053459546875 0.8751692906249999 0.59528273125 0.87335398125 0.5908883375 0.870390546875 0.5952390249999999 0.851783559375 0.6042916375 0.8435277046874999 0.6173430984375 0.8429395265625 0.627933715625 0.8384825140625001 0.6408533249999999 0.839462415625 0.6476207796875 0.8362935140625 0.6469616499999999 0.8330873593750001 0.63773348125 0.8213408718749999 0.617035809375 0.8134587078125 0.608686396875 0.813351465625 0.6047313796875 0.8162076546874999 0.5877249046874999 0.8196520218750001 0.5769146562499999 0.81567594375 0.5713337296875001 0.81577868125 0.5490541 0.80462036875 0.5333660046875 0.8034304890625
0 0.8653652390625 0.7870552125 0.8635634124999999 0.7974390921875 0.871165675 0.806432125 0.88122889375 0.808247434375 0.8825471531250001 0.8146597453125001 0.9017947156250001 0.8176976781249999 0.9090346515625001 0.8285030984375 0.919646840625 0.7837513953124999 0.8894028703125001 0.77730578125 0.88070185625 0.7813800859375 0.8732313250000001 0.781865528125 0.8653652390625 0.7870552125
0 0.8958958265625 0.8839096421875 0.9076190375 0.8344727578125 0.88448046875 0.8358474593749999 0.8758231640625 0.8614921859375 0.8882152515625 0.8797909687500001 0.8958958265625 0.8839096421875