0 0.8599547281250001 0.549033040625 0.8548979125 0.5478290546875 0.8466617984375 0.5564504703125001 0.8383177312500001 0.5590936 0.8290518375 0.5726507859375001 0.823723021875 0.587365821875 0.8265382390625 0.6193422749999999 0.830601259375 0.627474790625 0.83959515625 0.62983663125 0.8414186984375001 0.63787688125 0.834248346875 0.6435552875 0.8332725453125001 0.6514802000000001 0.828395646875 0.6602400203125 0.82286891875 0.6639948703125 0.82460038125 0.6979179484375 0.8322395828125 0.702713071875 0.84347189375 0.7205995484375001 0.8687379843749999 0.72562310625 0.8766661171875001 0.7309279515625 0.8964573390625 0.7735602359375 0.9102540421875001 0.7940414687499999 0.9347105000000001 0.7542278921875 0.9482013421875 0.7577706515625 0.9565454093750001 0.755127521875 0.9625420468750001 0.7464138359375 0.9810897031250001 0.7511605828125 0.9871763 0.7474288015624999 0.9899036812500001 0.7435586171875 0.99205531875 0.7078042453125 0.9889681031249999 0.6917468171875 0.979776296875 0.6784247890625 0.958465275 0.675555465625 0.9535523921875001 0.6823225234375 0.9474298125 0.6840615453125001 0.8689644953125001 0.5832559953125 0.869344446875 0.5733152593749999 0.8625180609375 0.5670601640624999 0.8599547281250001 0.549033040625
0 0.7873441015625 0.4499323046875 0.7864603812500001 0.431974384375 0.7816755609375 0.41485137187500004 0.779346125 0.4097771984375 0.77031624375 0.4054225984375 0.759542725 0.41294382812499997 0.75200248125 0.41362880156250004 0.747865371875 0.4323754953125 0.7150468562500001 0.473835821875 0.7145769453125 0.47879465625 0.7181160796875 0.4888968703125 0.7260262203125001 0.4932053359375 0.74360813125 0.4909428171875 0.8064653796875 0.5174279703125 0.8231376421875 0.48028059375 0.840801578125 0.4670694203125 0.8469601421874999 0.4673231609375 0.8485677812500001 0.463406840625 0.8559180515625 0.4676922390625 0.8650400109374999 0.446164009375 0.854294540625 0.43974744687499995 0.8468543125 0.4304801421875 0.84407295625 0.43136118593750006 0.8381302937499999 0.44306401093750003 0.8208103250000001 0.444341684375 0.8177749609375 0.46213813281249994 0.8133319921875 0.46394635468749995 0.8019366937499999 0.45252482031249996 0.7873441015625 0.4499323046875
0 0.6454473953125001 0.24437263437499998 0.630564815625 0.256702765625 0.6295170437500001 0.260642153125 0.6329662203125 0.2657624609375 0.6337239984374999 0.276745715625 0.6259757875 0.2814046765625 0.622344571875 0.2971852953125 0.6264615671875 0.30830695625 0.636521225 0.3077257890625 0.64080015 0.327814875 0.6570903375 0.33147297343750004 0.6829141812499999 0.3673843328125 0.6948153718750001 0.37583979375 0.7031954218750001 0.3751894234375 0.7113235859375 0.3605897234375 0.70539098125 0.357358375 0.694167665625 0.3399700875 0.6943317140625 0.318072778125 0.6964092625 0.30919762031250003 0.7095222796875 0.2918163859375 0.705803225 0.271750365625 0.7144912546875 0.25717373125 0.711368053125 0.23912354374999997 0.7066372125 0.2249896734375 0.700948559375 0.2197770953125 0.6919906484375 0.2194080171875 0.6859400359375 0.22513255937499999 0.6763121828124999 0.24962686406249998 0.655325015625 0.2646923953125 0.652471690625 0.261587915625 0.6499983171875 0.24854269687500002 0.6454473953125001 0.24437263437499998
0 0.7335257671875001 0.164953309375 0.7545467984374999 0.1827452765625 0.7590257546875 0.182929815625 0.7699172843750001 0.166452690625 0.7676418203125001 0.1643676609375 0.7674798953125 0.15540023281249998 0.77884133125 0.13396427187499999 0.77916730625 0.1210343921875 0.7745804 0.1148715671875 0.7618113546874999 0.1203193015625 0.753865228125 0.11401807343749999 0.74434745 0.1136259265625 0.726665521875 0.1258407203125 0.7225284109375 0.144587415625 0.7338877265625 0.154016190625 0.7362531484375 0.161083125 0.7335257671875001 0.164953309375
0 0.6254064125000001 0.15692628749999998 0.6169723859375 0.1545875125 0.6067148171875 0.1442084921875 0.6017839421875 0.14997916875 0.6002662609375 0.1588773953125 0.603209546875 0.1669637796875 0.6146768109375 0.1823708375 0.6303891375 0.1850094859375 0.649242659375 0.20669470625000003 0.6599341562500001 0.21012213124999998 0.668676165625 0.1985346375 0.6803096 0.1611796546875 0.6795338296875 0.14920001562500002 0.6777822515625 0.1451452921875 0.6638394921875 0.14755775 0.6601204359375 0.1274917296875 0.6628478171875 0.12362154375000001 0.660554365625 0.1205401328125 0.64285444375 0.1317585421875 0.6357920453125 0.1434152359375 0.6353581203124999 0.1503668359375 0.6254064125000001 0.15692628749999998
0 0.5239102359375 0.112918921875 0.4934412703125 0.1295850671875 0.48973808593749996 0.141380165625 0.5073258125 0.1859129421875 0.512960490625 0.188136375 0.530712265625 0.210771840625 0.5352092125000001 0.2119527625 0.5395262421875 0.203169875 0.5462266812500001 0.202450303125 0.5393463234375 0.1932060671875 0.5391484125 0.18224587812499998 0.5409740765625 0.1594213921875 0.54572503125 0.14368690625 0.5528414078125 0.13501935781250002 0.5693475 0.150634021875 0.57324859375 0.1497991125 0.584681996875 0.132348675 0.5877713359375 0.11754136875000001 0.5865796296875 0.113509709375 0.5809449515625 0.11128627499999999 0.5733068125 0.09105878437500001 0.5632831390625 0.0936327140625 0.55911004375 0.1103866453125 0.5512898640625 0.11106008281249999 0.5449153984375 0.098849771875 0.5341159531249999 0.089444065625 0.5253919359375 0.1020279359375 0.5239102359375 0.112918921875
0 0.4384841046875 0.1223425578125 0.468137075 0.1534334859375 0.4844452546875 0.1580879640625 0.4837954265625 0.15308299218750002 0.48932215156250003 0.14932814375 0.4896841125 0.1383910234375 0.49398314687499995 0.1286117546875 0.4938392140625 0.120640709375 0.4869948375 0.11338923593750001 0.4862910328125 0.105395121875 0.49012015781249996 0.10057469062499999 0.49163783906249997 0.09167646406249999 0.48815268125 0.0845633953125 0.48367372656249996 0.08437885625 0.4820840765625 0.0892915578125 0.47431787343750004 0.0929541375 0.4691710953125 0.086768246875 0.46716763281249996 0.068764190625 0.46265269531250003 0.0665868890625 0.43877409843750004 0.107419915625 0.4384841046875 0.1223425578125
0 0.4170450203125 0.14336330625 0.41386572031249996 0.1531887078125 0.40774314218749996 0.154927728125 0.405701575 0.16579564687499998 0.408120971875 0.1758517234375 0.3999748140625 0.18945504375 0.40363989375 0.206531921875 0.4111520921875 0.219784746875 0.4190982140625 0.226085975 0.44089713750000004 0.22499284375 0.443768453125 0.2290937015625 0.4478854515625 0.2402153640625 0.45106262656249996 0.26125469375 0.44894909062500005 0.2681370890625 0.4496528984375 0.2761312046875 0.461174140625 0.29452740624999996 0.4735992171875 0.301013171875 0.4873260765625 0.286644146875 0.49803768593750003 0.2602032140625 0.49567226406250003 0.25313628125 0.48750018125 0.2498126609375 0.48032189374999995 0.239560509375 0.4804859421875 0.21766320156250002 0.4865746609375 0.1830666859375 0.491379590625 0.17032134062499998 0.48574491093749994 0.1680979078125 0.48133792499999994 0.171898890625 0.48036212031250003 0.1798238015625 0.47602710156250005 0.18761030781250002 0.468296878125 0.1932656484375 0.45834729531249996 0.1689603625 0.44624818906249997 0.1495447171875 0.43212550937499994 0.141993365625 0.4170450203125 0.14336330625
0 0.48340486718750003 0.317347409375 0.49584581875 0.3556942953125 0.5133631671875001 0.37309299375 0.525624728125 0.3937598875 0.5312953890625 0.39797608281249996 0.5407591953125 0.3953790875 0.5373639953125 0.393247921875 0.5354864734375 0.3822185296875 0.536860221875 0.36534926093750003 0.5401474734375 0.36150214375 0.5336290703125 0.3413207859375 0.5333591921874999 0.32637507656250003 0.5357087421875 0.30158089375 0.5411095265625 0.29085138125 0.5404057203125 0.2828572671875 0.533435403125 0.2686311265625 0.5211542578125 0.2701164046875 0.51620539375 0.27489070312499997 0.51272023125 0.267777634375 0.5082412781250001 0.26759309375 0.501594809375 0.27130180625 0.4769404421875 0.3001551953125 0.47703040156250004 0.3051371015625 0.48340486718750003 0.317347409375
0 0.579956525 0.3790725625 0.5716664359375 0.3847048375 0.56408015 0.39833122187500003 0.5579935515625001 0.40206300468749995 0.5549761828124999 0.420855834375 0.5581173734375 0.43990240625 0.5533844109375 0.4566332703125 0.54619606875 0.46131529843749997 0.5403613578125 0.478996409375 0.5535262249999999 0.4954690515625 0.5641817359375 0.4969037140625 0.5789002703125 0.50647089375 0.5840650375 0.513653165625 0.5958201734374999 0.545002315625 0.6083891890625 0.559459128125 0.614547753125 0.559712871875 0.6317079156250001 0.5186030390624999 0.65083555625 0.493504496875 0.6507276046875 0.4875262125 0.641517809375 0.47320780312500005 0.63770879375 0.4481598796875 0.621654621875 0.42658999687500004 0.6155320421875 0.42832901718749994 0.606862 0.4439020328125 0.596640415625 0.43551577343750003 0.5970383578125 0.42657141093749995 0.5940770828125 0.417488646875 0.5946930484374999 0.389636121875 0.5878126890625001 0.3803918859375 0.579956525 0.3790725625
0 0.5770481281250001 0.6827402499999999 0.5755505609375 0.66177011875 0.567442509375 0.6465014640625 0.5602721578125001 0.6521798734375001 0.5473591765625 0.6496565609375 0.5448477015625001 0.665483315625 0.537875259375 0.6821219125 0.541450378125 0.6942168859375 0.5384330078125 0.7130097171875 0.5498822828125001 0.72742039375 0.5511099734375 0.733444815625 0.5613675421875 0.743823834375 0.5696396390625 0.737195178125 0.5824986453125 0.7367293484374999 0.6014781109375 0.765389234375 0.610885815625 0.7906678312500001 0.597104984375 0.8020477156249999 0.596850978125 0.8189631203125 0.6100158421875 0.8354357609375 0.629611275 0.8362431203125 0.6360397156250001 0.8514425765625001 0.6391269328125 0.8675000046875001 0.6493845 0.8778790234375 0.6529776140625 0.8909703796875 0.65808840625 0.8951635093749999 0.66816605625 0.895578721875 0.672537059375 0.8897849750000001 0.6739827734375 0.8769012281249999 0.658252453125 0.8732662 0.6490966312500001 0.861936934375 0.6460993734375 0.8508614078125 0.645053721875 0.823936059375 0.6421104421875 0.8158496765625 0.638251696875 0.7260831421875 0.64260470625 0.719293015625 0.6407451796875 0.7092600046875 0.6404753015625 0.69431429375 0.6431127234375 0.685462203125 0.6410193 0.66247624375 0.64475846875 0.652673909375 0.6356386296875 0.64333740625 0.6240253078125 0.6508240359374999 0.61214210625 0.6433649531250001 0.6084749078125 0.6571528109375 0.6019363921875 0.6668398125 0.6034339578125001 0.687809940625 0.593482253125 0.69436939375 0.5816530265625001 0.689899453125 0.5770481281250001 0.6827402499999999
0 0.375471871875 0.4562725 0.3676495703125 0.487810671875 0.3572639375 0.5013217203125 0.3898400734375 0.5703673874999999 0.39782218125 0.578661375 0.40566035312500004 0.5789843218749999 0.41151305312500003 0.562299590625 0.42284062968749997 0.5080061328125 0.4309328078125 0.4914136703125 0.4303009734375 0.48740508125000004 0.41850773124999996 0.484927903125 0.41352288281250005 0.48770944062500005 0.40559475 0.48240459218750004 0.39634896875000003 0.46609342031249995 0.3994203140625 0.450289734375 0.39813865000000004 0.4412761703125 0.3919441015625 0.43902966875000005 0.38542357968749996 0.449713046875 0.375471871875 0.4562725
0 0.3490319609375 0.3735407046875 0.3543586546875 0.3896904015625 0.3681553609375 0.410171634375 0.37770912343749996 0.41255654062499997 0.3831818734375 0.4058125515625 0.38497155625 0.380995303125 0.38762696874999997 0.37313959375 0.386761234375 0.356178053125 0.39730879531249996 0.35163443125 0.4022036875 0.34387099062500004 0.4024037171875 0.32396644375 0.3954334 0.30974030468749997 0.3951815109375 0.2957909734375 0.40058229375 0.285061459375 0.39590542968750003 0.27391673125 0.38299245000000004 0.271393421875 0.37416048125 0.2779990078125 0.37446634375 0.29493748124999997 0.3643146046875 0.32140148125 0.342479696875 0.32050185 0.34721053749999997 0.33463571875000003 0.33756469375 0.35813364375 0.3490319609375 0.3735407046875
0 0.327699803125 0.152625471875 0.30926009374999996 0.153857009375 0.302233678125 0.1675064640625 0.30131185 0.1784205125 0.3134109546875 0.1978361640625 0.323416634375 0.1942658546875 0.33479394375 0.20469101093750003 0.395187875 0.2031967671875 0.39961285625 0.200392165625 0.39591179374999996 0.1813225265625 0.37879185625 0.16269565 0.37642643750000004 0.155628715625 0.3783960359375 0.14077527343750001 0.3822431546875 0.136951225 0.380095759375 0.11097612187499999 0.382625228125 0.0961457484375 0.37836429531250004 0.07705304375000001 0.381633553125 0.0722095421875 0.37310956875 0.0648888671875 0.3440323421875 0.06568212343749999 0.3329249109375 0.0702026796875 0.325030640625 0.0977553265625 0.3278479796875 0.0988670453125 0.3303033609375 0.1109158828125 0.3359920125 0.1161284609375 0.3352860890625 0.1389990828125 0.327699803125 0.152625471875
0 0.321159165625 0.1931772046875 0.31622829218750004 0.198947884375 0.29997620937499997 0.1664178125 0.301439915625 0.1545304453125 0.2908743625 0.1580776859375 0.2840839625 0.153815353125 0.2774195046875 0.1565276890625 0.27254260625 0.16528750781249998 0.27386025625 0.1762938328125 0.26553418125 0.17993334218749998 0.263168759375 0.1728664078125 0.24736647500000003 0.16524585625 0.24471106250000002 0.1731015640625 0.24658857968749998 0.18413095625 0.2691632765625 0.19501745937499998 0.2732442890625 0.2041463578125 0.276313515625 0.21920740468750002 0.2827059703125 0.2324140953125 0.28149415312500004 0.25825079375 0.30238924375 0.26906809531250003 0.3119408828125 0.3023177359375 0.32539574375 0.303867734375 0.33281798125 0.3121386578125 0.3378388140625 0.311349884375 0.3338837421875 0.30919565000000004 0.3325840875 0.2991857078125 0.3368291484375 0.286417296875 0.3381669109375 0.2675552671875 0.3423400046875 0.250801334375 0.349330434375 0.2351591171875 0.363671140625 0.2238023 0.364087075 0.21585432343750002 0.3611617828125 0.208764321875 0.3560689828125 0.2055675703125 0.34274006875 0.2109922375 0.340156621875 0.22283347031249998 0.33517177343750004 0.2256150046875 0.3317585828125 0.2224874578125 0.329411153125 0.21641690468750002 0.327931575 0.19644315625 0.321159165625 0.1931772046875
0 0.2115348296875 0.163769540625 0.21435216875 0.164881259375 0.22092666562500002 0.157187021875 0.23716288125 0.15785597499999998 0.238028609375 0.1748175171875 0.24158573906249997 0.185916109375 0.2668518296875 0.190939665625 0.2655701640625 0.18192610468749998 0.2603514203125 0.1717546890625 0.27127893125 0.1572703265625 0.273356484375 0.1483951703125 0.27205682656249996 0.138385228125 0.2654643359375 0.145083084375 0.26194319374999997 0.135977253125 0.262359125 0.12802927656250002 0.26826580624999996 0.11433368749999999 0.27549013125 0.11164442031249999 0.274298425 0.10761276093750001 0.2539632078125 0.096818528125 0.24076023281249997 0.10921786093750001 0.237075040625 0.1220093359375 0.23772487187500002 0.1270143078125 0.23552137812499999 0.1289148 0.22587765312500002 0.12154799062499999 0.218057475 0.12222142656249999 0.2111929828125 0.14483830625 0.2115348296875 0.163769540625
0 0.1532904140625 0.16037415 0.1485775640625 0.1472366609375 0.15612786875 0.13161751093750002 0.1592531890625 0.11880296875 0.1585493859375 0.11080885468749999 0.1527527796875 0.0996179921875 0.0885657046875 0.1079254296875 0.08645217031249999 0.1148078234375 0.0888895609375 0.1258602828125 0.094036334375 0.1320461734375 0.09878516875 0.147176425 0.0995429484375 0.158159678125 0.14285080781249998 0.1708960578125 0.1532904140625 0.16037415
0 0.320112496875 0.7055956796875 0.31604947499999997 0.6974631609374999 0.30497803125 0.703976478125 0.2931847890625 0.7014993015625001 0.2893556625 0.7063197328124999 0.2912691625 0.7193418859375 0.30537385 0.725896853125 0.3190446125 0.7394034234375 0.3237754546875 0.7535372921875 0.3222757625 0.7634318953125 0.32409930781249996 0.7714721453125 0.3203961234375 0.7832672406250001 0.3229414640625 0.800297984375 0.32640863124999997 0.806414671875 0.34441441093749997 0.812134734375 0.3526124234375 0.8323852921875 0.35627750156250004 0.8494621671875 0.3650173859375 0.8687394125000001 0.35956262968749997 0.8764797874999999 0.37106587812499997 0.89387960625 0.3881138484375 0.9085209609374999 0.3903173421875 0.9066204671874999 0.40126496562499997 0.86226775 0.3939146953125 0.8579823515625 0.390447528125 0.8518656609375 0.39230917656250003 0.8310339359375 0.40309275156249996 0.808578525 0.41467009375 0.7990991328125 0.4155559359375 0.786192321875 0.4182833171875 0.7823221359375 0.41797745468749997 0.7653836625 0.4066001484375 0.7549585078125001 0.4024651578125 0.742840465625 0.40230323125 0.7338730390625 0.4058085046875 0.711117753125 0.4111733046875 0.6983954781249999 0.41204115625000004 0.6844922828125 0.4200073953125 0.6609251578124999 0.42818953281249994 0.649314596875 0.42362061874999996 0.64414815625 0.4112495140625 0.6406515296874999 0.405704796875 0.64341 0.40481895156250003 0.6563168125 0.3988582984375 0.667023259375 0.38567331718750003 0.680418971875 0.38471550625 0.6893402640625 0.3776351140625 0.700000575 0.3285645140625 0.7089308328125 0.320112496875 0.7055956796875
0 0.1572221515625 0.5020404734375 0.1526532359375 0.49687402968749994 0.1365609578125 0.5041761203124999 0.1311421828125 0.5139092546875 0.12274413749999999 0.51356324375 0.114238146875 0.50723895 0.11116680000000001 0.523042634375 0.10229884843749999 0.5276554609375 0.1045182125 0.5576160875 0.103090490625 0.5714962140625001 0.10610573906250001 0.5835681187499999 0.11127050624999998 0.590750390625 0.11576745625 0.5919313109375001 0.12066234687499999 0.584167871875 0.1339552765625 0.5767504437500001 0.147662021875 0.5922497718749999 0.15526417812499999 0.610484503125 0.162686415625 0.618755425 0.179554465625 0.6234329703125 0.1856410625 0.6197011890625 0.18836844375 0.615831003125 0.18542515937499998 0.6077446203125 0.1894744328125 0.5531512859375 0.1935935484375 0.533408209375 0.200637959375 0.5207551375 0.19993415625 0.5127610234375 0.2040172890625 0.4910251875 0.20995995 0.47932235937499995 0.21028592499999998 0.46639247656249994 0.20521111718750001 0.464192109375 0.203639459375 0.47010119218749996 0.18763713906249999 0.4823851859375 0.185613565625 0.49424948593750007 0.1812785453125 0.502035990625 0.168653434375 0.5154547734375 0.163614609375 0.5152471656250001 0.15904569531249999 0.510080721875 0.1572221515625 0.5020404734375
0 0.1422348390625 0.198748584375 0.1391814828125 0.21554865156249997 0.1439483109375 0.23167528124999998 0.1432963609375 0.2575350453125 0.138635365625 0.2782514375 0.1466894390625 0.29053095 0.1363577828125 0.3070311390625 0.1389750890625 0.32804740468750004 0.143056103125 0.337176303125 0.14585545 0.337291640625 0.147789065625 0.3204454375 0.159926275 0.3109891125 0.1650190734375 0.31418586249999997 0.19243468749999998 0.3143197859375 0.2043739859375 0.2939032703125 0.201520659375 0.29079879218750004 0.19821542187500002 0.29364953125 0.19409842500000002 0.2825278703125 0.1931787171875 0.26257719062499996 0.19569019375000002 0.2467504328125 0.19319883124999998 0.2327088328125 0.1848367734375 0.23435558437499998 0.17441727812500002 0.2150091359375 0.1769287546875 0.1991823828125 0.1684587453125 0.194850846875 0.1672670375 0.190819190625 0.1617223203125 0.19357765625 0.15997074218750001 0.189522934375 0.14821348437499998 0.1890385171875 0.1422348390625 0.198748584375
0 0.04187529375 0.43456273437500004 0.04122546875 0.429557765625 0.0360786921875 0.42337187187499997 0.0358627875 0.41141530625 0.0644182515625 0.3817270078125 0.0697470671875 0.3670119703125 0.06962112499999999 0.36003730625 0.0469384765625 0.3431725171875 0.0329396203125 0.37346056562499996 0.0318356234375 0.374286265625 0.033480040625 0.46535320156250004 0.0378281453125 0.45829133593750004 0.04187529375 0.43456273437500004
0 0.10264383749999999 0.7946185328125 0.10869445156249999 0.788893990625 0.1151250140625 0.7732287062500001 0.11581294843750001 0.7493617031250001 0.11845036874999999 0.7405096140625 0.117566646875 0.7225516937500001 0.11406349375 0.71444224375 0.10609937968750001 0.7071446359375 0.10367998281249999 0.697088559375 0.1040239484375 0.6851550578125 0.08486244375 0.6773961 0.0791198140625 0.669194378125 0.07467684218750001 0.671002603125 0.0659888109375 0.6855792359375 0.06530087500000001 0.7094462359375 0.059232271875 0.7141744 0.0577805546875 0.714015415625 0.084442671875 0.967577834375 0.09534318124999999 0.9680269499999999 0.09622065937499999 0.9656038734375001 0.0942373109375 0.9177314640625 0.099838125 0.8870974031250001 0.0908622234375 0.8857319453124999 0.08842483437500001 0.8746794843749999 0.0883369953125 0.838832846875 0.09525546406249999 0.8192051078125001 0.0934139265625 0.810168478125 0.1000244109375 0.8044670015625 0.101740003125 0.8065289671875 0.10264383749999999 0.7946185328125