0 0.150094709375 0.6151957796875 0.11881113125000001 0.6143067 0.10664112031249999 0.6186702171875 0.10569902499999999 0.624230071875 0.1168134484375 0.6317177578125001 0.1296129234375 0.634882528125 0.14109777343750002 0.634562540625 0.15744075 0.6449228796875001 0.17015458125 0.648593090625 0.17815372812500002 0.646358 0.18060958437500002 0.6374861125 0.1793806046875 0.6334959125 0.163694940625 0.624877953125 0.1564088015625 0.61728360625 0.150094709375 0.6151957796875
0 0.23360505781250002 0.642690390625 0.220634290625 0.6405365015625 0.1960951359375 0.6560603281249999 0.19463916875 0.6646528296875001 0.20126799687500002 0.6705048 0.2179813984375 0.673057465625 0.230894365625 0.669930884375 0.2325365984375 0.6658606890625001 0.24232141875000002 0.6643304296875 0.255606915625 0.6702484625 0.267091765625 0.6699284750000001 0.2750909125 0.6676933828125 0.2758039203125 0.6578639468749999 0.26543245625 0.651613196875 0.24414781093750001 0.64793025625 0.23360505781250002 0.642690390625
0 0.34739930937499996 0.6625769109374999 0.31717342187500003 0.6666889125 0.31157443906250004 0.6716239328125 0.3117178828125 0.6763989593749999 0.3165182109375 0.68179881875 0.3262323625 0.6863071890625 0.35877276875 0.6854005578125 0.38262676562500003 0.673920259375 0.38251116875 0.6633593265625 0.3711398125 0.657387965625 0.356826571875 0.657535228125 0.34739930937499996 0.6625769109374999
0 0.470354846875 0.6168112812500001 0.46095542968750003 0.6160670546875 0.43744401406250005 0.6255255859375 0.4349881546875 0.6343974734375 0.4429615578125 0.654800575 0.451675815625 0.6595883328125 0.46273243906249995 0.6617955515625 0.47033120781250004 0.6563017578125 0.4766571203125 0.6386443453124999 0.48484148125 0.6325054203125 0.4835547015625 0.623234753125 0.470354846875 0.6168112812500001
0 0.33167603749999996 0.5811005265625 0.329235153125 0.595505603125 0.32007980156250004 0.6045641500000001 0.3185381890625 0.6136620921875 0.325909971875 0.6207509984375 0.33879509375 0.6234103265625001 0.3569066640625 0.612090025 0.3601911265625 0.6039496328125 0.35918913125 0.587376734375 0.3515604109375 0.581804153125 0.3405894328125 0.57909149375 0.33167603749999996 0.5811005265625
0 0.2305113171875 0.5766248515625 0.21754055156250002 0.574470965625 0.20837022031250002 0.577996325 0.20799979375 0.5858039984375 0.21471426562499998 0.591150525 0.253027046875 0.601150275 0.26953920937500003 0.5936474484375001 0.2638246328125 0.5880215343749999 0.2672525390625 0.58465616875 0.2566241375 0.57992174375 0.24462541875000002 0.5832743796875001 0.2305113171875 0.5766248515625
0 0.11248975000000001 0.5648214859375 0.10600436718749999 0.5637445421875 0.1017200125 0.5721643203125 0.1039488875 0.5758751328125 0.11166324999999999 0.5809422734374999 0.11906288281249999 0.582245271875 0.1555450625 0.574940628125 0.161426725 0.5458510921874999 0.14896982812499998 0.5406645578125 0.134399653125 0.5423281453125 0.1298583640625 0.552264246875 0.1331449296875 0.560976140625 0.11883169062500001 0.5611234031250001 0.11248975000000001 0.5648214859375
0 0.11867983281250001 0.4889392390625 0.10453788281250001 0.4880756203125 0.10296632187500002 0.48610718750000004 0.0988553609375 0.510368365625 0.0992557390625 0.5136270703125 0.11999656249999999 0.50927628125 0.1270536140625 0.5126010437499999 0.1315113625 0.52002266875 0.1367399171875 0.5228953234375 0.14905337031250002 0.52330683125 0.15876752031250002 0.5278152015625001 0.172652534375 0.53019514375 0.1895650765625 0.52595101875 0.19033588125 0.5214020484375 0.1850216828125 0.5190348359375 0.18122124687500002 0.513355590625 0.1687643484375 0.5081690546875001 0.1567078328125 0.506241221875 0.1341364078125 0.493287615625 0.11867983281250001 0.4889392390625
0 0.22576247500000002 0.5259486078125 0.209706384375 0.5251383203125 0.20336444375 0.5288364015625 0.20382261875 0.537375571875 0.217851078125 0.5445305406250001 0.24493594375 0.553333953125 0.2632487578125 0.5520691453125 0.278219309375 0.553664259375 0.28464689375 0.5494607375 0.286017215625 0.5413736765625 0.2811312390625 0.5364792578124999 0.266674559375 0.531851496875 0.24287625781250002 0.531759975 0.22576247500000002 0.5259486078125
0 0.3427563 0.54381726875 0.3107875625 0.5469717203125 0.3062741203125 0.5511219125 0.30698923125 0.558144759375 0.3111322453125 0.5618022390624999 0.32576021875 0.5654191187500001 0.346329753125 0.5620792140625 0.35952960625 0.5685026859375 0.388956840625 0.5747255625000001 0.3938128640625 0.56855360625 0.386783659375 0.5594429328125 0.377412090625 0.5529127984375 0.3534703453125 0.5480462515625 0.3427563 0.54381726875
0 0.4549512765625 0.5784207015625 0.43855260625000003 0.5796321796874999 0.4356107234375 0.5857508046875 0.43926981875 0.6035073109375 0.4472989171875 0.6123385953125 0.46009839374999995 0.6155033640625 0.4660121078125 0.6143324890625 0.47043990625000004 0.6106877374999999 0.47192371875 0.596309328125 0.4891788390625 0.5900434390625 0.490463515625 0.5824618203124999 0.48557754218750004 0.5775674015625001 0.47852049062499996 0.5742426375 0.463378646875 0.5736584046875 0.4549512765625 0.5784207015625
0 0.5371458703124999 0.58241880625 0.5239181703125 0.5817812421874999 0.5148334859375 0.5848011609375 0.5139791375 0.6067078578125 0.519351134375 0.6143555375 0.538379059375 0.620113575 0.5422929875 0.6195014703124999 0.55192149375 0.6245152828125 0.5493221921875 0.6286121437500001 0.562036021875 0.632282353125 0.5642349453125 0.6249267890625 0.5824621125 0.624167421875 0.591546796875 0.6211475046875 0.595831153125 0.6127277265625 0.594030503125 0.606489709375 0.5874873218750001 0.6001322984375 0.5711165 0.5955578671875 0.5624600375 0.5960505781250001 0.5371458703124999 0.58241880625
0 0.56623580625 0.659069225 0.5610928984375 0.65569113125 0.5123529578125 0.6510124484375 0.5088115609375 0.6606691640625 0.520925875 0.6678774640625 0.5466961171875 0.6731961203125 0.5504109078125 0.67938080625 0.5581252734375 0.68444795 0.5737531375 0.68778544375 0.5799237890625 0.6850982421875 0.56623580625 0.659069225
0 0.6731258078125 0.729966728125 0.6648975734375 0.727932234375 0.6523271859374999 0.7290370484375 0.6501282625 0.7363926125 0.65732875625 0.7444924015625001 0.6751854953125 0.7515407062499999 0.6805574937500001 0.7591883859374999 0.68744325625 0.7635240328124999 0.6956714875000001 0.7655585265625 0.7043279484375 0.765065815625 0.7121836515625 0.7580557015625 0.72975350625 0.755553953125 0.733780925 0.7486505 0.731723340625 0.7439288046875 0.7249232250000001 0.73908771875 0.70846675625 0.735018728125 0.6958963703125 0.73612354375 0.691468571875 0.73976829375 0.6731258078125 0.729966728125
0 0.668061559375 0.6699087421875001 0.6518620265624999 0.6643234296875 0.6399489515625 0.667170621875 0.6403214828125 0.6762152328125 0.651350259375 0.6842083609375 0.664492315625 0.6853513640625 0.6715493671874999 0.688676128125 0.675493246875 0.6991304015625001 0.685779065625 0.7058865921875 0.6976642921875 0.70882530625 0.707491934375 0.707042325 0.7094339234375 0.7012030859375 0.706633378125 0.695244453125 0.6878324421875 0.676903715625 0.673947428125 0.674523775 0.668061559375 0.6699087421875001
0 0.67813848125 0.6048173921875 0.6700815375 0.6017720140625 0.65851104375 0.6025974421875 0.6570550765625 0.61118994375 0.6598556203125 0.6171485750000001 0.6683129421875 0.62345265625 0.6779713984375 0.63953284375 0.6890858203125 0.6470205296875 0.698228303125 0.649281078125 0.7063130953125001 0.6465405484375 0.7070839 0.6419915765625 0.6992817875 0.6205775906250001 0.67813848125 0.6048173921875
0 0.5759940593749999 0.5330431484375 0.58028051875 0.5414756546875 0.5692538453125 0.5503348124999999 0.5676265890625001 0.559938196875 0.5758269765625 0.5677585984375 0.5951974796874999 0.5714948703125 0.6033101171874999 0.5629684312500001 0.620736528125 0.555691659375 0.62002141875 0.5486688140625 0.609048334375 0.52910386875 0.59784826875 0.522121625 0.583791965625 0.5207525656249999 0.5784499171874999 0.5241712609375 0.5759940593749999 0.5330431484375
0 0.46682598437499995 0.49709799375 0.45579931093750004 0.5059571515625 0.44480048437499997 0.5090304 0.44334451875 0.5176229 0.45437329687499994 0.525616028125 0.46228890156249997 0.5407386640625 0.475745690625 0.5456458140625 0.48723053906249997 0.545325825 0.49102887187500005 0.5341527859374999 0.4853421421875 0.5227409640625 0.4926261765625 0.513483028125 0.4909390203125 0.500953659375 0.4793107265625 0.496498621875 0.46682598437499995 0.49709799375
0 0.3990453125 0.48315030937500003 0.3696459265625 0.4711415234375 0.33381895156249997 0.4633362609375 0.32856465625000003 0.48310180156250004 0.3330523546875 0.5015898015625 0.3302817640625 0.5066975453125 0.344481509375 0.5128416312499999 0.3564523828125 0.5152749046875 0.3670229828125 0.5147288609375 0.3683654578125 0.512427709375 0.393649675 0.5149931046875 0.3990453125 0.48315030937500003
0 0.225196803125 0.4522771203125 0.21925734375 0.47608619062499996 0.2273999359375 0.478626125 0.2366580140625 0.4914476109375 0.247115121875 0.49719291718749997 0.2601715328125 0.4988413625 0.2663421828125 0.4961541625 0.267712503125 0.488067103125 0.2679394890625 0.47548440468750003 0.2617966859375 0.472385696875 0.259394415625 0.45283348281249997 0.25267994531250004 0.44748695156249996 0.24270885937500003 0.44449490625 0.23096707656249998 0.44633121875 0.225196803125 0.4522771203125
0 0.12160196875 0.434035140625 0.10977453906250001 0.4363768921875 0.101634053125 0.45068924062500004 0.1004928203125 0.46304588437499994 0.10363594375 0.46698275312500004 0.1107786390625 0.46980207500000004 0.1558337390625 0.4793624453125 0.1558615859375 0.47357653749999995 0.163546 0.467577303125 0.16645793125 0.45039230156250004 0.1629144296875 0.44319673281250005 0.1464280109375 0.4280613671875 0.13180003906249999 0.4244444875 0.12097250156249999 0.426506853125 0.12160196875 0.434035140625
0 0.15791493437499998 0.369287334375 0.149087184375 0.37079092812500003 0.14497411875 0.378199821875 0.1504039140625 0.3911279703125 0.1310618375 0.38945569375 0.12752918124999998 0.40298468437499996 0.157666446875 0.4080360328125 0.173260121875 0.39677934531250003 0.17774361249999998 0.381562775 0.1765146328125 0.3775725765625 0.1670574171875 0.371547884375 0.15791493437499998 0.369287334375
0 0.24302566718750002 0.38980500625 0.23136952812499997 0.39113587656250004 0.2205698390625 0.387412334375 0.21657236875 0.40538216250000003 0.22668689843749998 0.41314923593749997 0.2258304484375 0.418203646875 0.2627429578125 0.4252240828125 0.26588608125 0.42916095 0.2852565859375 0.43289722187499996 0.2927697078125 0.42790887031249997 0.306654721875 0.4302888125 0.3113673015625 0.419341828125 0.30176664375 0.408542109375 0.24302566718750002 0.38980500625
0 0.3727074203125 0.4283614421875 0.3510223984375 0.4214197984375 0.34010921875 0.42398760781249994 0.338653253125 0.43258010625 0.34785353125 0.440121125 0.36182419062500004 0.441995625 0.3790236171875 0.447301553125 0.391251425 0.44821850156250004 0.40842090156250005 0.4424580546875 0.40996251250000004 0.43336011250000006 0.405905140625 0.4291971890625 0.39684830312499997 0.42643119687500003 0.3727074203125 0.4283614421875
0 0.48801619531249996 0.4505530203125 0.468589996875 0.45838856562499997 0.45830628281249997 0.46848465937499995 0.4571072515625 0.4755608359375 0.4679647390625 0.484564846875 0.4781927578125 0.48604056875 0.48619190625 0.48380547968750004 0.49573266250000003 0.472472446875 0.507474446875 0.47063613593750003 0.5119022453125 0.466991384375 0.5124439640625 0.45817282812500004 0.5034149718750001 0.449620928125 0.48801619531249996 0.4505530203125
0 0.5585770203125 0.46344027656250003 0.5503787375 0.4724721578125 0.54569610625 0.4944855171875 0.5482397140625 0.501960471875 0.5848096453125 0.511002671875 0.581666521875 0.5070658031249999 0.594750778125 0.5029283421875 0.6211205359374999 0.5047089109375 0.6199194015625 0.4949328046875 0.6232616625 0.4920728796875 0.6196325171875 0.485382753125 0.60217615625 0.48159314843749995 0.598232275 0.47113887656250003 0.5920894734375 0.46804016875 0.5585770203125 0.46344027656250003
0 0.702778890625 0.50418138125 0.686894090625 0.5023602125 0.6816376890625 0.5052734671875 0.67981129375 0.521673640625 0.6806120531250001 0.5281910453124999 0.6873265234375 0.533537575 0.7007833109375 0.5384447234375 0.709439771875 0.5379520109375 0.7159808484375 0.5274571375 0.726236715625 0.5231469515625 0.7336920421875 0.512878134375 0.73012069375 0.511468471875 0.725864184375 0.514102340625 0.713636378125 0.5131853921875 0.702778890625 0.50418138125
0 0.5858044953125 0.4131176734375 0.5789765328125 0.4140624953125 0.5736922859375 0.422761659375 0.5766641171875 0.4277094078125 0.5950946296875 0.45385781875 0.604209265625 0.4619042765625 0.631236334375 0.4654272234375 0.651634578125 0.46309820156250003 0.6541760828125 0.453720871875 0.64766075 0.44157755468750004 0.6071469406250001 0.4220810828125 0.6048324203125001 0.4188757109375 0.5858044953125 0.4131176734375
0 0.483723425 0.391563659375 0.4653528140625 0.3875480015625 0.4581822703125 0.3905145875 0.458068778125 0.39680593750000004 0.48084144375 0.4198150375 0.5183256218750001 0.4290832921875 0.5259821890625 0.42886996718750003 0.531495525 0.42444038749999996 0.5282946046875 0.41522305312499996 0.516009 0.4090256359375 0.5016957609375 0.4091729 0.4947243546875 0.4053426953125 0.4930949953125 0.39809379375 0.483723425 0.391563659375
0 0.371386484375 0.37431983125 0.35907303125 0.37390832343749997 0.34873151875 0.37872395000000003 0.349131896875 0.3819826546875 0.35293233281249997 0.3876619 0.3741891296875 0.397130746875 0.3983878109375 0.400480971875 0.4222996046875 0.3942811421875 0.42666960468750004 0.385355925 0.4159834078125 0.37534103124999996 0.3970989265625 0.3743580203125 0.3844707421875 0.37018236875 0.38227181718750003 0.37753793281250003 0.371386484375 0.37431983125
0 0.26527378437500004 0.3259647015625 0.250474521875 0.3233587046875 0.2447898953125 0.328799165625 0.24484769375 0.334079634375 0.25279114687500004 0.34341635937500004 0.2574779828125 0.3551075703125 0.2635351390625 0.35871171875 0.274677409375 0.360413496875 0.30359077343749996 0.36966902031250004 0.3143326640625 0.368112096875 0.3177605703125 0.3647467328125 0.3153882515625 0.35626089375 0.3040168953125 0.35028953125 0.2902175265625 0.3474041484375 0.26527378437500004 0.3259647015625
0 0.16553718281250002 0.318682434375 0.1327676890625 0.31531948125000003 0.12651139375 0.318512121875 0.127055215625 0.32654584999999997 0.14025506875 0.332969321875 0.1716820890625 0.3386334265625 0.1767393546875 0.3425169640625 0.1920246390625 0.3478762234375 0.203595134375 0.34705079375 0.207622553125 0.3401473390625 0.20125066406249997 0.332779046875 0.19427925625 0.3289488421875 0.16553718281250002 0.318682434375
0 0.153673490625 0.259400959375 0.1494169828125 0.2620348265625 0.1480466640625 0.2701218859375 0.151104140625 0.274564196875 0.1818460015625 0.28427182968750003 0.20930129531250002 0.2852675703125 0.2248435171875 0.2891105046875 0.2418395984375 0.267508653125 0.2493227703125 0.251453928125 0.2332945265625 0.24485773125 0.2146102375 0.24550407187499998 0.1656701078125 0.2391960390625 0.17069952500000002 0.2488654828125 0.16595699375 0.248746090625 0.1613579046875 0.253401725 0.1611587671875 0.260198515625 0.153673490625 0.259400959375
0 0.27357924843750003 0.2600846171875 0.26949403125 0.2617076046875 0.26420978281249996 0.2704067671875 0.26298290468749996 0.2832688546875 0.2699842609375 0.298165434375 0.2783559390625 0.3049749546875 0.2863272375 0.3085257734375 0.2996405828125 0.308657896875 0.304438809375 0.297205471875 0.29292400937499996 0.286459084375 0.2967223421875 0.2752860453125 0.293607065625 0.26556326874999997 0.27357924843750003 0.2600846171875
0 0.4914293734375 0.3292216640625 0.4829442046875 0.32870349375 0.47851640624999997 0.33234824375 0.4784029140625 0.33863959375 0.487147121875 0.3544937265625 0.49794681093750004 0.3582172671875 0.512461290625 0.36812549687499996 0.5209464609375 0.36864366875 0.5224602234375 0.3653316359375 0.51923145625 0.361900209375 0.5237449 0.3577500171875 0.5182016125 0.3511132203125 0.5137160171875 0.34947750312500003 0.50122916875 0.3332245921875 0.4914293734375 0.3292216640625
0 0.6231389218750001 0.3670540484375 0.6235392984375 0.37031274999999997 0.6003704625 0.3777495171875 0.5900310546875 0.3994174296875 0.5965742328125 0.405774840625 0.6084594625 0.40871355468750004 0.619287 0.4066511890625 0.6301606125 0.39494573437499997 0.64533991875 0.3878153296875 0.6473675515624999 0.3814706484375 0.642995446875 0.37354358125 0.6231389218750001 0.3670540484375
0 0.7229117828125 0.43595954375 0.721627109375 0.44354116250000003 0.7057444125 0.458572278125 0.7034598437499999 0.46643328281249996 0.7156598046875 0.47313614218750005 0.7198606187500001 0.482074090625 0.7301464375 0.48883027968750004 0.7373747765625 0.491144159375 0.7498595203125 0.4905447859375 0.7546855921875 0.473306453125 0.758685165625 0.47218890937499997 0.75725494375 0.4581432171875 0.7613102125 0.44545385312499997 0.7493393390625 0.44302058125 0.7460249265625001 0.44009459531250006 0.7229117828125 0.43595954375
0 0.7715832828125 0.3976998609375 0.7686991984375 0.409098953125 0.7535016625 0.42008653906250004 0.754274571875 0.43238985156250004 0.778588846875 0.44630100937500006 0.784102184375 0.44187143281249996 0.80050085625 0.44065995312500006 0.8040144046875 0.436789146875 0.8177281296875 0.440179971875 0.819528778125 0.446417990625 0.8240143734375 0.44805370624999996 0.833298196875 0.43823699843749997 0.8318101765625 0.418910840625 0.8355806609374999 0.41352371093749996 0.8444940546874999 0.41151467343750003 0.8334074812500001 0.3982410796875 0.819207734375 0.39209699531250003 0.7692966109375 0.3887085796875 0.7657830609375 0.3925793859375 0.7715832828125 0.3976998609375
0 0.7509614906250001 0.3224944625 0.7412194921874999 0.323772003125 0.731593090625 0.3356104765625 0.7310513734375 0.34442903125 0.755080865625 0.36564242187499996 0.7659662015625 0.36886052187499996 0.7767080921875 0.3673035984375 0.7789926609375 0.3594425921875 0.7719634546874999 0.350331921875 0.7701328562499999 0.3330275265625 0.763675321875 0.326164675 0.7509614906250001 0.3224944625
0 0.6379019203125 0.3080368171875 0.6342470312499999 0.32398488125 0.6418757515625 0.329557465625 0.6455048953125 0.33624759375 0.6523050125000001 0.3410886796875 0.6649331984375 0.3452643328125 0.6749321312500001 0.342470471875 0.675302559375 0.3346627984375 0.6649589406249999 0.322626140625 0.6685581375 0.3182498921875 0.66818560625 0.3092052828125 0.65955699375 0.303912084375 0.645586334375 0.302037584375 0.6379019203125 0.3080368171875
0 0.543588803125 0.2631258421875 0.5339902484375 0.2691784078125 0.530907028125 0.2873742921875 0.5381653187500001 0.30075455156249997 0.546536996875 0.307564071875 0.55650808125 0.3105561171875 0.564079003125 0.3108482328125 0.5694210515625 0.3074295359375 0.5699627671874999 0.29861098125 0.56393345625 0.28922092187500004 0.5674170562499999 0.27428373906250003 0.5619594140624999 0.2671415015625 0.5566452156249999 0.2647742890625 0.543588803125 0.2631258421875
0 0.8544143500000001 0.27768521874999996 0.8442719734375 0.27570405781249996 0.8402724015624999 0.2768216015625 0.8374461140625 0.2935011625 0.8381911765625001 0.311590384375 0.8718749203125 0.3151793921875 0.8807604671875 0.318956265625 0.8913310671874999 0.31841022343750003 0.899017584375 0.3292632734375 0.9072458187500001 0.33129776875 0.9129304453125 0.325857309375 0.9271580390624999 0.326215484375 0.9334999796875 0.3225174015625 0.93387040625 0.31470972812500003 0.9285840546875 0.306556609375 0.91529855625 0.30063857656250004 0.8984974046875 0.28173906875 0.8842120124999999 0.2761004234375 0.8726415171875 0.2769258515625 0.8645845734375 0.273880475 0.8544143500000001 0.27768521874999996
0 0.8339068046874999 0.3345195265625 0.8288794906250001 0.341702365625 0.8199660953125001 0.3437114015625 0.8181675500000001 0.3543256671875 0.8285390125 0.360576415625 0.86602319375 0.3698446703125 0.88742133125 0.36723626249999997 0.8984201562499999 0.3641630109375 0.901105103125 0.35956071093749997 0.9031027875 0.3421496515625 0.8980733703125001 0.332480209375 0.8899885765625 0.3352207390625 0.8696181796875001 0.331763853125 0.8646187140625001 0.3331607859375 0.853990315625 0.328426359375 0.837934225 0.32761607187499997 0.8318492187500001 0.32979783125 0.8339068046874999 0.3345195265625
0 0.7554763859375 0.26064155625 0.740934059375 0.256519234375 0.7291922750000001 0.258355546875 0.7268220624999999 0.26672199375 0.7330226625 0.2751011671875 0.7508515546875 0.287935384375 0.7970778390625 0.29620548593749996 0.8099351109375 0.304650721875 0.815020221875 0.3027483484375 0.8184181781250001 0.2883166078125 0.8152172578125001 0.2790992734375 0.8062460640625 0.275827840625 0.7671624765625 0.27037706250000004 0.7554763859375 0.26064155625
0 0.6569106031249999 0.22396334687500002 0.636227578125 0.23359460156249998 0.631885425 0.2367339125 0.629288225 0.2576830578125 0.637317321875 0.26651434375 0.6502024421875 0.2691736703125 0.660201375 0.266379809375 0.6652286890625 0.2591969703125 0.663428040625 0.25295895 0.6827107953125 0.24034838125000002 0.6837385359375 0.23428308437499998 0.679766809375 0.22961472187499998 0.6569106031249999 0.22396334687500002