0 0.6458856125 0.323555740625 0.6550834140624999 0.314384615625 0.67232886875 0.304255753125 0.6759769328125 0.2956716734375 0.6862825671875 0.28680924375 0.7381318968749999 0.289522896875 0.74559389375 0.2948023734375 0.747213321875 0.303787496875 0.760267375 0.299957846875 0.771335115625 0.3051753234375 0.776623765625 0.30131532499999997 0.7786312421875 0.2880071609375 0.7664768296875 0.2782199484375 0.7568520703125 0.26167048125000003 0.7563722125 0.24660248906249999 0.7608564390625 0.2371846703125 0.7614526749999999 0.22881693749999998 0.7687170609375 0.2180403359375 0.7712996109375 0.20062547656250002 0.769669603125 0.1937708734375 0.7533555328125 0.1838913125 0.7512456671875001 0.16196871875000002 0.752720384375 0.144245165625 0.7497743546875 0.123156309375 0.7575714984374999 0.11679509531250001 0.75129139375 0.0969106734375 0.7386253859374999 0.0784470328125 0.735845225 0.07980581249999999 0.7115118359375 0.12102839531250001 0.7175837515625 0.1269872625 0.719213759375 0.1338418640625 0.7110708890625 0.1539742859375 0.6935008671875 0.1736133171875 0.67904615625 0.1802528765625 0.6742691 0.192789303125 0.6703705281250001 0.1959699109375 0.6655723140625 0.212767378125 0.6738281546875 0.22573519531250003 0.6743185921875 0.238672665625 0.6717783609375 0.24756544218749998 0.661409246875 0.26921099375 0.652200865625 0.2805126390625 0.6471415625 0.29403714999999997 0.6320588734375 0.31543600625 0.620363159375 0.324977825 0.623383246875 0.33115303749999997 0.6347226546875 0.3375129484375 0.6411085578125 0.3360921671875 0.6458856125 0.323555740625
0 0.4342896234375 0.28762353281249997 0.4421185078125 0.274870759375 0.4515879765625 0.26684206875 0.456407353125 0.24578355937500002 0.4683535734375 0.24164521562500002 0.47885681562500004 0.24883886406250003 0.48131240937499997 0.25699025 0.4764930359375 0.2780487578125 0.480014140625 0.2950309203125 0.48890853593749994 0.2911089234375 0.5010841078125 0.29663509375 0.508369653125 0.281597453125 0.520368775 0.26680650625 0.520432253125 0.254023384375 0.529118459375 0.2361758296875 0.5219916109375 0.21925566718749998 0.5225772656250001 0.21301845312499998 0.5154292578125 0.20035933125 0.505144784375 0.20496071875 0.49212246718749997 0.20239880625 0.48174618281250003 0.1696389140625 0.47993972500000004 0.14246719218749998 0.4971746 0.1344688515625 0.5025267296875 0.11782573125 0.494302628125 0.09846635312499999 0.4749155703125 0.09306418125 0.47305621249999996 0.07654506093749999 0.4748026 0.059963940625 0.46765459218750005 0.04730481875 0.46800031718749996 0.0335336109375 0.46414406562500005 0.0281921359375 0.454173578125 0.0254138765625 0.44804876406250005 0.0301076109375 0.44271779375 0.042489690625 0.45738069687499994 0.0497756859375 0.46313862656250004 0.0631141984375 0.46280347656250004 0.0747548890625 0.4557367 0.10158756718749999 0.45624829531250005 0.1102639953125 0.4330616515625 0.1998091546875 0.4266545875 0.2054909765625 0.42549385468749995 0.2158348828125 0.4212601375 0.2306561765625 0.41595032656250003 0.238777215625 0.41112037187499995 0.26196624375 0.40442048281250004 0.2707666734375 0.41074290781249995 0.2821290140625 0.424633125 0.2774656265625 0.4342896234375 0.28762353281249997
0 0.097050025 0.1744510703125 0.104011003125 0.1689235953125 0.1106685734375 0.1686452484375 0.1588947671875 0.2866233484375 0.155518371875 0.2963498625 0.1604718765625 0.304130553125 0.15760707812500002 0.3225334984375 0.16231007343749998 0.3249107140625 0.17315904375 0.318333153125 0.1823145265625 0.31768411093750004 0.1956825703125 0.306474815625 0.2054554453125 0.29319699843749997 0.21227171718750001 0.26096084531249997 0.2106522875 0.25197571875 0.202354128125 0.24752998437499998 0.20295036406250003 0.2391622484375 0.21184475625000002 0.2352402515625 0.2152105734375 0.22764425625 0.222736046875 0.22014060937500002 0.2294041984375 0.21773174218750002 0.2378927953125 0.1838281109375 0.23168504531249998 0.1772980296875 0.225823021875 0.1569967375 0.20202579531249998 0.14609874375 0.1956822109375 0.13899744375 0.18870348125 0.0922499953125 0.18105445625 0.0687839234375 0.144556075 0.10234981406250002 0.132108834375 0.0956812078125 0.12295335156250001 0.0963302515625 0.1143200453125 0.10352520312499999 0.097169809375 0.0944793796875 0.0899477421875 0.0967339 0.086049171875 0.0999145078125 0.0731186671875 0.134713875 0.07137228125 0.15129499531249999 0.07656571250000001 0.1666096828125 0.097050025 0.1744510703125
0 0.3794684875 0.4858204328125 0.3871809921875 0.49650338125 0.38408684531250004 0.5052418125 0.3843161921875 0.5149063265625 0.3753054203125 0.5422640484375 0.37941218125 0.5530089968749999 0.3868847578125 0.5561579531249999 0.3968869828125 0.5525446515625 0.40859327656250005 0.5408723125 0.41581534375 0.538617790625 0.42450155 0.5207702390625 0.42709467968750003 0.5012248578125 0.436878140625 0.485816521875 0.44549028437500005 0.4828826109375 0.45666382343749995 0.4667948828125 0.448439721875 0.4474355046875 0.43819756718749997 0.443514809375 0.4263359828125 0.430608990625 0.423326475 0.422303259375 0.420997840625 0.3885856265625 0.412763159375 0.37135676875 0.40667008437499996 0.36965894375 0.3770903625 0.406219440625 0.3503648578125 0.4265075125 0.3486713703125 0.43243602968749995 0.3535825546875 0.44873880312500003 0.349849853125 0.47436704687500003 0.3594322953125 0.499438596875 0.366089865625 0.49916024999999997 0.3794684875 0.4858204328125
0 0.5926978 0.495099915625 0.5970444890625 0.513378859375 0.5892050265625 0.5282621515625 0.587772628125 0.5374636234375 0.5933012078125001 0.5411376234375 0.603052925 0.532120846875 0.6149991484374999 0.5279825015624999 0.6323398203124999 0.49867895781250005 0.6468156953124999 0.48777835625000004 0.6349892578125 0.41194501250000004 0.6294924171875 0.401879453125 0.62173759375 0.399718584375 0.6108463046875 0.41481822656249995 0.58313651875 0.46576732187500003 0.570029565625 0.4802495734375 0.5694544890625 0.48435626718749997 0.5805222296875 0.48957374375 0.5863542171875 0.4879986140625 0.5926978 0.495099915625
0 0.8110381500000001 0.5463394765625 0.8166407875000001 0.5350998328125 0.8233301000000001 0.5284299234375001 0.8400216374999999 0.5181467125 0.8450068796875 0.5195358437500001 0.8480269687499999 0.5257110578125 0.8474307328125 0.5340787890625001 0.8504508218750001 0.540254003125 0.8687723671875001 0.5368253984375 0.87713400625 0.5284880125 0.8854427453125 0.5308032296875 0.892057996875 0.5390469640625 0.8998974609375001 0.52416366875 0.9101713546875001 0.5216928015625 0.9169770421875001 0.49158716875 0.9225902609375 0.47821700468749995 0.92320765625 0.4655882296875 0.9201981484375 0.4572824953125 0.9160490671874999 0.455059628125 0.9088058421874999 0.4615751875 0.8932538765625001 0.4657755328125 0.8841936109375 0.44724989062500004 0.882073165625 0.42745781718750003 0.8771302421874999 0.41754660625 0.8616417546875 0.408963828125 0.8544196875000001 0.411218346875 0.8505211171875 0.4143989546875 0.8510327125 0.42307538281249996 0.830523834375 0.476031 0.8204475484374999 0.49455794375 0.80957741875 0.5053965453125 0.8078733515625001 0.513455584375 0.7972325687499999 0.5339587031249999 0.78775251875 0.5441179109375 0.7835293812499999 0.5568086859375 0.787950128125 0.5601739890624999 0.7913053640625 0.5547085140625 0.8110381500000001 0.5463394765625
0 0.941695428125 0.6520846328125 0.9041421156249999 0.6746892250000001 0.8943692359375 0.6879670421874999 0.8923935015625 0.6948836453125 0.9100341734375 0.7168669375000001 0.933185675 0.690249303125 0.9440240640625 0.6858022640625 0.9458166312499999 0.6899943000000001 0.9711201875000001 0.6014122515625 0.971372671875 0.596542903125 0.9627688015625001 0.5971528421875 0.9538532484375001 0.6053358796875 0.942647971875 0.6278151703125 0.9417906484375 0.6329099484375 0.9450824046875 0.640227596875 0.941695428125 0.6520846328125
0 0.7377523234375001 0.7275312703125 0.7433338015625 0.7205526671875 0.7611014328125 0.7169697125 0.7757749140625 0.7221251890625 0.7843235828124999 0.7319744 0.7949114640625 0.722123884375 0.79934279375 0.7233586671875 0.8023628796875 0.72953388125 0.7987148187499999 0.7381179625 0.803982309375 0.7385190078125 0.810117703125 0.7316947484375 0.809323859375 0.72400640625 0.81976703125 0.6874472140625 0.828911934375 0.688928690625 0.8328422453125001 0.6793565234375001 0.8300938265625 0.67432374375 0.8204055859375 0.6705573984375001 0.8099340828124999 0.656972190625 0.799621275 0.6114291734374999 0.79135485625 0.6005918765625 0.7838717 0.5995734421875001 0.773848315625 0.607447784375 0.7482483953125 0.680319475 0.7317227265625 0.7130503234375001 0.719713025 0.729971790625 0.7249699359374999 0.7325033546874999 0.73026916875 0.7265128359374999 0.7377523234375001 0.7275312703125
0 0.7364189062500001 0.8284994671874999 0.7435986531250001 0.834767028125 0.7435774953125 0.83902806875 0.7499633984375 0.8376072890625 0.7504961546875 0.8420226765625 0.7621283890624999 0.8452639796874999 0.77104394375 0.8370809421875001 0.779165653125 0.8212095609375 0.7792502921875 0.804165396875 0.78769656875 0.7787838484375 0.79860901875 0.759423165625 0.7942411703125 0.7454052625 0.8095637874999999 0.731540403125 0.8132753312500001 0.7101731984375 0.8119381484374999 0.7001999875 0.80916856875 0.6994282484375 0.8021546921875 0.715608325 0.7871460609375001 0.7220935374999999 0.7830075609375 0.7177401484375 0.75558343125 0.71116519375 0.737470075 0.72851935625 0.7393929109374999 0.7322553546874999 0.7435631515625001 0.73021718125 0.744335834375 0.742166565625 0.73924479375 0.762082640625 0.731959246875 0.7771202828125 0.730223440625 0.7915708828125 0.739096675 0.791909925 0.743704453125 0.8134618234375001 0.7364189062500001 0.8284994671874999
0 0.8626131203125 0.9394014015625001 0.86034455625 0.9494366125000001 0.8713158515625 0.95080475 0.9081039703125 0.8220178328125 0.9067356015625 0.8226212171875 0.902325434375 0.8171253937499999 0.8964828656250001 0.8208310453125 0.8889044921875 0.8389872921875 0.8763302953125001 0.8578849328124999 0.8599070187500001 0.925846540625 0.8587568671874999 0.9340599265625 0.8626131203125 0.9394014015625001
0 0.801629465625 0.9330757515625001 0.8025185265625 0.9215894109375 0.7992267703125 0.9142717625 0.7990291609375 0.8982156859374999 0.8015799734375 0.8871923875000001 0.7620331703125001 0.8644386624999999 0.748404040625 0.872375003125 0.7491661453125 0.8864549078125 0.7368953546875 0.9001034203125 0.7299026375000001 0.9120224578125 0.7281985703125 0.9200814953125 0.730633003125 0.932493921875 0.797438065625 0.9393749625 0.801629465625 0.9330757515625001
0 0.65290831875 0.8905681187500001 0.65376564375 0.8854733390625 0.656545803125 0.8841145578124999 0.6639866375000001 0.8936550750000001 0.672023709375 0.89482785625 0.6857163203125001 0.8741083921874999 0.6910790296875 0.855334753125 0.6885916984375 0.853574928125 0.6796867234375 0.85962744375 0.6636231609375 0.855151359375 0.667867459375 0.8381995453125001 0.6676486890625 0.8264045093749999 0.6438514625 0.815506515625 0.6424190640624999 0.8247079875000001 0.644581828125 0.8359779796875 0.6292697921875 0.8477123203125 0.624513896875 0.8559877046875 0.62279925 0.8661772624999999 0.6314219765625 0.8611128328125 0.632205240625 0.870931696875 0.6293933421875 0.8786820375 0.6193487953125 0.890817421875 0.61130114375 0.8917751609375 0.6112799843750001 0.8960362 0.6283984796875 0.9114735828124999 0.6453616859375 0.9023328078124999 0.65290831875 0.8905681187500001
0 0.5738710234375 0.7778721015625 0.5800275781249999 0.7667868046875 0.5858595656250001 0.765211675 0.5883363171875 0.7691020203125001 0.5888584921875 0.7756479296875 0.5843213671874999 0.7957183515625 0.590121615625 0.8005347828125 0.59680034375 0.7959953953125 0.603278059375 0.8319358921875001 0.5982293359375 0.8433298875 0.60988273125 0.8423101484375 0.61540073125 0.8481146671875001 0.6228944671875001 0.8470025812499999 0.6304199421875001 0.8394989328125 0.6324168375 0.8283212875 0.6418545671875 0.8266841609375 0.642094496875 0.8342181562500001 0.6556284078125 0.845456496875 0.6606559703125 0.8383235453125 0.6620989500000001 0.8269915515624999 0.642764790625 0.8109367781250001 0.641427609375 0.8009635671875 0.642891746875 0.7853705343749999 0.6404678953125 0.7708275859375 0.6494680890625 0.7456003859375 0.631795678125 0.7300086578125 0.6322472015625 0.6949322421875 0.6192354671875 0.6902398125 0.6142925421875 0.6803286 0.6090250515625 0.67992755625 0.61233796875 0.6829841640625001 0.6106233203125 0.693173721875 0.6025227703125 0.7047840609375 0.5954983125 0.723094659375 0.58626876875 0.73865734375 0.574551896875 0.7524602046875 0.5567631078125 0.7603041984375001 0.5539512078125 0.7680545421875 0.554745053125 0.7757428843749999 0.5588835515625 0.780096271875 0.5738710234375 0.7778721015625
0 0.5625879234375 0.7043236265624999 0.5673861375 0.6875261578125 0.5855312328125 0.6637804359375 0.6071339546875001 0.6697999968749999 0.606654096875 0.654732009375 0.6233985343749999 0.6337961953125 0.616553934375 0.6158879453125 0.61608465625 0.5986894359375 0.6084356328125 0.5752233625 0.59958355625 0.570623278125 0.5920686609375 0.5759964046875 0.5827968 0.600081171875 0.5777692359375 0.6072141234374999 0.5735249375 0.6241659375 0.561589296875 0.6261737640625 0.5543460687499999 0.6326893250000001 0.54814719375 0.652296703125 0.5508427140625 0.667982084375 0.5468912453125 0.681815290625 0.538247359375 0.6911407625 0.539573959375 0.703244496875 0.55174953125 0.7087706671875 0.5625879234375 0.7043236265624999
0 0.4193530359375 0.674012075 0.420700796875 0.681854765625 0.425132125 0.6830895484374999 0.4329081078125 0.680989375 0.4663017625 0.6582924343750001 0.4677130015625 0.6533520015625001 0.46500690312500004 0.6397971421875 0.4641000875 0.599008559375 0.4517948234375 0.5777119203125001 0.4457396296875 0.5544232828125 0.4413294609375 0.548927459375 0.431066146875 0.5492678062499999 0.43382514531250005 0.5521700671875001 0.4323821671875 0.5635020578125001 0.42592220625 0.5798364828125 0.42146971874999994 0.5828627421875 0.42191783593750004 0.60432229375 0.4176841171875 0.6191435890625 0.407858340625 0.64307400625 0.39921445312500003 0.652399478125 0.3975103859375 0.6604585171874999 0.40020590624999997 0.6761438984375 0.412956553125 0.6775633765625 0.4193530359375 0.674012075
0 0.42661060937500006 0.7763074 0.43329991874999996 0.7696374921875 0.44274822968749994 0.76586984375 0.445390853125 0.792207825 0.45166037656249997 0.8142227671875 0.463532540625 0.8249980656250001 0.4790527671875 0.8271892843750001 0.48519874218750003 0.8182345078125 0.4918563140625 0.817956159375 0.49717670468749997 0.8077046015624999 0.49778351875000004 0.797206346875 0.510043728125 0.7856883546875 0.511518446875 0.7679648 0.5079867625000001 0.7531131578125 0.5019254265625 0.7450237703125 0.479758209375 0.74098038125 0.4781176203125 0.7362562984375 0.47734493593750005 0.7243069140625 0.4805025609375 0.7027853609375 0.4846939609375 0.6964861499999999 0.4863980296875 0.6884271125 0.48040017031250004 0.6675546015625 0.4699075078125 0.658230434375 0.4518258890625 0.6691930359375 0.43312687656250004 0.6927844109375 0.4333668046875 0.70031840625 0.44055184374999995 0.7055207078125 0.4446533140625 0.71733091875 0.43788994531250003 0.7389144671875 0.4213642765625 0.771645315625 0.4127098109375 0.7831013078125 0.4176844734375 0.7866209578125 0.42324479375 0.7839033953125 0.42661060937500006 0.7763074
0 0.541274975 0.9191987906250001 0.5574866578125001 0.8938475921875 0.554999325 0.8920877671874999 0.5561706375 0.8796133390625 0.5520427156250001 0.87312943125 0.55964225 0.850712140625 0.57134854375 0.8390398015624999 0.590192265625 0.8421571046875 0.60134464375 0.8303304171875 0.6055572031249999 0.8197701625 0.599287678125 0.79775521875 0.5881881984375 0.7989293046875 0.579932359375 0.7859614875000001 0.5189804421875001 0.7732442749999999 0.5137023703125 0.774973753125 0.5116631593750001 0.794673478125 0.5232001734375 0.8170894656250001 0.523440103125 0.8246234609374999 0.5169907203124999 0.8388273640625 0.51198431875 0.8416992750000001 0.5063076203125 0.8678525640625001 0.49930432187499996 0.88190211875 0.49781902499999997 0.90175619375 0.4930842875 0.9057705374999999 0.49941729375 0.9150023578125 0.5287854171874999 0.9210522687499999 0.541274975 0.9191987906250001
0 0.3976025546875 0.8652971671874999 0.4064863703125 0.863505690625 0.409778125 0.8708233390625001 0.4063594109375 0.889071934375 0.41022624375000005 0.892282890625 0.4464529578125 0.857574565625 0.45124059218749996 0.84290761875 0.4309043984375 0.8052389468750001 0.4159698265625 0.79681051875 0.41511250312500003 0.801905296875 0.4084443515625 0.8043141640625 0.40478571093750004 0.815028765625 0.39753190312500003 0.8236748484374999 0.3952739203125 0.8315795375 0.3999451765625 0.8403483140624999 0.398241109375 0.848407353125 0.3929524578125 0.85226735 0.3887504796875 0.860697084375 0.39009823906249996 0.868539775 0.3945295671875 0.86977455625 0.3976025546875 0.8652971671874999
0 0.3175669890625 0.8419286578125 0.3267965296875 0.826365971875 0.3348336 0.8275387562500001 0.3375397015625 0.841093615625 0.3455238734375 0.8529190015625 0.35805575156249997 0.8425434421875 0.36282222656249996 0.8321375359375001 0.398368065625 0.8228411093749999 0.40563245312499996 0.8120645062499999 0.40143388281250003 0.7639582765624999 0.3964592171875 0.7604386265625 0.3854972765625 0.7339159484375 0.381348196875 0.7316930796875 0.37437663906249996 0.739351075 0.3674473984375 0.7384869875 0.37155415937499997 0.7492319359375 0.368449434375 0.7601008874999999 0.3597420671875 0.7822094796875 0.35024085625 0.79662973125 0.34049971874999996 0.8035159875 0.328669875 0.7842186078125 0.32451021562500004 0.7841262609374999 0.3077975171875 0.7986705125 0.3002403046875 0.8125657187499999 0.30021914375000003 0.8168267609375001 0.3051938078125 0.820346409375 0.30674975781249997 0.8421146593750001 0.3175669890625 0.8419286578125
0 0.3157004578125 0.77100409375 0.320999690625 0.7650135765625 0.32718798437499996 0.7475367187499999 0.3347134578125 0.740033071875 0.3405242859375 0.742718984375 0.3416003796875 0.749419240625 0.34629279375 0.7539269765625 0.3576851015625 0.749634284375 0.3643215140625 0.7536169765625 0.3710425625 0.7405555078125 0.36747913906249996 0.732095428125 0.368671609375 0.7153599578125001 0.3579390171875 0.6985017953125 0.3574380015625 0.6876948453125 0.34651837812499997 0.652650084375 0.339098703125 0.638848528125 0.32938930312500003 0.6393432234375 0.3163140875 0.6474339125 0.305997875 0.6584268609375 0.29925566406250004 0.6757493718750001 0.2972587703125 0.6869270171874999 0.30216995625 0.703229790625 0.315537996875 0.6920204937500001 0.32076316718750003 0.70094361875 0.3092439046875 0.73080255625 0.2950079578125 0.7492371515625 0.2955301359375 0.7557830609375 0.28911249375 0.7635954015624999 0.28356275468750003 0.7641824453125 0.29127525625 0.7748653953125 0.3082384625 0.76572461875 0.3157004578125 0.77100409375
0 0.23076088125 0.7857382562499999 0.2268623078125 0.7889188609375 0.228231228125 0.7925005109375001 0.2493435140625 0.7855826046875001 0.259931396875 0.7757320890625 0.262461046875 0.76896983125 0.27440726875 0.7648314875 0.2821515140625 0.7691228765625 0.28929952187499997 0.781782 0.29597825312500003 0.7772426125 0.30018023125000004 0.768812878125 0.2996686359375 0.76013645 0.29282403437500004 0.7422281984375 0.277878884375 0.735930290625 0.26552686406250003 0.7100870015625 0.25584920312500004 0.7041901359375 0.243599571875 0.71357760625 0.22068800156249999 0.7477292375 0.21785494375 0.75974061875 0.2183877 0.7641560078125 0.23308234218749999 0.7650504421875 0.23076088125 0.7857382562499999
0 0.22653397812499998 0.6874876234375 0.23432054062500002 0.6832569312500001 0.251347225 0.6613330328125 0.27691199843750003 0.6513888640625 0.27883483125 0.6551248625 0.277381275 0.6685873765625 0.2806836109375 0.673774503125 0.2993085640625 0.6650967703124999 0.3015453875 0.6614531203125 0.29963313125 0.655586603125 0.3021839421875 0.64456330625 0.3113500046875 0.6417837421875 0.3197433828125 0.6270547953125 0.3189706984375 0.6151054125 0.3087179640625 0.6133152390625 0.31048550937499997 0.5924730796875 0.2952686890625 0.585032734375 0.2802211484375 0.543504065625 0.270846896875 0.5323580703124999 0.2622559109375 0.531030940625 0.2497134515625 0.5435370203125001 0.2546828234375 0.5481219312500001 0.260685971875 0.5679291796875 0.2539226046875 0.5895127296875 0.24916670624999998 0.5977881171874999 0.23079226249999998 0.6118693234375 0.22847080156250002 0.6325571359375 0.2153744265625 0.6449088671875 0.2130635453125 0.663466159375 0.2135434015625 0.6785341515625001 0.217671321875 0.6850180578125 0.22653397812499998 0.6874876234375
0 0.1327884984375 0.7770123921875001 0.14220507031250001 0.779636303125 0.1635996046875 0.771730309375 0.1733936421875 0.754191453125 0.1648555546875 0.7422117203124999 0.164615625 0.734677725 0.168514196875 0.73149711875 0.1528175203125 0.708988784375 0.148386190625 0.7077540046874999 0.1325096578125 0.7214645156249999 0.1341608265625 0.724058078125 0.1316205953125 0.7329508546875 0.11377890625 0.7514474515625 0.1095557671875 0.7641382250000001 0.1122936078125 0.7713015249999999 0.1267271625 0.76892300625 0.1327884984375 0.7770123921875001
0 0.1380552765625 0.44245869375 0.14753532656249999 0.432299484375 0.16527121875 0.435108090625 0.17367517500000001 0.41824862500000004 0.178671 0.41750723437500004 0.186644590625 0.4314631390625 0.2004819109375 0.43745235156250006 0.1959553640625 0.455392253125 0.1955884765625 0.47342450312500006 0.196392903125 0.47898232500000004 0.20412656562499998 0.48540423437499997 0.217185909375 0.480509325 0.22494602343749998 0.48160493437499996 0.23474006093750002 0.46406607656250004 0.28011167812500004 0.430839228125 0.28207683281249996 0.426053146875 0.281575815625 0.415246196875 0.27494998437499996 0.40913298124999997 0.2566548890625 0.4072352875 0.201667209375 0.366311440625 0.17377039375 0.399073940625 0.1520936109375 0.40796802187500003 0.1460005375 0.406270196875 0.143209796875 0.40975949843750004 0.1371378828125 0.4038006328125 0.12151185625000001 0.42291461874999997 0.130342771875 0.4317757453125 0.1350034484375 0.4426750421875 0.1380552765625 0.44245869375