0 0.8234291984375 0.8168806765625 0.8184656109375 0.826028975 0.8105107703125001 0.8317278140625 0.8126152171875001 0.8354478609375 0.8325815890625 0.8309914421875 0.8373929703125 0.8213443140625 0.84876925625 0.817327859375 0.8607015171875 0.8087796 0.8640436953125 0.8006713046874999 0.8742023421875 0.7926642171875 0.877114328125 0.7863229953124999 0.8908466265625 0.7804971218750001 0.8960416875 0.7816383328125001 0.9106935453125 0.79788796875 0.9179465390624999 0.8153046375 0.9231415999999999 0.8164458515625 0.9302360546875 0.8142811578125 0.9445507515625 0.8071870406249999 0.9480715578125001 0.8028411328124999 0.9480652234375 0.7837586 0.9425129109375 0.775092609375 0.9340486078125 0.7727678421874999 0.9392109140624999 0.751562959375 0.95286394375 0.7359464046874999 0.9522022796874999 0.7274239703125 0.9483242187500001 0.7242450953125 0.8816287296875001 0.72169416875 0.804476515625 0.7452352015625 0.797104071875 0.749665796875 0.7905190734375 0.7598540984375 0.795872671875 0.780576671875 0.7978249125 0.7837978890625 0.8245876624999999 0.7952616531250001 0.8215498921875 0.8043676078124999 0.8234291984375 0.8168806765625
0 0.34935843437499997 0.9342677796875 0.36033095312499996 0.9352819578125 0.3650958203125 0.93819024375 0.36484425625 0.9437197046874999 0.3716607265625 0.943820915625 0.3734079171875 0.9400161828125 0.3854923828125 0.9319667515625 0.399959284375 0.9253714640625 0.41098148125 0.923371496875 0.42786673437499995 0.9501177109375 0.44902432187499997 0.946388365625 0.45601941718749994 0.9502519640625 0.4633918625 0.9458213687500001 0.47079072968749996 0.9446543359374999 0.48700481875 0.9342543125 0.49034699843749996 0.9261460156249999 0.5049132578125 0.9135224359375 0.5048339890625 0.90373175625 0.5431125671875 0.8735128265625001 0.5405250828125 0.865032734375 0.5255751453124999 0.8668679734375001 0.5164491796874999 0.8560207703125 0.499977190625 0.8528677218749999 0.4986073453125 0.8483782609375 0.506714390625 0.84317825 0.5072703671875 0.8386464453125001 0.521280653125 0.83055466875 0.5141534421875 0.81037326875 0.5036375390625001 0.8108555765625001 0.48655673281249995 0.8057072125 0.4697073984375 0.81084835625 0.44928441250000006 0.8138082875 0.4313495515625 0.831276603125 0.4306677953125 0.8385731390625001 0.4057378375 0.85217785625 0.3980345609375 0.852347234375 0.388001696875 0.8575895875 0.38326325156249996 0.8579448640624999 0.38032484375000003 0.8610225265624999 0.38785582343749997 0.87617329375 0.38240919687499997 0.8805615437500001 0.37937143125 0.8896674984375 0.3705297828125 0.895636925 0.361284365625 0.9066369859375 0.35918625 0.9219994734375 0.3472539890625 0.9305477328125 0.34935843437499997 0.9342677796875
0 0.2831429453125 0.6981946406249999 0.2850222515625 0.710707709375 0.292017346875 0.714571309375 0.2951872296875 0.7217831578125 0.3069471953125 0.728555040625 0.321870709375 0.7234562421875 0.32891865 0.733846959375 0.3448082421875 0.738268253125 0.3513203015625 0.7373718078125 0.3728816578125 0.728611825 0.38172330468750004 0.7226423984375 0.3857736625 0.7105011265625001 0.394714671875 0.698503409375 0.403456959375 0.6985622734375 0.42623595468750003 0.693792925 0.43677828124999996 0.696574178125 0.446102965625 0.6953647984375 0.4652818890625 0.685150675 0.46943793593749994 0.6860636437500001 0.47739277812500003 0.6803648046874999 0.4833689546875 0.6681811890625 0.49606224218749995 0.6621270734375 0.49876917499999995 0.6487599000000001 0.4840443796875 0.64180211875 0.46689063593749996 0.6459456046875001 0.4631647796875 0.6432655609375 0.4517620703125 0.64401845625 0.4418814109375 0.6497596406249999 0.41126702187499997 0.6383805640625 0.3992819171875 0.640401703125 0.3680121984375 0.6395827234375 0.3447765859375 0.6428555859375 0.31905918125 0.650702596875 0.2981330671875 0.6647214546875 0.294360696875 0.674596825 0.29872179375 0.6825357421875 0.2831429453125 0.6981946406249999
0 0.7081941796875 0.5440549703124999 0.700973940625 0.5489843921875 0.692310921875 0.558716209375 0.6952292375 0.5714575203125001 0.70564578125 0.577003503125 0.71358053125 0.5871236375 0.725135446875 0.586869571875 0.73286514375 0.5899637546875 0.7385696640625 0.599128575 0.7376891890625 0.6184816953125 0.7660469234375 0.625641896875 0.7741803921875 0.6237054484375 0.7821352328125 0.6180066078124999 0.8097985484375 0.5942982781249999 0.837567553125 0.5836441921875 0.84600543125 0.5827054 0.8515577484374999 0.591371390625 0.8437085984375001 0.6101244718750001 0.8655014281250001 0.6116540015624999 0.878803534375 0.6075952015625 0.9123700875 0.5809951078125 0.9113511687500001 0.5649478921875 0.9045082765625001 0.5615831234375 0.8994855125000001 0.5451217671874999 0.9140781953125 0.5357617484375 0.9221323953124999 0.524034615625 0.9193134374999999 0.5052650125 0.89457586875 0.48773061249999994 0.8884940015625 0.48685998750000004 0.867184209375 0.4900905046875 0.841619009375 0.4984363453125 0.8202098578125 0.5076951546874999 0.81126885 0.5196928734374999 0.7734141343750001 0.5290621953125 0.74954328125 0.5270761796875 0.729298921875 0.5337985015625 0.7263869374999999 0.5401397234374999 0.7188622875 0.544071490625 0.7081941796875 0.5440549703124999
0 0.6412186703125 0.30866794375 0.6519660453125 0.318475146875 0.6453081125 0.3379552984375 0.6521573359375 0.360402603125 0.660800265625 0.3664897609375 0.6912360234375 0.374106446875 0.71092440625 0.37191593125 0.73621161875 0.36583599218749996 0.7551125546875 0.357887771875 0.7791292828125 0.34129008125000004 0.8069046203125 0.34971852812500004 0.8205375578125 0.349920946875 0.840503928125 0.345464528125 0.8474461796874999 0.3428010078125 0.859808634375 0.332485675 0.86659235 0.310240790625 0.8728993578124999 0.3023183921875 0.8552097312500001 0.2951747109375 0.8503920171875 0.28573930625 0.8377716671875 0.2825015671875 0.8142580703125001 0.28804033125 0.79875215625 0.2944073765625 0.7919356890625 0.29430616875000004 0.7844575546875 0.285682521875 0.7906123578125 0.27726129374999997 0.796105496875 0.2603176296875 0.7819366750000001 0.2488280421875 0.7554582453124999 0.2541809109375 0.751480825 0.2570303296875 0.735869221875 0.250343134375 0.7119983671875 0.24835712031249998 0.6924621890625 0.2510464640625 0.68848476875 0.25389588281250003 0.6741436515625 0.25772644218749996 0.6678102203125 0.262385278125 0.665507053125 0.27072181562500003 0.65327038125 0.2782724171875 0.64528911875 0.280707696875 0.6416161078125 0.2845547765625 0.64529545 0.29979023125 0.6412186703125 0.30866794375
0 0.2001682578125 0.48132384375 0.187832228125 0.4949027390625 0.18081704062499998 0.5068581125 0.185634753125 0.5162935203125001 0.19797711406250001 0.5217971578125 0.21368807812499999 0.5224560640625 0.220478125 0.5192937125 0.24437540000000002 0.5245432875 0.26730660156249997 0.520272765625 0.2875245375 0.5102868859374999 0.3028253984375 0.496893890625 0.3094103953125 0.486705590625 0.30636629531250004 0.47672900937499996 0.331369190625 0.4538324421875 0.336127728125 0.43765819375000004 0.3834329109375 0.4243147609375 0.38188443906249997 0.4160629109375 0.3837574125 0.409493446875 0.3925726375 0.4002604578125 0.391758765625 0.39123919375 0.3952795734375 0.3868932875 0.3931751265625 0.3831732421875 0.385445428125 0.380079059375 0.3743471265625 0.3818296109375 0.3674778125 0.3752012796875 0.34651894375 0.36687404218749997 0.3021056546875 0.389695225 0.27164980625 0.3978975109375 0.2569049171875 0.40675870156249994 0.2348341 0.4074950734375 0.216945753125 0.41240797812499996 0.2012347921875 0.4117490734375 0.1928233359375 0.4159514265625 0.17167208125 0.4387633078125 0.1730419234375 0.44325276718750006 0.17826340624999998 0.44765753906250005 0.20243867031249999 0.4506412125 0.20069147968749998 0.45444594687500006 0.20735574375 0.45404832656250005 0.2215245640625 0.46553791406249995 0.21434396093750002 0.4753626796875 0.2001682578125 0.48132384375
0 0.1028553453125 0.229111584375 0.0895796609375 0.2364339453125 0.0843380875 0.24784814531250002 0.0895394796875 0.2680718890625 0.09488674375 0.26971193125 0.0993207796875 0.2683589984375 0.1100417328125 0.274902640625 0.1198557875 0.29753584375000003 0.12446845 0.2999452984375 0.2350149234375 0.265124315625 0.28987117812499996 0.25111267812500004 0.3000562484375 0.246369153125 0.2848156609375 0.21230522812500002 0.29968633125 0.20067930625 0.3076348390625 0.17589793125 0.3032737421875 0.1679590140625 0.2904747640625 0.1609588875 0.2599924921875 0.16589761249999999 0.2631824640625 0.15729048750000002 0.2503042203125 0.140499678125 0.2550162421875 0.13688084375 0.2549898203125 0.133617284375 0.247710403125 0.1129370546875 0.23499069687500002 0.11572760625 0.2124104171875 0.108440371875 0.1981950828125 0.109506196875 0.16910907656250002 0.12219794531249999 0.15482080625 0.132555621875 0.1520610234375 0.13939567343749998 0.1393677375 0.14544978749999998 0.12913615312499999 0.16274872812500002 0.13273622812500002 0.168193503125 0.12896385625 0.178068871875 0.11675360937499998 0.188883034375 0.10621761562500001 0.205184315625 0.1028553453125 0.229111584375
0 0.6540773375 0 0.6523523203125 0.003102634375 0.6403936375 0.008387334375 0.6208310359375 0.00781311875 0.6082635328125 0.0111025015625 0.5985615 0.0206060765625 0.569528340625 0.039824942187500004 0.5574502046875 0.0669569078125 0.559329509375 0.0794699765625 0.5747624859375 0.0823947828125 0.57613233125 0.08688424375 0.5834054140625 0.0884819390625 0.5925049578125 0.096065584375 0.592557803125 0.1025927046875 0.6028485640625 0.1109034203125 0.6147343109375 0.1149105734375 0.6094663140625001 0.1230612140625 0.6028284734375 0.12672239375 0.6008032937500001 0.13279303125 0.60721599375 0.13792487343749998 0.6140324625 0.1380260828125 0.6202929578124999 0.1426590984375 0.6262226203125 0.1430308953125 0.6621250953125 0.13044035781250002 0.6658974640624999 0.12056498593750001 0.7252279390624999 0.07356247187500001 0.733255715625 0.058571779687500006 0.73375884375 0.047512853125 0.7439174921875 0.039505765625 0.7498471546875 0.039877562500000005 0.756610778125 0.033451651562500004 0.7777419421875 0.026458743750000003 0.7895949359375 0.008119803125 0.807524621875 0 0.6540773375 0
0 0.6540773375 0 0.6523523203125 0.003102634375 0.6403936375 0.008387334375 0.6208310359375 0.00781311875 0.6082635328125 0.0111025015625 0.5985615 0.0206060765625 0.569528340625 0.039824942187500004 0.5574502046875 0.0669569078125 0.559329509375 0.0794699765625 0.5747624859375 0.0823947828125 0.57613233125 0.08688424375 0.5834054140625 0.0884819390625 0.5925049578125 0.096065584375 0.592557803125 0.1025927046875 0.6028485640625 0.1109034203125 0.6147343109375 0.1149105734375 0.6094663140625001 0.1230612140625 0.6028284734375 0.12672239375 0.6008032937500001 0.13279303125 0.60721599375 0.13792487343749998 0.6140324625 0.1380260828125 0.6202929578124999 0.1426590984375 0.6262226203125 0.1430308953125 0.6621250953125 0.13044035781250002 0.6658974640624999 0.12056498593750001 0.7252279390624999 0.07356247187500001 0.733255715625 0.058571779687500006 0.73375884375 0.047512853125 0.7439174921875 0.039505765625 0.7498471546875 0.039877562500000005 0.756610778125 0.033451651562500004 0.7777419421875 0.026458743750000003 0.7895949359375 0.008119803125 0.807524621875 0 0.6540773375 0
0 0.1028553453125 0.229111584375 0.0895796609375 0.2364339453125 0.0843380875 0.24784814531250002 0.0895394796875 0.2680718890625 0.09488674375 0.26971193125 0.0993207796875 0.2683589984375 0.1100417328125 0.274902640625 0.1198557875 0.29753584375000003 0.12446845 0.2999452984375 0.2350149234375 0.265124315625 0.28987117812499996 0.25111267812500004 0.3000562484375 0.246369153125 0.2848156609375 0.21230522812500002 0.29968633125 0.20067930625 0.3076348390625 0.17589793125 0.3032737421875 0.1679590140625 0.2904747640625 0.1609588875 0.2599924921875 0.16589761249999999 0.2631824640625 0.15729048750000002 0.2503042203125 0.140499678125 0.2550162421875 0.13688084375 0.2549898203125 0.133617284375 0.247710403125 0.1129370546875 0.23499069687500002 0.11572760625 0.2124104171875 0.108440371875 0.1981950828125 0.109506196875 0.16910907656250002 0.12219794531249999 0.15482080625 0.132555621875 0.1520610234375 0.13939567343749998 0.1393677375 0.14544978749999998 0.12913615312499999 0.16274872812500002 0.13273622812500002 0.168193503125 0.12896385625 0.178068871875 0.11675360937499998 0.188883034375 0.10621761562500001 0.205184315625 0.1028553453125 0.229111584375
0 0.2001682578125 0.48132384375 0.187832228125 0.4949027390625 0.18081704062499998 0.5068581125 0.185634753125 0.5162935203125001 0.19797711406250001 0.5217971578125 0.21368807812499999 0.5224560640625 0.220478125 0.5192937125 0.24437540000000002 0.5245432875 0.26730660156249997 0.520272765625 0.2875245375 0.5102868859374999 0.3028253984375 0.496893890625 0.3094103953125 0.486705590625 0.30636629531250004 0.47672900937499996 0.331369190625 0.4538324421875 0.336127728125 0.43765819375000004 0.3834329109375 0.4243147609375 0.38188443906249997 0.4160629109375 0.3837574125 0.409493446875 0.3925726375 0.4002604578125 0.391758765625 0.39123919375 0.3952795734375 0.3868932875 0.3931751265625 0.3831732421875 0.385445428125 0.380079059375 0.3743471265625 0.3818296109375 0.3674778125 0.3752012796875 0.34651894375 0.36687404218749997 0.3021056546875 0.389695225 0.27164980625 0.3978975109375 0.2569049171875 0.40675870156249994 0.2348341 0.4074950734375 0.216945753125 0.41240797812499996 0.2012347921875 0.4117490734375 0.1928233359375 0.4159514265625 0.17167208125 0.4387633078125 0.1730419234375 0.44325276718750006 0.17826340624999998 0.44765753906250005 0.20243867031249999 0.4506412125 0.20069147968749998 0.45444594687500006 0.20735574375 0.45404832656250005 0.2215245640625 0.46553791406249995 0.21434396093750002 0.4753626796875 0.2001682578125 0.48132384375
0 0.6412186703125 0.30866794375 0.6519660453125 0.318475146875 0.6453081125 0.3379552984375 0.6521573359375 0.360402603125 0.660800265625 0.3664897609375 0.6912360234375 0.374106446875 0.71092440625 0.37191593125 0.73621161875 0.36583599218749996 0.7551125546875 0.357887771875 0.7791292828125 0.34129008125000004 0.8069046203125 0.34971852812500004 0.8205375578125 0.349920946875 0.840503928125 0.345464528125 0.8474461796874999 0.3428010078125 0.859808634375 0.332485675 0.86659235 0.310240790625 0.8728993578124999 0.3023183921875 0.8552097312500001 0.2951747109375 0.8503920171875 0.28573930625 0.8377716671875 0.2825015671875 0.8142580703125001 0.28804033125 0.79875215625 0.2944073765625 0.7919356890625 0.29430616875000004 0.7844575546875 0.285682521875 0.7906123578125 0.27726129374999997 0.796105496875 0.2603176296875 0.7819366750000001 0.2488280421875 0.7554582453124999 0.2541809109375 0.751480825 0.2570303296875 0.735869221875 0.250343134375 0.7119983671875 0.24835712031249998 0.6924621890625 0.2510464640625 0.68848476875 0.25389588281250003 0.6741436515625 0.25772644218749996 0.6678102203125 0.262385278125 0.665507053125 0.27072181562500003 0.65327038125 0.2782724171875 0.64528911875 0.280707696875 0.6416161078125 0.2845547765625 0.64529545 0.29979023125 0.6412186703125 0.30866794375
0 0.7081941796875 0.5440549703124999 0.700973940625 0.5489843921875 0.692310921875 0.558716209375 0.6952292375 0.5714575203125001 0.70564578125 0.577003503125 0.71358053125 0.5871236375 0.725135446875 0.586869571875 0.73286514375 0.5899637546875 0.7385696640625 0.599128575 0.7376891890625 0.6184816953125 0.7660469234375 0.625641896875 0.7741803921875 0.6237054484375 0.7821352328125 0.6180066078124999 0.8097985484375 0.5942982781249999 0.837567553125 0.5836441921875 0.84600543125 0.5827054 0.8515577484374999 0.591371390625 0.8437085984375001 0.6101244718750001 0.8655014281250001 0.6116540015624999 0.878803534375 0.6075952015625 0.9123700875 0.5809951078125 0.9113511687500001 0.5649478921875 0.9045082765625001 0.5615831234375 0.8994855125000001 0.5451217671874999 0.9140781953125 0.5357617484375 0.9221323953124999 0.524034615625 0.9193134374999999 0.5052650125 0.89457586875 0.48773061249999994 0.8884940015625 0.48685998750000004 0.867184209375 0.4900905046875 0.841619009375 0.4984363453125 0.8202098578125 0.5076951546874999 0.81126885 0.5196928734374999 0.7734141343750001 0.5290621953125 0.74954328125 0.5270761796875 0.729298921875 0.5337985015625 0.7263869374999999 0.5401397234374999 0.7188622875 0.544071490625 0.7081941796875 0.5440549703124999
0 0.2831429453125 0.6981946406249999 0.2850222515625 0.710707709375 0.292017346875 0.714571309375 0.2951872296875 0.7217831578125 0.3069471953125 0.728555040625 0.321870709375 0.7234562421875 0.32891865 0.733846959375 0.3448082421875 0.738268253125 0.3513203015625 0.7373718078125 0.3728816578125 0.728611825 0.38172330468750004 0.7226423984375 0.3857736625 0.7105011265625001 0.394714671875 0.698503409375 0.403456959375 0.6985622734375 0.42623595468750003 0.693792925 0.43677828124999996 0.696574178125 0.446102965625 0.6953647984375 0.4652818890625 0.685150675 0.46943793593749994 0.6860636437500001 0.47739277812500003 0.6803648046874999 0.4833689546875 0.6681811890625 0.49606224218749995 0.6621270734375 0.49876917499999995 0.6487599000000001 0.4840443796875 0.64180211875 0.46689063593749996 0.6459456046875001 0.4631647796875 0.6432655609375 0.4517620703125 0.64401845625 0.4418814109375 0.6497596406249999 0.41126702187499997 0.6383805640625 0.3992819171875 0.640401703125 0.3680121984375 0.6395827234375 0.3447765859375 0.6428555859375 0.31905918125 0.650702596875 0.2981330671875 0.6647214546875 0.294360696875 0.674596825 0.29872179375 0.6825357421875 0.2831429453125 0.6981946406249999
0 0.34935843437499997 0.9342677796875 0.36033095312499996 0.9352819578125 0.3650958203125 0.93819024375 0.36484425625 0.9437197046874999 0.3716607265625 0.943820915625 0.3734079171875 0.9400161828125 0.3854923828125 0.9319667515625 0.399959284375 0.9253714640625 0.41098148125 0.923371496875 0.42786673437499995 0.9501177109375 0.44902432187499997 0.946388365625 0.45601941718749994 0.9502519640625 0.4633918625 0.9458213687500001 0.47079072968749996 0.9446543359374999 0.48700481875 0.9342543125 0.49034699843749996 0.9261460156249999 0.5049132578125 0.9135224359375 0.5048339890625 0.90373175625 0.5431125671875 0.8735128265625001 0.5405250828125 0.865032734375 0.5255751453124999 0.8668679734375001 0.5164491796874999 0.8560207703125 0.499977190625 0.8528677218749999 0.4986073453125 0.8483782609375 0.506714390625 0.84317825 0.5072703671875 0.8386464453125001 0.521280653125 0.83055466875 0.5141534421875 0.81037326875 0.5036375390625001 0.8108555765625001 0.48655673281249995 0.8057072125 0.4697073984375 0.81084835625 0.44928441250000006 0.8138082875 0.4313495515625 0.831276603125 0.4306677953125 0.8385731390625001 0.4057378375 0.85217785625 0.3980345609375 0.852347234375 0.388001696875 0.8575895875 0.38326325156249996 0.8579448640624999 0.38032484375000003 0.8610225265624999 0.38785582343749997 0.87617329375 0.38240919687499997 0.8805615437500001 0.37937143125 0.8896674984375 0.3705297828125 0.895636925 0.361284365625 0.9066369859375 0.35918625 0.9219994734375 0.3472539890625 0.9305477328125 0.34935843437499997 0.9342677796875
0 0.8234291984375 0.8168806765625 0.8184656109375 0.826028975 0.8105107703125001 0.8317278140625 0.8126152171875001 0.8354478609375 0.8325815890625 0.8309914421875 0.8373929703125 0.8213443140625 0.84876925625 0.817327859375 0.8607015171875 0.8087796 0.8640436953125 0.8006713046874999 0.8742023421875 0.7926642171875 0.877114328125 0.7863229953124999 0.8908466265625 0.7804971218750001 0.8960416875 0.7816383328125001 0.9106935453125 0.79788796875 0.9179465390624999 0.8153046375 0.9231415999999999 0.8164458515625 0.9302360546875 0.8142811578125 0.9445507515625 0.8071870406249999 0.9480715578125001 0.8028411328124999 0.9480652234375 0.7837586 0.9425129109375 0.775092609375 0.9340486078125 0.7727678421874999 0.9392109140624999 0.751562959375 0.95286394375 0.7359464046874999 0.9522022796874999 0.7274239703125 0.9483242187500001 0.7242450953125 0.8816287296875001 0.72169416875 0.804476515625 0.7452352015625 0.797104071875 0.749665796875 0.7905190734375 0.7598540984375 0.795872671875 0.780576671875 0.7978249125 0.7837978890625 0.8245876624999999 0.7952616531250001 0.8215498921875 0.8043676078124999 0.8234291984375 0.8168806765625