0 0.1944390265625 0.8042789000000001 0.19207534843750002 0.7948805859375 0.1968773453125 0.7700360796875 0.201204871875 0.7637412515625 0.2048241640625 0.7444122578125 0.21180005 0.7363859359375 0.22286622656250002 0.731339628125 0.2311197140625 0.7140878578125001 0.241098078125 0.710847125 0.2420215625 0.6951045921875 0.24053391875000002 0.671818715625 0.23341742812500002 0.6649805984375 0.2281461640625 0.6470867609375001 0.20724396406249998 0.6498089 0.199227709375 0.6577858328125 0.1930566890625 0.6547070421875001 0.188256428125 0.6591222078125 0.180002940625 0.676373978125 0.166264678125 0.6840792625 0.162243821875 0.6987461421875001 0.15737239218750002 0.7059437609375 0.149593375 0.7046458515625 0.1411298453125 0.689386296875 0.1285031203125 0.694358521875 0.12138662656250002 0.6875204046875 0.09740904218749999 0.708668746875 0.0948775640625 0.7261921609375 0.08435355781250001 0.7507650234375001 0.0728620890625 0.7520767046875 0.0632633015625 0.7404776953125001 0.061963714062499994 0.7302012875 0.057282068750000005 0.7299790328125 0.049289540625 0.7370284796875 0.048460953125 0.749061075 0.04926408125 0.7583853031250001 0.052739296874999994 0.7650505562500001 0.0653422984375 0.7610058140625 0.0719386078125 0.7678192375 0.087615259375 0.7657776328125 0.0963397484375 0.7708348640625 0.09882204375 0.775595759375 0.09771050625 0.7783288234375 0.1038103578125 0.7841900625 0.10920023593749999 0.7974464796875 0.12132876875000001 0.8119514171875 0.1275709609375 0.81224775625 0.1370274078125 0.8294116703125001 0.146222896875 0.8567779078125 0.152322746875 0.86263915 0.1905825015625 0.8328827328124999 0.2257194234375 0.8234074828125 0.23546055312499997 0.829441590625 0.24080472187500002 0.8241236359374999 0.24480185156249998 0.8103842437500001 0.24369205312500003 0.7926879625 0.211227215625 0.799504234375 0.208483959375 0.8049456625 0.202738225 0.8056015015625 0.1944390265625 0.8042789000000001
0 0.302309290625 0.924035878125 0.30944276249999997 0.9469472484375 0.379747565625 0.95772495 0.38123298125 0.9537837515625001 0.3951373078125 0.939586075 0.39650980156250004 0.9266506890624999 0.400435765625 0.9156937468749999 0.3975519046875 0.9062707390625 0.4008865109375 0.8980715531250001 0.41942503281250004 0.8859511015624999 0.425643503125 0.887174921875 0.43375291562499996 0.8959173968749999 0.436353828125 0.8960408718749999 0.44023234218749996 0.8869388984375 0.452030478125 0.8939992671875 0.45642917499999996 0.8849219875 0.456075059375 0.8784049046875 0.44990403749999996 0.8753261171875 0.4492195234375 0.8613644671875 0.44581548125000003 0.8519167624999999 0.4372790453125 0.859869 0.4289323984375 0.860401365625 0.422266653125 0.8359410515624999 0.4239238328125 0.8118758625 0.41898296406249996 0.8014265890625 0.4132609515625 0.8011549453125 0.407254259375 0.8120131078125 0.395503571875 0.803097771875 0.39056096875 0.813077840625 0.361667975 0.8024200859375 0.35303838125000003 0.7936529140624999 0.3367703765625 0.798452278125 0.33279696875 0.8112641875 0.32572618750000004 0.82300044375 0.3115626359375 0.8269711015625001 0.30255173125 0.8534730156249999 0.29408820156250004 0.8382134593749999 0.27864878593750003 0.830980225 0.258195596875 0.8365095124999999 0.25015562187499996 0.845413928125 0.24708023906249998 0.8638401281249999 0.241049821875 0.8756257765625 0.2407651390625 0.8867555812499999 0.2431525421875 0.8952264140624999 0.2467463734375 0.8972542453125 0.26367690312500003 0.8869146750000001 0.27034438125000004 0.8909456468749999 0.27530897187500003 0.9004674359375 0.28346583281250004 0.9073549390625001 0.2938220375 0.9097038062499999 0.302309290625 0.924035878125
0 0.541740653125 0.7463820796875 0.546966203125 0.7457015453125 0.5534236421875 0.7172211875000001 0.5620312484375 0.7064864984375 0.5715368765625 0.7013661046874999 0.5782755296875 0.7026146234375 0.581798190625 0.70742490625 0.589695825 0.7040853921875 0.5951823328125 0.6932025359375 0.594119978125 0.6736512890624999 0.5906922109375 0.6651310687499999 0.5818491078125 0.6647112546875 0.5706660453125 0.65396564375 0.572582446875 0.6401274703125 0.5789907046875 0.6339314203125 0.5797955703125 0.6228263109375 0.5825388234375 0.6173848828125 0.5811917890625 0.608963440625 0.5761085796875001 0.604079071875 0.57346021875 0.605810565625 0.5710236359375 0.6196240453125 0.561682334375 0.6386813921875001 0.5535949125 0.6494407765625 0.541984828125 0.6553898765625 0.5237784359375001 0.6545255546875001 0.5224788453125 0.6442491453125 0.5242529046875 0.6359758765625 0.5150082359375 0.6308939453125 0.5100199203125 0.6222996421875 0.49999410781250003 0.6273953421875 0.47597080937499997 0.6299693140625 0.47005901406249995 0.6371175390625 0.46915925312500006 0.6519325890625 0.47414756875 0.6605268921875 0.4748795265625 0.672633575 0.4646402046875 0.6860766296875 0.4645215859375 0.69071405 0.474638821875 0.7227670953125 0.48083356562499996 0.7249184 0.5010240609375 0.750020778125 0.505798865625 0.7669624390625 0.5055853546875 0.77530979375 0.51014838125 0.7801694671875 0.5195116703125 0.780613975 0.52953748125 0.7755182765625 0.541740653125 0.7463820796875
0 0.34402899374999996 0.67756495625 0.3907302875 0.6435662359375 0.38822426718749997 0.6397328250000001 0.38992715625 0.6342420078125001 0.4070492078125 0.596053225 0.4134100171875 0.5917121453124999 0.42426268437500003 0.595013190625 0.42863765625 0.5868633953125 0.4326822359375 0.5712690312500001 0.43185538125 0.5628722859375 0.42998816250000005 0.554426153125 0.41897116875 0.5371881546874999 0.41480970624999997 0.5369905937499999 0.40913340781249996 0.555293321875 0.4054446828125 0.556975425 0.398800928125 0.5520169734375 0.3985417015625 0.5417899546875 0.39518510625 0.5304872828125 0.3690336296875 0.5348174421875 0.35990757812499996 0.5250980937499999 0.3493141359375 0.5320240671875001 0.3352692046875 0.5313573046875 0.33340025 0.543340509375 0.337277028125 0.5546678765624999 0.336118046875 0.5592559078125 0.33280716093749996 0.5665276078125 0.3254059875 0.5708192984375 0.31838265312499997 0.5807005890625 0.320675159375 0.592881353125 0.3198465703125 0.6049139484375 0.32845244375 0.6146086000000001 0.33183276093749997 0.624983790625 0.325683728125 0.6414068546875 0.327691553125 0.664717428125 0.334689428125 0.6761929640625 0.34402899374999996 0.67756495625
0 0.6821784 0.6109718015625 0.6786557390625 0.60616151875 0.678916696875 0.595959196875 0.6753465890625 0.5930038796875 0.6754889281249999 0.5874389765625 0.6842863234375 0.569284415625 0.6942409656249999 0.5669711703125 0.710651309375 0.5566069046875 0.71569054375 0.522487559375 0.707557409375 0.5146725703125 0.69173668125 0.542708415625 0.6827037859375 0.549708475 0.664285615625 0.5367621671875 0.6649261515625 0.5117201015624999 0.6616881734375 0.49578000937500005 0.64192123125 0.494841603125 0.6279694578125 0.5108942453124999 0.625936175 0.5089404984375 0.6222000015625 0.5124775703125 0.6186518828125 0.5290241124999999 0.6196905125 0.5495028421875 0.6251278390625 0.56090429375 0.6374224359375 0.5689168437500001 0.6396674953125 0.582952575 0.634843509375 0.588295225 0.6377273703124999 0.597718234375 0.6355042984375 0.6031843578125 0.6413194671875 0.6201754046875 0.6494526031250001 0.6279903953125 0.66248089375 0.627680284375 0.6821784 0.6109718015625
0 0.7974298265625 0.8086654984375 0.8007661687500001 0.7800369703125 0.8065593468750001 0.7775261640625 0.809302603125 0.7720847359375 0.808523196875 0.7618330234374999 0.799468315625 0.749331221875 0.7975773734375 0.7418125718749999 0.80199979375 0.7318078078125 0.8051683374999999 0.730101009375 0.8069898437499999 0.719972771875 0.801008609375 0.7094741078125 0.7966810843750001 0.7157689390625 0.7936074343749999 0.7137657984375 0.7894002625 0.69499386875 0.7854285890625 0.6873764359375001 0.7811247875 0.6927437796875 0.775899234375 0.693424315625 0.7707923015625 0.68946743125 0.766395340625 0.6781153671875 0.760412371875 0.6880460484375 0.7499849953125 0.6884796359375 0.7478093703125 0.692090790625 0.744190078125 0.7114197828125 0.7377580984375001 0.7185433140625 0.7394592546875 0.7334818375000001 0.7370938390624999 0.744512865625 0.7312057656250001 0.7507336078125 0.7306838484375 0.7711382546875 0.7200666828125 0.7789917109375 0.7092377390625 0.7747631828125 0.697249815625 0.7751226828125 0.689753746875 0.7831243109375 0.6884998703125 0.7914222750000001 0.6941032609375 0.7963313375000001 0.6960179265625001 0.8029225062500001 0.7084785874999999 0.8044426687499999 0.71665916875 0.8104026890625 0.720110659375 0.817995425 0.71062701875 0.8426176765625 0.7106490062499999 0.8621195359374999 0.7219269609375 0.8691552109374999 0.7336996390625 0.8975724062499999 0.7330371140625 0.9031126140625 0.7358735281250001 0.9143905906249999 0.7393961906250001 0.9192008749999999 0.750745315625 0.923454096875 0.760747403125 0.9192858828125001 0.7594715359374999 0.908081990625 0.7714629328125 0.8668638078124999 0.773143834375 0.8418711328124999 0.7784897375 0.8161238359375 0.7974298265625 0.8086654984375
0 0.5188479781249999 0.5215002359375001 0.5253985765625 0.5097392828125 0.54079228125 0.49839814687499995 0.540934621875 0.4928332421875 0.536939225 0.4861432953125 0.5337706812499999 0.48785009375 0.5298939015624999 0.47652272656249994 0.5306750453125 0.46634509843750005 0.537579759375 0.46110123124999997 0.538786190625 0.45465823125 0.53436550625 0.4442336546875 0.5226622625 0.43346334999999997 0.5101778765625 0.43287067031250004 0.5036035562500001 0.4455591046875 0.5064399703125 0.4568370828125 0.5025377328125 0.46686654218749996 0.5025834453125 0.4854409140625 0.492817721875 0.4905489625 0.48340785625000005 0.4817447515625 0.48305373593749995 0.47522766875 0.47787563437499997 0.4740532359375 0.4749206015625 0.4674126796875 0.4702864046875 0.46533545781249996 0.46127723437499996 0.47140803125 0.45401840312499997 0.4701348171875 0.45274080000000005 0.4793602671875 0.44366045937500004 0.4882152921875 0.4424540296875 0.494658290625 0.449570521875 0.5014964046875 0.4538506015625 0.497056546875 0.4611568828125 0.4964747921875 0.4641119140625 0.5031153484375 0.463922125 0.5105352187500001 0.47999860625 0.5335850718749999 0.48458362343749994 0.5579466015625 0.49016328906249995 0.56378315 0.501110846875 0.5633742578125001 0.5266964296875 0.5404450328125 0.5274064015625 0.5330498578125 0.5212828265625 0.528116096875 0.5188479781249999 0.5215002359375001
0 0.46232106875 0.4305987375 0.4673805578125 0.43641058906249997 0.47154201875 0.43660815 0.48267936562499997 0.4287793890625 0.49937265937499997 0.42771465781250007 0.505355628125 0.417783978125 0.514341075 0.4126388890625 0.5231367328125 0.41491367031250004 0.52488706875 0.40756788281249995 0.5164489984375 0.3709515015625 0.5081735234375 0.36870141875 0.488784421875 0.3733526078125 0.4817865484375 0.3618770703125 0.47961265781250007 0.3450588875 0.46925644999999994 0.34271002031250003 0.4383978734375 0.36817475 0.44672079374999996 0.3685698703125 0.451048321875 0.36227503906249997 0.46199588281250004 0.36186615 0.4673163265625 0.3574756796875 0.47433792500000005 0.3680237296875 0.4757086859375 0.3755176859375 0.47341444218750006 0.3837662609375 0.4575717265625 0.392300253125 0.45530120625 0.39962134531250004 0.46232106875 0.4305987375
0 0.299336090625 0.449790959375 0.30605102031250003 0.451966959375 0.311417175 0.46615086406249995 0.3145145484375 0.46722651718749997 0.31844051093750003 0.45626957343749996 0.3218005765625 0.4267135625 0.31040400468749996 0.42431530781250004 0.3032875109375 0.417477190625 0.3068119078125 0.401858134375 0.30589189375000003 0.376741984375 0.29993438437500003 0.36531583749999996 0.29019325625 0.35928173124999996 0.280474115625 0.3727494796875 0.276902271875 0.3902235078125 0.26999755625 0.3954673765625 0.2531636578125 0.38166766875 0.24791611875 0.362846346875 0.24025571874999999 0.35691101718749996 0.21984997812499998 0.36058533593750003 0.21713044531249998 0.36509928125 0.226847853125 0.372060871875 0.2548613421875 0.43746487343749996 0.2536074640625 0.44576283906249997 0.2560185890625 0.453306184375 0.26609011250000003 0.46678485781249995 0.280206215625 0.4646691703125 0.299336090625 0.449790959375
0 0.24763780781250003 0.5773420796875001 0.2649936234375 0.5707371421875 0.2650647953125 0.5679546890625 0.27350633593749996 0.5637123875000001 0.2747839359375 0.5544869390625 0.27289299375 0.5469682890625001 0.2760852609375 0.54433400625 0.2782151734375 0.5221484765625 0.282046240625 0.51490146875 0.2823072 0.504699146875 0.27885570937500004 0.49710641093749997 0.2670812953125 0.4891185578125 0.264148253125 0.50197985625 0.26149989218749997 0.5037113468750001 0.2554237640625 0.496922621875 0.24923075625000002 0.4743419765625 0.2435087453125 0.47407033125 0.236487146875 0.46352227968750004 0.22471273281249998 0.4555344265625 0.220361484375 0.4627567375 0.2146614625 0.48198695 0.2089157296875 0.48264279062500004 0.20498976875000002 0.49359973281249997 0.1976123171875 0.496963940625 0.1909211140625 0.4938604546875 0.18342504375 0.50186208125 0.18108335312499999 0.5119656234375001 0.1861428390625 0.517777475 0.1923850328125 0.5180738140625001 0.19966585312500001 0.5388488859375 0.2093120875 0.5485929281249999 0.2116283203125 0.5598462093750001 0.2046049875 0.5697274984375 0.1938234921875 0.5636440015625 0.1921443265625 0.5682073359375 0.18424669062500001 0.5715468484375 0.1884081515625 0.5717444078125 0.2001113953125 0.5825147140625 0.20185999531249998 0.5955982671875 0.2058316703125 0.6032157 0.2115299578125 0.604414828125 0.220491678125 0.6001972203125 0.24763780781250003 0.5773420796875001
0 0.1006317296875 0.5012300093750001 0.10327835625 0.5199278578125 0.10727375312500001 0.5266178078125 0.1055708640625 0.532108625 0.11379889375 0.536213678125 0.1482275796875 0.513704265625 0.147661684375 0.495105196875 0.1764412671875 0.4491123484375 0.1682844078125 0.44222484375000004 0.1676947921875 0.4245532609375 0.15762153125 0.4315039265625 0.143175034375 0.4261750484375 0.131070225 0.4107426296875 0.11631532343749999 0.41747104375 0.10510853906249999 0.40765291562500006 0.1034293734375 0.41221625 0.0917243953125 0.4218752859375 0.0849382984375 0.4224817390625 0.0800431421875 0.43060683749999995 0.074817590625 0.431287371875 0.0783639765625 0.435170171875 0.0781741875 0.44259004375 0.069661475 0.4496147953125 0.0679348625 0.45603309999999997 0.069873253125 0.46169677968749995 0.0791179234375 0.4667787078125 0.09271210937499999 0.48506766562500003 0.1006317296875 0.5012300093750001
0 0.7610500046875 0.41877937656249997 0.752798253125 0.4156018046875 0.7514037703125 0.40903533281250004 0.7599876515624999 0.3992281296875 0.7541724828125 0.382237078125 0.7581933390625 0.36757019999999996 0.7630173250000001 0.36222755 0.7638221890625 0.35112243906249996 0.76765325625 0.3438754328125 0.7676549921875 0.3234460921875 0.756827784375 0.298788221875 0.7367524359375001 0.3099071046875 0.7306525859375 0.3040458640625 0.7252389828125 0.291716928125 0.7226380703124999 0.291593453125 0.7124699156250001 0.30225405781250003 0.7173633374999999 0.314558296875 0.7180004015625 0.33037491406249997 0.7130340734375 0.34128246562500003 0.7139795453125 0.345041790625 0.6947258453125 0.4258454453125 0.688932665625 0.4283562515625 0.6833292765625 0.4234471875 0.6816026625 0.429865490625 0.690704990625 0.4405123234375 0.6949358890624999 0.458356771875 0.7024302234375 0.4707844859375 0.7016016328125 0.48281708125 0.7059037015625 0.49787907656249997 0.7035128281249999 0.53026693125 0.7154770312500001 0.5308349140625 0.715075465625 0.5261727984375 0.7183151796875 0.52168355 0.7273243484374999 0.515610975 0.7314383656250001 0.517663503125 0.73524570625 0.5113439796875 0.725269078125 0.49415536875 0.7271380328125 0.48217216250000006 0.7331921703125001 0.4694590328125 0.7438093359375 0.461605578125 0.750573446875 0.44149727031249997 0.7614041234375 0.4252964578125 0.7610500046875 0.41877937656249997
0 0.560140875 0.4138845578125 0.5727421390625 0.43026915781249997 0.5730470765625 0.45907054843750006 0.5800449515625 0.4705460828125 0.5873512328125 0.469964328125 0.6001202984375 0.4594272015625 0.6158461328125 0.43510128750000004 0.627479940625 0.428224703125 0.6357791374999999 0.42954730625000004 0.6326835015625 0.4080423125 0.6279306874999999 0.410602509375 0.616937415625 0.392437028125 0.61384004375 0.3913613734375 0.6054933953125 0.3918937390625 0.5947119 0.3858102421875 0.5646362 0.380668003125 0.5626503640625 0.3768592859375 0.559009084375 0.3766864203125 0.5546341124999999 0.38483621874999996 0.55997654375 0.399947603125 0.560140875 0.4138845578125
0 0.6414826312499999 0.369458409375 0.6512492187500001 0.35413569218749996 0.6666429234375 0.34279455312499996 0.666761540625 0.338157134375 0.661134425 0.3341755546875 0.6582505640625 0.32475254531250003 0.6605685296875 0.3155764859375 0.6665514984375001 0.30564580937499997 0.6744965796875 0.300451328125 0.6736460015625 0.2929820671875 0.6575203390625 0.292216525 0.6505461890625 0.2798135046875 0.644847903125 0.2786143765625 0.6330243078125 0.29291083125 0.6296185265625 0.30389246875000003 0.5998714875 0.326624134375 0.5944324234375 0.3356520265625 0.5904352921875 0.34939141875 0.602162259375 0.3592342421875 0.6068913515625 0.35760152968750003 0.6119271125 0.3643408640625 0.6133215937500001 0.3709073375 0.611452640625 0.3828905453125 0.6198687234375 0.4000050671875 0.6190638578125001 0.4111101796875 0.6241945140625 0.4141395796875 0.6284271453125 0.4115546859375 0.644601990625 0.3900359203125 0.6405117 0.38705591093749997 0.6414826312499999 0.369458409375
0 0.3653587859375 0.3730648171875 0.372475278125 0.3799029328125 0.37677734531249996 0.3949649296875 0.382995815625 0.3961887515625 0.3999026203125 0.38677666875 0.39820146562500003 0.37183814375 0.4027899515625 0.35534099375 0.4098370078125 0.34453222031249997 0.4193189140625 0.340339309375 0.4201237796875 0.3292341984375 0.4156082 0.32251955468750004 0.40931855937500006 0.32407818437499997 0.38186923125 0.29770259375 0.370731884375 0.30553135625 0.3619599484375 0.3023290890625 0.35552796875000003 0.3094526234375 0.357867921875 0.319778421875 0.351246153125 0.334321825 0.3476743109375 0.3517958484375 0.349660146875 0.35560456406249996 0.360536534375 0.357978125 0.3653587859375 0.3730648171875
0 0.3419303125 0.3320223453125 0.3358779078125 0.3243061359375 0.30868606718749997 0.328586903125 0.30792864999999997 0.337837046875 0.3112377984375 0.35099468749999996 0.31026686875 0.3685921875 0.3148773421875 0.37159689375 0.34050863593749997 0.367242040625 0.34339423125 0.35623570937500004 0.3419303125 0.3320223453125
0 0.332712834375 0.285154253125 0.332428153125 0.296284059375 0.33491045 0.3010449546875 0.355031509375 0.30850044374999996 0.35718340937500004 0.305816771875 0.35628538593750003 0.30020247968749997 0.35895746875 0.297543503125 0.35832040468750004 0.281726884375 0.3647761078125 0.27367586718750003 0.3654386328125 0.26813566093749996 0.358747428125 0.26503217343749996 0.3506837296875 0.27486407343749997 0.3459783609375 0.275569303125 0.34328428906249997 0.2587264234375 0.330728734375 0.2609161953125 0.32980525156249996 0.27665872812500003 0.332712834375 0.285154253125
0 0.8953803921875 0.6443085109375 0.8807915546875 0.6445445375000001 0.8631036062499999 0.6641342515625 0.8581390156250001 0.6546124640625 0.8606467703125 0.63801653125 0.866275621875 0.6215687703125 0.8738191375 0.611712178125 0.877224915625 0.6007305390625 0.8893789046875 0.59387865 0.8895449687499999 0.5873862625 0.883492565625 0.5796700515625 0.8714571937500001 0.581884521875 0.8680531515625001 0.57243681875 0.865453971875 0.5518840015625 0.8610095624999999 0.542386909375 0.8616720875 0.5368466984375 0.8596388046874999 0.5348929515624999 0.8543420828125001 0.538355940625 0.8450262421874999 0.5360564640625001 0.8437723640625 0.544354428125 0.8337228296875001 0.5503776125 0.8280957140625 0.5463960343750001 0.8248322765625 0.551812765625 0.8234123359375 0.566603121875 0.8120394859375001 0.5632773796875 0.7984198421875 0.5663452484375 0.7895275546875 0.5882097421875 0.7958629046875 0.6052254875 0.8096943265625001 0.6142396046874999 0.8110650875 0.6217335609375 0.8091249625 0.63649921875 0.8110159031249999 0.64401786875 0.8253912296875001 0.6521291984375 0.823379934375 0.66967730625 0.8311572171874999 0.6914045578125 0.8396444687500001 0.705736628125 0.851466328125 0.711869515625 0.8617056546875 0.6984264578125 0.87366985625 0.69899444375 0.875562534375 0.6860837531249999 0.879890059375 0.679788925 0.8990893703125 0.68255760625 0.9007685375 0.67799426875 0.9019986921875001 0.6706237890625 0.8995638421875001 0.6640079265625001 0.8997536296875 0.6565880546875 0.8953803921875 0.6443085109375
0 0.86703824375 0.551030603125 0.8787889328125 0.5599459421875 0.8935201125000001 0.5541450125 0.8995505296875 0.5423593640625 0.899220134375 0.5349147984375 0.9025310203125001 0.527643096875 0.9147561796874999 0.5180087578125 0.91863469375 0.50890678125 0.935306 0.48834019375000004 0.9362057578125 0.47352514687499997 0.9319511359374999 0.45660818281250004 0.9213357078125 0.44403229843750003 0.9142412015625 0.4566960390625 0.9032224718749999 0.45988738125 0.9010485828125001 0.4430691953125 0.8913786218749999 0.4342526390625 0.8904348875 0.410063971875 0.884784046875 0.40700987499999997 0.880456521875 0.413304703125 0.875230971875 0.4139852390625 0.8729604515625 0.42130632968750004 0.8665996437500001 0.42564740937499995 0.865913396875 0.43211510156250005 0.8583936031249999 0.44104421250000003 0.8525072625 0.42683561562500005 0.846880146875 0.42285403437499997 0.84543821875 0.41814253125 0.8386758421874999 0.417821496875 0.8500706796875 0.44064909218750004 0.85025873125 0.4536585640625 0.846971571875 0.46000278281250007 0.8413207312500001 0.4569486859375 0.8365441953125 0.46043636718750003 0.8329011796874999 0.48069284375 0.8276044593749999 0.4841558328125 0.8274383953125 0.4906482171875 0.8375336421874999 0.503199409375 0.8494266749999999 0.5065498421875 0.86703824375 0.551030603125
0 1 0.368869165625 0.9966267953125 0.3714606 0.98880033125 0.3720176609375 0.9816126687500001 0.3679619953125 0.973266021875 0.3684943609375 0.9693892421875001 0.3571669921875 0.962011790625 0.360531203125 0.9485802 0.37660853906249997 0.9567353234375 0.4039253875 0.9894067328125 0.4704791234375 0.9982261140625001 0.471826421875 1 0.47118747499999997 1 0.42784268125 0.998419371875 0.4235478671875 1 0.416807709375 1 0.368869165625
0 0.8378270015625 0.38992289687500004 0.8382048421875 0.39551249374999997 0.8426492515625 0.4050095859375 0.8513025687500001 0.41284927343750005 0.8576396546874999 0.409435675 0.862228140625 0.39293852500000004 0.870291840625 0.3831066234375 0.8839826546875 0.37725630625 0.8913143937499999 0.3553177265625 0.8915041828125 0.3478978546875 0.8843876890625 0.3410597390625 0.8763714374999999 0.34903666875 0.8700835328125001 0.33016595625 0.8717626984375 0.325602621875 0.8693041265625 0.3199142453125 0.8610286500000001 0.3176641578125 0.856724846875 0.3230315015625 0.8493948421875 0.324540740625 0.834641675 0.3108398140625 0.8178534875000001 0.31561448125 0.8268609234375001 0.3299712453125 0.82588999375 0.347568746875 0.8281113296875 0.3625319640625 0.8347788109375 0.3665629328125 0.8397671250000001 0.37515723749999996 0.8405939796874999 0.38355398125 0.8378270015625 0.38992289687500004
0 0.1176876 0.282375125 0.11782820624999998 0.2972395625 0.1220828265625 0.314156528125 0.12766249375 0.319993075 0.1466025828125 0.3125347375 0.1483054734375 0.3070439171875 0.14509121875 0.29017634375 0.1473854609375 0.2819277671875 0.159042990625 0.27412369999999997 0.15965806875 0.2704384609375 0.140814609375 0.2537575203125 0.12986618125 0.2643810828125 0.12497189375 0.2622915109375 0.12173217968750001 0.2667807625 0.1232215578125 0.2696372984375 0.1176876 0.282375125
0 0.2169695859375 0.3103036453125 0.21713565156249998 0.30381125781249996 0.2111544171875 0.293312596875 0.2112730359375 0.2886751765625 0.222151159375 0.2706193984375 0.216381703125 0.272202721875 0.2073285578125 0.23927158125 0.211750978125 0.2292668171875 0.20986003593749997 0.221748165625 0.21113763593749998 0.21252271718750002 0.1976840546875 0.209098196875 0.19189087656249998 0.21160900468750002 0.16689144375 0.29306849687500003 0.1642887953125 0.3133743640625 0.172467640625 0.3397637265625 0.19197535937500002 0.330475115625 0.20502737343750002 0.32923752031250003 0.209283728125 0.32572514375 0.2169695859375 0.3103036453125
0 0.1380748234375 0.21834026718750002 0.1333694578125 0.2190454984375 0.1316191203125 0.2263912828125 0.1398234265625 0.231423821875 0.1492324265625 0.2504427046875 0.176424265625 0.2461619375 0.17914379687499998 0.24164799218750002 0.17491289999999998 0.22380354218749998 0.1815583921875 0.2083326546875 0.1782255203125 0.1961025 0.1751755953125 0.193171878125 0.1678455890625 0.1946811171875 0.1563286671875 0.2173496234375 0.1544597109375 0.2293328296875 0.1512674453125 0.23196710937499998 0.1380748234375 0.21834026718750002
0 0.11239435 0.2449794296875 0.112135125 0.23475241093750002 0.10764326875 0.2271102875 0.09286637812500001 0.21433684375 0.0938575609375 0.23667054375 0.0918699890625 0.2532911671875 0.09553325781250001 0.2729658890625 0.1165777984375 0.264678846875 0.11870597812499999 0.2629226578125 0.11733521875 0.25542870156249997 0.11239435 0.2449794296875