0 0.349950384375 0.9171050796875001 0.3527905640625 0.9145460703125 0.35519160312500003 0.905800428125 0.34656652656250003 0.8978140281250001 0.3093153734375 0.8980670328125001 0.30579653125 0.8910648828125 0.28399905312499996 0.8819817328124999 0.2277905984375 0.8705925796875 0.1953662265625 0.867892884375 0.1668599140625 0.8778195515625 0.16108449375 0.8957888921875 0.162696578125 0.9043095750000001 0.1838800109375 0.918932571875 0.192719915625 0.9157549125 0.214597234375 0.9259629031250001 0.2200627578125 0.93200894375 0.2140478109375 0.9466037546875 0.21792595 0.958667696875 0.22752436406249998 0.9661760390625 0.2500955734375 0.971969028125 0.2669617265625 0.9683414499999999 0.2764555984375 0.9601863640625 0.27965033125 0.9484317734375001 0.286323984375 0.9431169109375 0.29447 0.944354253125 0.301842284375 0.9488817609375 0.31493484375 0.94885366875 0.34249251875 0.95394364375 0.3464257984375 0.9525938406250001 0.342897475 0.9170769406250001 0.349950384375 0.9171050796875001
0 0.696786303125 0.8934279406250001 0.70161308125 0.8904752421875 0.707428421875 0.8730683234375001 0.6809391546875 0.8546489734374999 0.642275521875 0.8491933984375001 0.6293426484375 0.8514711765625 0.6238619046875 0.8594013015625 0.6160352625 0.862663325 0.5688910218750001 0.865447203125 0.5559980703125 0.8682874015625 0.5424910734374999 0.87666744375 0.5443826125 0.8891250734374999 0.5487949515625 0.8945243250000001 0.5590872546875 0.8976176640625001 0.5870289234375 0.9223080140625 0.588306415625 0.940305490625 0.5800653375 0.9519194671875001 0.5987431812499999 0.9596246781250001 0.6078625390625 0.9603839671875001 0.6157690234375 0.9582467843750001 0.62918095625 0.9627180640624999 0.634941153125 0.9587248859375 0.6594590421875 0.9635617625 0.6689928359375 0.9559691000000001 0.6841518390625 0.9566721625 0.6888987734375001 0.9525946203125001 0.68806041875 0.9407837750000001 0.6682647671875 0.9173307718749999 0.6797604640625 0.894805834375 0.696786303125 0.8934279406250001
0 1 1 1 0.9801230437499999 0.9860239828124999 0.9806882265624999 0.9673708328125 0.987521603125 0.9646105 0.991205453125 0.9663098828125 1 1 1
0 1 0.78226634375 0.9898110703125 0.7786103468750001 0.9566528859375 0.7797632343750001 0.9403855562500001 0.7918271296875 0.9419177984375 0.799222971875 0.95791515625 0.8117368734375001 0.9537271234375 0.8236883140625 0.9581394640625 0.829087565625 0.9736976859375 0.8354148390624999 0.9844291249999999 0.8446948109375001 0.9964285796875 0.8434575109375 0.997936121875 0.8363147671875 1 0.8363722765625001 1 0.78226634375
0 0.624010384375 0.6486340078125 0.5980001749999999 0.636963709375 0.5919206046875 0.6364575171875 0.58230696875 0.6429253390625 0.5537360328125 0.6377509984375 0.5438429453125 0.640281871875 0.5142283046875 0.66297549375 0.506546128125 0.682463365625 0.4909327640625 0.6895498359375 0.476707178125 0.6878062984375 0.4567213953125 0.6900559390625001 0.4554933046875 0.70113563125 0.47149066093750003 0.7136495359375 0.48072978125 0.7160960859375 0.4968222046875 0.7157586703125001 0.5065156843749999 0.71041569375 0.5245547859374999 0.7091221671875 0.536234865625 0.7033854984375 0.5746836703125 0.7200051296875001 0.6133872218749999 0.7260231203124999 0.62318524375 0.7363435703125 0.6388632296875 0.74435810625 0.6442888328125 0.7498417234375 0.68275285625 0.7524851890625001 0.6906992625 0.7509104296875 0.7004326625 0.7461298734375 0.707860090625 0.7372436375 0.695117346875 0.7138187703125001 0.6845455921875 0.7067884828125 0.666736540625 0.6829417890625 0.6700310765624999 0.67259325 0.6380610625 0.6621040234375 0.624010384375 0.6486340078125
0 0.29216804218750003 0.7132554328125 0.282889 0.7102464609375 0.2772637875 0.7019507359375 0.28497066718749997 0.6970014499999999 0.2967458125 0.6784134578125001 0.2844022859375 0.6606128046874999 0.27180400625 0.653413784375 0.26361807187499997 0.6516140187499999 0.2210211578125 0.64750825 0.126652834375 0.651951159375 0.0982263609375 0.66300266875 0.09502114843750001 0.7029908 0.1196835015625 0.724053525 0.11552016875 0.7505435484375 0.118999090625 0.7569832765625 0.132810240625 0.767078765625 0.15234166093749998 0.7726186562499999 0.1702210796875 0.769075446875 0.1828193578125 0.7762744640625 0.20276521718749999 0.77346240625 0.21796414375 0.7747278875 0.2314711390625 0.76634784375 0.23857919375 0.7529622390624999 0.27356429375 0.749165975 0.291284021875 0.7433730796875 0.296500540625 0.7175298421875 0.29216804218750003 0.7132554328125
0 0.036439309375 0.43111535312499993 0.0409477609375 0.4946310453125 0.042374921875 0.5027507625000001 0.048783896874999996 0.505693384375 0.061996221875 0.5073525578125 0.0745545796875 0.5139891546875 0.08168733125 0.5151421359375 0.100340478125 0.508308759375 0.1405915 0.5077464328125 0.1575374953125 0.5052436953125 0.1668165375 0.5082526703125 0.17333524375 0.51494549375 0.19968004687500002 0.517138996875 0.20669303437500003 0.5166047125000001 0.2241732375 0.5074372890625 0.22252122968750002 0.4983541859375 0.2278822109375 0.48873679531249997 0.2387885609375 0.48629028906249994 0.24353549531250002 0.482212746875 0.24808282343750002 0.47532310312500003 0.24732431093749999 0.46463709687500004 0.23388768125 0.4456272375 0.21715651406249997 0.4369659140625 0.2058110265625 0.43322578749999996 0.201917665625 0.43513800937499997 0.1887851859375 0.43460368125000004 0.1701073359375 0.42689846875 0.16279019687500002 0.4089572203125 0.15517838281250002 0.4010551859375 0.1439526640625 0.399002325 0.130420965625 0.3928437828125 0.1064619796875 0.39588080312499996 0.100175190625 0.39955058593750004 0.083755784375 0.402376715625 0.08954068125 0.4129221203125 0.08640583125 0.42552034687500007 0.0622472375 0.425745259375 0.036439309375 0.43111535312499993
0 0.4817984671875 0.404767909375 0.4748254 0.4058646140625 0.4652516859375 0.41289485625 0.46819640781249994 0.42599927187500003 0.478648396875 0.43134229687500003 0.4820873984375 0.4372196046875 0.458886921875 0.45094262343749997 0.4380475640625 0.4553575859375 0.42378205625 0.45305162499999996 0.396249084375 0.4625002375 0.390409040625 0.465368571875 0.392021128125 0.47388925468750004 0.3956996578125 0.48314108906250003 0.41306957187500004 0.5008011515625 0.4448799015625 0.509040690625 0.47001183593749996 0.5083377203125 0.4836385984375 0.5016449421875 0.490811271875 0.503360340625 0.513133471875 0.47726405625 0.53955811875 0.48058240156250004 0.5419838578125 0.486375340625 0.5500899546875 0.48705026562500003 0.5584355765625 0.49109971718749995 0.563087446875 0.499873496875 0.5583804328124999 0.504513459375 0.559912675 0.5119093 0.5640455656250001 0.5133716046875 0.5656576515625 0.5218922874999999 0.5730299343749999 0.5264197937499999 0.598640928125 0.532465878125 0.6173187765625 0.5401710890625 0.6407036390624999 0.5432363375 0.6507164921874999 0.5423927281250001 0.6808900343750001 0.5275730015625 0.6823329546875 0.5053292515625001 0.670149115625 0.4897782828125 0.6894562296875 0.47796748281249996 0.6964045953125 0.4623321953125 0.691872490625 0.45524567656250003 0.6769682375 0.4439409796875 0.6556099 0.4410444625 0.6462110921875001 0.43634822656249994 0.65091810625 0.43170826093750003 0.6656778937500001 0.4267871109375 0.6693716484375 0.422062784375 0.6690123515625 0.41700099531249996 0.6580413796875 0.40434649375 0.6558304734375 0.38738949375 0.6481787375 0.37892503906249997 0.6386601656249999 0.3725415390625 0.6088763625 0.3644707296875 0.5826114 0.36340206875000003 0.5679314546875001 0.3694480625 0.5447462 0.3691949203125 0.5321327015625 0.3759720640625 0.53283606875 0.400071809375 0.5262222953125 0.4062303046875 0.5132894234375 0.4085080796875 0.4817984671875 0.404767909375
0 1 0.4688465984375 0.9771332312500001 0.4722876859375 0.9535335375 0.48038649375000003 0.9448932421875 0.4863762578125 0.9359183515625 0.5018428171875 0.9379296546875 0.5159877125000001 0.946634571875 0.525098953125 0.9471934734375 0.5329728499999999 0.9397660484375001 0.5418590859375 0.9536171187500001 0.552516996875 0.95705611875 0.5583943046875001 0.9724945734375 0.5630343124999999 0.98948049375 0.5610939984375001 1 0.5538014984374999 1 0.4688465984375
0 0.9412434265625 0.2646698640625 0.9552941046875001 0.2781398828125 0.9715462140625 0.28005215156249996 0.9850779078125 0.2862106921875 0.9937022609374999 0.2856880890625 0.9774583874999999 0.174565315625 0.9534539750000001 0.18126285 0.936142940625 0.22119470625 0.9456709906249999 0.25609295625 0.9412434265625 0.2646698640625
0 0.3999241609375 0.1027476109375 0.396709465625 0.1142209921875 0.4148930328125 0.1291533125 0.4261187546875 0.131206175 0.43138467187499996 0.134440109375 0.4297820625 0.154434171875 0.4213413765625 0.1632360453125 0.40727547656249996 0.1637421890625 0.39652881406249996 0.1684383828125 0.38234314999999996 0.167257265625 0.3755297703125 0.17060365625 0.3767825609375 0.1740625484375 0.3887667921875 0.1868014140625 0.412550871875 0.195490871875 0.42163030468749996 0.195687740625 0.42544382187499996 0.19265067656249998 0.4433232375 0.1891074640625 0.4557219078125 0.193494375 0.4617615578125 0.1934381484375 0.4878116890625 0.205670865625 0.5050371375 0.207105075 0.533073871875 0.21894410625 0.5395925781249999 0.2256369296875 0.5499248031249999 0.22929269218749998 0.5788303328125 0.2249902359375 0.591698584375 0.2076114546875 0.586033453125 0.19875331093749998 0.5826001953125 0.1503850890625 0.563857725 0.12757887343750002 0.5784578234375 0.1204080390625 0.581058471875 0.11447449999999999 0.59508445 0.11340593437499999 0.6036049796875 0.1057289046875 0.5977953828125 0.08064491093750001 0.58261168125 0.065403265625 0.5547346328125 0.0558139234375 0.522430021875 0.05480149375 0.510710021875 0.059975740624999996 0.5072158765625 0.067512175 0.49630952656250005 0.06995868281249999 0.4801467375 0.097686003125 0.4698943578125 0.0951550859375 0.4448574890625 0.08300673125 0.42053920937499994 0.0809819609375 0.40383274062499996 0.086859221875 0.3972189671875 0.0930177203125 0.3999241609375 0.1027476109375
0 0.045611415625 0.10623381406250001 0.034744987500000005 0.1092427421875 0.023384279687500002 0.11947877968750001 0.014474510937499999 0.121672203125 0.0216823578125 0.22321734375000002 0.0289428609375 0.22617006874999998 0.047381178125 0.23050075468750003 0.0633538359375 0.22847607343749998 0.0800603046875 0.22259881250000002 0.12301651093749999 0.231766371875 0.1317765734375 0.2274638734375 0.1398028234375 0.22701395156249998 0.147469778125 0.22150224375 0.147684609375 0.21033818593750003 0.1379265078125 0.20058015937499998 0.12670078437500001 0.19852729687499998 0.1241952046875 0.1916095109375 0.10279694218749999 0.1881505734375 0.09287915468749999 0.1761428609375 0.09345327812500001 0.17004059375 0.11854529375 0.168775203125 0.12364204375000001 0.14124470312499998 0.1071257046875 0.12141932343749999 0.088328090625 0.11202684843749999 0.072195746875 0.11180184374999999 0.0546509265625 0.10586826093749999 0.045611415625 0.10623381406250001