0 0 0.21211768125 0.0059136812499999995 0.2144137375 0.008699937500000001 0.2236235953125 0.013025867187500002 0.223021628125 0.019951064062500003 0.2287762625 0.022924306250000002 0.24083937500000002 0.0207394515625 0.257459284375 0.0234010484375 0.264766975 0.026832482812500003 0.26716875 0.040829425 0.2642612671875 0.047089225 0.26818898125 0.0496666015625 0.2908645125 0.0592533953125 0.3039268390625 0.0637039828125 0.3052270390625 0.068612765625 0.296865903125 0.0865616640625 0.28764994375 0.085272975 0.2763121796875 0.08681265 0.2665003515625 0.0939467265625 0.25878931562499996 0.096692540625 0.2507291625 0.09611135781249999 0.2335344 0.09284669375 0.225350871875 0.090269315625 0.20267533906250002 0.08278315625 0.1883609453125 0.076461028125 0.183482146875 0.0746315984375 0.1722196265625 0.0731340328125 0.17434753281249998 0.0662711640625 0.1695439828125 0.067332428125 0.160758484375 0.059056212500000003 0.1427149984375 0.056271628124999994 0.1085512109375 0.057748975 0.0977882984375 0.06633850625 0.09563327499999999 0.058717326562500005 0.0679198171875 0 0.0812454546875 0 0.21211768125
0 0.39473135 0.280673446875 0.3851243359375 0.25897611875000004 0.383170246875 0.24581142968749997 0.376952559375 0.2341997953125 0.3717338046875 0.212851578125 0.37117284375000004 0.2042918203125 0.3742100859375 0.1923520859375 0.38440162031249997 0.18133631875 0.383342028125 0.1651678875 0.38038900625 0.1617397796875 0.37849724687499997 0.149526178125 0.36651839062499997 0.1415955 0.3542699984375 0.12122548281250001 0.3507981265625 0.1015537 0.3536686 0.095395715625 0.36044891875 0.090613178125 0.3462885515625 0.049394554687499995 0.344000928125 0.047793368749999995 0.3286512953125 0.063365934375 0.3188960640625 0.08103929062500001 0.32480210781249996 0.087895503125 0.31787523906250004 0.10709479531249999 0.3156903859375 0.1237147078125 0.3093665875 0.143789840625 0.2923745140625 0.1509531375 0.2895040390625 0.15711111875 0.288400665625 0.1735805375 0.292933803125 0.1844668265625 0.291810209375 0.192301240625 0.29405572343749997 0.20158634531250003 0.2906023984375 0.21550349375 0.2784348875 0.229673496875 0.2652903296875 0.23726115625 0.2644783828125 0.249850990625 0.268575215625 0.2540796890625 0.279806125 0.2505973515625 0.29105725 0.2557500203125 0.29434380781249997 0.247614621875 0.3022679390625 0.2436326765625 0.3505387859375 0.24747294531250003 0.3582540421875 0.2569566734375 0.35989648750000003 0.26536593750000004 0.37374688125 0.27687521249999997 0.38038065312499997 0.2865094328125 0.3822724125 0.2987230359375 0.3878668109375 0.3008238265625 0.39957613125 0.296315159375 0.403590415625 0.29095776875 0.39473135 0.280673446875
0 0.6089857484375 0.23606737656250001 0.60572108125 0.2278838484375 0.6047861453125 0.21361758437499997 0.60578508125 0.20388100156250002 0.6010228484375 0.1978253796875 0.5975762062500001 0.11192680937499999 0.5997812812500001 0.1039419046875 0.5986391390625 0.0781873796875 0.6006572265625 0.06734922343750001 0.6086234687500001 0.0556833578125 0.6235772359375 0.0507232125 0.621144734375 0.038584854687499996 0.61644483125 0.033480317187500004 0.606711490625 0.0348347484375 0.6020941328125 0.0393163015625 0.5996599640625 0.0521318734375 0.5905499125 0.0629971484375 0.58884346875 0.0785907265625 0.5838302484375 0.0936847 0.5649043046875 0.0963183140625 0.5534645203124999 0.11326632343750001 0.555064853125 0.12935950937500001 0.5693313328125 0.1388913703125 0.5622376984375 0.1638724140625 0.546138446875 0.1929858984375 0.53363906875 0.19376547500000002 0.5250916484375 0.188236575 0.515981596875 0.1991018515625 0.5152740890625 0.2049588484375 0.50533186875 0.2197789515625 0.50976056875 0.2373980796875 0.5072640671875 0.249262565625 0.5153532953125 0.26445280000000004 0.519054265625 0.2792939171875 0.53136665625 0.27566108749999996 0.5387702640625001 0.28038939375 0.5454057078125001 0.2650696828125 0.54517828125 0.24494642031249997 0.5490679093749999 0.23768686093750002 0.560174159375 0.2323023546875 0.5703438046875 0.237605515625 0.57057123125 0.257728778125 0.5776834156249999 0.26633666875 0.582341209375 0.27912512500000003 0.5932604734375 0.27088736562500004 0.60511466875 0.2769158703125 0.6132055703125 0.267152175 0.608797090625 0.2581680546875 0.6089857484375 0.23606737656250001
0 0.937468334375 0.14428944999999999 0.9312708640625 0.1413128203125 0.9136757187500001 0.147600278125 0.9071666078125 0.13986822968749998 0.8988685000000001 0.13814366718749999 0.8860776984375001 0.1428028265625 0.8591888546875 0.1071944453125 0.8474576421875 0.128022040625 0.8316902578125 0.1705259484375 0.8244315265625 0.17633481875 0.8003474875000001 0.1835252296875 0.790893790625 0.2016365046875 0.7838742625 0.20693220937499998 0.784911965625 0.239419565625 0.7905686937499999 0.24247144375000002 0.7959963250000001 0.2503539859375 0.7975764390625 0.25781216875 0.80498005 0.2625404734375 0.8038564578124999 0.2703748875 0.79532925625 0.27348099375 0.7920427 0.2816163921875 0.7918742609375 0.3123520734375 0.7982166078125 0.3258658765625 0.8082818140624999 0.3379018734375 0.8165799187499999 0.339626434375 0.8252520000000001 0.3470575 0.8300563406249999 0.3454292 0.8310973828125 0.3280086984375 0.8372123078125 0.321399240625 0.8360482749999999 0.3119636421875 0.9040215843749999 0.20844866093749997 0.910094396875 0.2095231203125 0.9153973703125 0.21550349687499998 0.9358208796874999 0.2107419765625 0.9436624609375001 0.197173940625 0.94536890625 0.18158036093750002 0.9404213562500001 0.1477175578125 0.937468334375 0.14428944999999999
0 0.6322113921875 0.4239404578125 0.63183741875 0.41823395625000004 0.611290921875 0.3961393765625 0.591369384375 0.35860171093750004 0.5854212328124999 0.35942941875 0.5743975296875 0.37440001562499997 0.565514903125 0.40538854999999996 0.5610845359375001 0.41272335625 0.5475862234375 0.4232395125 0.5373744687500001 0.425620275 0.525934684375 0.4425682859375 0.533004759375 0.4588600953125 0.540346040625 0.46263731718749995 0.5462723046875 0.47812853593750004 0.5447528484374999 0.49657536718750006 0.549181546875 0.5141944921875 0.555379015625 0.5171711218749999 0.5638219984374999 0.5294328578124999 0.5723070906250001 0.5340106718750001 0.5798151390624999 0.532006140625 0.5857430734375 0.5225434296875 0.5829163796875 0.49606356093750004 0.585059125 0.487127571875 0.5839574234375 0.47864305781249994 0.5931921328125 0.469679953125 0.60284125625 0.48369336250000006 0.6089140671875 0.48476782343749997 0.6227459140625 0.4626881625 0.6244321390625001 0.43845957812499997 0.6322113921875 0.4239404578125
0 0.4097190984375 0.42610835312499995 0.3943946984375 0.37545413125 0.387386953125 0.36011340625 0.379816575 0.36116685 0.37274483125 0.3698289734375 0.346701690625 0.4387164875 0.3578483796875 0.45060199062499995 0.3679540234375 0.4799079984375 0.37812366875 0.48521115625 0.3852981828125 0.49477013281250004 0.391121678125 0.49204025625 0.39164220156249996 0.483330003125 0.3874004875 0.46856413124999996 0.395055084375 0.4521428453125 0.40231381875 0.4463339765625 0.40736747656250005 0.44851001406249996 0.4185983859375 0.44502767656250003 0.418889809375 0.44114809531250004 0.4097190984375 0.42610835312499995
0 0.1990096125 0.463107415625 0.1933124453125 0.4427855296875 0.193354553125 0.4351016078125 0.185514640625 0.42371571093749993 0.17994213125 0.40529599374999997 0.1716473671875 0.35366357187499997 0.173852440625 0.3456786671875 0.1708994203125 0.342250559375 0.16470195 0.3392739296875 0.148729028125 0.345335653125 0.1421980265625 0.35392252812499997 0.136290309375 0.3720202453125 0.12424745468750001 0.3880924171875 0.110771034375 0.3822896484375 0.105405728125 0.3753581890625 0.10114212812500001 0.37691124375 0.0967117609375 0.3842460484375 0.094756003125 0.3960352921875 0.09725083125 0.40912473125000004 0.097498478125 0.4378830015625 0.10646198124999999 0.44143448437500005 0.11070369375 0.45620035625 0.1184408390625 0.449365159375 0.12655195625 0.44823646562499997 0.1325826578125 0.4569948484375 0.1487627859375 0.46242138437499997 0.15277706875 0.45706399375 0.1539006640625 0.44922958281250003 0.15791495 0.44387219218749996 0.1627816203125 0.44319497500000005 0.1760912734375 0.4547794953125 0.1809158359375 0.4617862 0.183826746875 0.47289822812500004 0.20031851875 0.483080184375 0.2023147171875 0.4885609546875 0.20705673125000001 0.4859815703125 0.2057057125 0.4736927203125 0.1990096125 0.463107415625
0 0 0.601060559375 0.0009653078125000001 0.613514984375 0.0027745203124999998 0.6161424984375 0.022532628125000002 0.6095540546875 0.027067435937500002 0.5954864125 0.033536109375 0.585948453125 0.042624271875 0.5914021046875 0.0586157453125 0.61892931875 0.07924813124999999 0.600702125 0.07881182812500001 0.5940445359375001 0.072469478125 0.5805307328125 0.0424187375 0.5549599187500001 0.041670790624999995 0.54354690625 0.0461634875 0.5371631859375 0.0463925828125 0.5323325171875 0.040570759375 0.5101084625000001 0.033999315625 0.5014253265625 0.0229351734375 0.49912591093750003 0.013159721874999999 0.5081642640624999 0.0020720218750000003 0.5471377046875 0 0.5502885828124999 0 0.601060559375
0 0.21484785 0.6048671078125001 0.20584725 0.5341377546875 0.19819432343750001 0.5256051109375 0.191102359375 0.5256322250000001 0.18132690468749998 0.5346705765624999 0.16273115625 0.5756485484375 0.15037665625000002 0.5869652984375 0.14070564218749998 0.5892708140625 0.1371697703125 0.5936018734374999 0.1388745421875 0.6029622234375001 0.14758873125 0.6027093703124999 0.1498949046875 0.637899490625 0.1476275 0.6449333109375 0.151911321875 0.6520152609375 0.1568403203125 0.6522891296875 0.1551978765625 0.643879865625 0.1592121625 0.638522475 0.16353809218749998 0.6379205046875 0.1713156765625 0.648355315625 0.18115345624999998 0.6402680515625 0.19569114062499998 0.6372853218750001 0.21133052812500003 0.6427871015625 0.21507360625 0.6499443 0.22216557187500002 0.6499171875 0.2258463203125 0.6561233 0.23119140468750002 0.6544197515625 0.22351825937499997 0.63725210625 0.21484785 0.6048671078125001
0 0.20679404843750002 0.6818086765625 0.20608821093750002 0.66271174375 0.20918778124999998 0.65172309375 0.21261921718750001 0.6541248687500001 0.21513593437499998 0.6508953859375 0.20193072031249998 0.6325780296875 0.1753720703125 0.6353140046875 0.1706923875 0.6388444734375 0.1581727890625 0.630989046875 0.15495023125000001 0.615121596875 0.152246525 0.615497828125 0.14902229843749998 0.6245843109375 0.1481682421875 0.6448580640625 0.159501915625 0.6595968203125 0.1526794890625 0.672063278125 0.158855065625 0.6913588359375 0.161557103125 0.715936534375 0.1582284359375 0.731755853125 0.1625324765625 0.7474728093749999 0.1691039203125 0.7561559453125 0.18045948437499998 0.754575775 0.18183239375 0.7505457015625 0.18742679375 0.75264649375 0.18825895937499998 0.7486916625 0.1961207625 0.7437586328125 0.1924197921875 0.728917515625 0.200968884375 0.7094924812500001 0.2092046609375 0.710265959375 0.21049501875 0.6966497953124999 0.20679404843750002 0.6818086765625
0 0.05787298125 0.8407366875 0.057790431249999996 0.8311505968749999 0.062407789062499996 0.8266690453125 0.06299063906249999 0.8189098796875 0.061455974999999996 0.753859915625 0.05365817187500001 0.7347900968750001 0.050310956250000004 0.7170204796874999 0.0456733828125 0.712867028125 0.0405152859375 0.717423828125 0.033111675 0.7126955203125 0.0260399296875 0.7213576421875 0.024437925 0.730218384375 0.0182361375 0.738176590625 0.0325340359375 0.8298663296875001 0.0358491375 0.829405021875 0.0353909453125 0.83906635625 0.038219309374999996 0.8405922968749999 0.05787298125 0.8407366875
0 0.181370859375 0.8101148968749999 0.17280321875 0.7959509921875 0.176318871875 0.7829849296875 0.16535916875 0.7739526765625 0.1244077125 0.7902085578125 0.12455259062499999 0.8007457296875 0.1211615953125 0.8156139625 0.11666889843749999 0.8219976859375 0.11519155 0.8327605968749999 0.1177908171875 0.839117203125 0.1806616796875 0.8409258265625 0.1853834734375 0.8297114359375 0.1854255828125 0.8220275156250001 0.181370859375 0.8101148968749999
0 0.2914310859375 0.8159142781250001 0.28461032343750003 0.8034268046875 0.283570953125 0.7958933765625 0.28625443906250003 0.7868821406250001 0.2931796375 0.792636778125 0.293637828125 0.7829754421875 0.2909139046875 0.77471666875 0.2791641453125 0.7619553265625 0.2834075265625 0.75176726875 0.283928046875 0.74305701875 0.2598440078125 0.750247428125 0.25728517968750003 0.761160834375 0.25780403125 0.777404515625 0.2421225375 0.779586653125 0.2351350078125 0.77288093125 0.23249362968749998 0.774208246875 0.23367788125 0.7922788484375001 0.24214108437499998 0.8131755859375 0.249773790625 0.8130732265624999 0.2585300890625 0.805136453125 0.2608177109375 0.806737634375 0.2605886140625 0.8115683031250001 0.26518408125000004 0.8234056765625001 0.278972146875 0.8339638656249999 0.2978155421875 0.8217441624999999 0.2986477078125 0.8177893296875001 0.2914310859375 0.8159142781250001
0 0.3603207796875 0.6930766234375 0.35229388125 0.6788374765625 0.34690835781249996 0.6632710109375 0.3441018859375 0.6454261484375 0.338965678125 0.633664021875 0.3394238703125 0.624002684375 0.343084403125 0.6215737921875 0.3381554015625 0.621299925 0.331624396875 0.6298867984375 0.3187089359375 0.632643790625 0.312113934375 0.6652335109374999 0.292729796875 0.6775284625 0.2959725734375 0.7020309140625 0.290834696875 0.71522271875 0.289065925 0.7298652140625 0.285841696875 0.7389516984375 0.2648353375 0.751472384375 0.2638987328125 0.76216005 0.26710107031249997 0.7693924937500001 0.2818055203125 0.7606280125 0.283532184375 0.7536694374999999 0.2918926171875 0.75634508125 0.29149675468749997 0.7669575 0.2969243875 0.774840046875 0.30360026875 0.77679034375 0.309839846875 0.772083053125 0.32036324843749997 0.7744577125000001 0.317993075 0.7632704421875001 0.331139303125 0.7307288515625 0.33637994843749996 0.7357581421875 0.3426818546875 0.732001934375 0.3425167578125 0.71282975625 0.3443057515625 0.706822265625 0.3473632125 0.7035175359375 0.35241686875 0.705693575 0.355868521875 0.7167303578124999 0.3692202859375 0.7206309531249999 0.37389996875 0.7171004859375001 0.3761673734375 0.710066665625 0.375128 0.7025332375 0.3603207796875 0.6930766234375
0 0.399030065625 0.6176277796874999 0.40464635312499997 0.60340964375 0.4028590328125 0.5844632062499999 0.39749373125 0.577531746875 0.386908003125 0.574206 0.38638915156250003 0.5579623203125 0.38318681250000003 0.5507298796875 0.37946562500000003 0.5272537546875 0.3736219078125 0.5213486265625 0.3645539671875 0.5245299796875 0.3528227546875 0.5453575703125 0.3489533484375 0.561252134375 0.3390734578125 0.5770233234375 0.3503026953125 0.5984949140625 0.3468493703125 0.612412065625 0.36793828125 0.60947746875 0.3798952453125 0.6337270671875 0.3809548375 0.6498955 0.39004300000000003 0.6553491515625 0.40235539062500003 0.6517163234375001 0.4059957015625 0.6406524250000001 0.39990267031250004 0.630942959375 0.399030065625 0.6176277796874999
0 0.5356287203125001 0.6120561796875 0.531366790625 0.5886553015625 0.53043185625 0.5743890390625 0.5351334296875 0.554539646875 0.531639665625 0.551186784375 0.5289578515625 0.5352440890625 0.5298944546875 0.5245564234375 0.5330142453125 0.5222027781249999 0.5236346578125 0.5206287109375001 0.5184765609374999 0.5251855062499999 0.5082479703125 0.5460439453125 0.49266418749999996 0.5642884265625 0.4836771234375 0.6020098 0.4784769171875 0.61425051875 0.47878856093750005 0.6190059390625 0.5049917875000001 0.64415239375 0.511729996875 0.6470537765625 0.516055928125 0.6464518078125 0.5188640734375001 0.639342740625 0.5240423875 0.643420946875 0.5360633531250001 0.6436677015625001 0.5416796421875001 0.629449565625 0.5417217515625 0.6217656453125 0.5356287203125001 0.6120561796875
0 0.48882853906249996 0.697268721875 0.486916559375 0.6764201140625 0.493052534375 0.66596869375 0.500706296875 0.6620243703125 0.5024329578125 0.6550657984375 0.4899352515625 0.6308914437500001 0.475481784375 0.6185063328125 0.46395945312500003 0.6258682531249999 0.45426655 0.64449269375 0.454224440625 0.6521766140625 0.45682370624999996 0.6585332187499999 0.45542890937499997 0.6788822203125 0.4523293375 0.6898708734375 0.4498749484375 0.6940514375 0.42866138437499995 0.6950838687500001 0.4214649796875 0.701843821875 0.41524561875000005 0.7151861171875 0.4130607640625 0.7318060281250001 0.42204448906250003 0.743992515625 0.42050481562500003 0.7538043421875 0.42335339687499995 0.7639652875 0.42942620781249996 0.765039746875 0.433293946875 0.7740991125 0.4480186171875 0.7739696359375 0.46110084687499997 0.76543089375 0.47127216250000004 0.745780121875 0.47896886875 0.721674915625 0.48691321875 0.7263279734375 0.4917377796875 0.73333468125 0.4933178921875 0.7407928609375001 0.4978931390625 0.74399523125 0.50317589375 0.7413406 0.49749894687499996 0.7296537187500001 0.48882853906249996 0.697268721875
0 0.4037166046875 0.8223637593750001 0.4000779625 0.808473725 0.4000796359375 0.7835197953125 0.3960451296875 0.78024218125 0.3929472296875 0.766276903125 0.39467389218750004 0.7593183265625 0.4097742078125 0.739941425 0.41183440625 0.721419346875 0.4073214890625 0.7191680609375 0.34867211875000004 0.72349030625 0.338480584375 0.734506071875 0.328497925 0.732056165625 0.318326609375 0.7517069375000001 0.3200937109375 0.762018371875 0.32799595312499996 0.774355353125 0.3459650703125 0.7737744 0.354408053125 0.786036134375 0.35692310312500003 0.8077605812499999 0.35182733593750004 0.8132684625 0.3504123171875 0.824982459375 0.34777094062499997 0.8263097734375 0.35762727031249997 0.85181144375 0.36875373906250003 0.855061940625 0.39699694375 0.8530513109375001 0.40467175937500005 0.8452650296875 0.401115665625 0.8409610843750001 0.4037166046875 0.8223637593750001
0 0.5034420890625 0.803687803125 0.5034841984375 0.7960038843749999 0.5095367890625 0.7884433390625001 0.5090381578125001 0.7808346640625 0.5040889390625 0.771925790625 0.5028625796874999 0.7615391078125 0.49720585 0.758487234375 0.497434946875 0.7536565656249999 0.482002765625 0.759643040625 0.455754090625 0.7920883703125 0.45722976718749997 0.8062793875 0.48364019843749995 0.8429140984375 0.48784147187500004 0.8404099625000001 0.48834177187499994 0.8230647046874999 0.49283446875000003 0.8166809828125 0.5006541624999999 0.8194318765625 0.50258803125 0.823961559375 0.5069139609375 0.8233595890625001 0.5097221046875 0.816250521875 0.5075389203125 0.807916503125 0.5034420890625 0.803687803125
0 0.5966382375 0.768644790625 0.58416075 0.7531054421875 0.5803132343749999 0.75268108125 0.5655666703125 0.7691294828124999 0.557976075 0.7615479234375 0.552112140625 0.7470077890625 0.548515609375 0.725433834375 0.547829990625 0.714971909375 0.553757925 0.705509196875 0.5472067015625 0.7054610640625001 0.5423198109375 0.697503275 0.5380562109375 0.699056328125 0.5226644671875 0.7223128140624999 0.5173817140625 0.72496744375 0.503901953125 0.7690725375 0.5084350875 0.7799588265625 0.5392977765625 0.7929398078125 0.54160561875 0.8031759953125001 0.5510677546875 0.8143361546874999 0.560780878125 0.8043467156249999 0.5659810859375 0.7921059984375 0.573613790625 0.7920036374999999 0.5789993124999999 0.8075701015625001 0.588919640625 0.809068925 0.5947027 0.7890690390625 0.599985453125 0.7864144093750001 0.6008176203125 0.7824595796875 0.5966382375 0.768644790625
0 0.61650245625 0.73036958125 0.61829145 0.7243620890625 0.608871421875 0.7055180125 0.6042355171875 0.676410628125 0.61082885 0.668774840625 0.6208940562499999 0.6808108328125 0.6286733124999999 0.6662917140625 0.6290691749999999 0.655679296875 0.6263250296875 0.638785515625 0.619025859375 0.6273243734375 0.608606896875 0.6182168765625 0.59976805 0.6165675640625 0.5901795859375001 0.628459165625 0.5731235109374999 0.659625309375 0.5705023546875 0.6695876296875001 0.557253359375 0.683908125 0.555006175 0.699576953125 0.550035065625 0.706987003125 0.553611375 0.7199259515625 0.5605163546874999 0.7170455859375 0.570145259375 0.7224239890625 0.575365684375 0.7188182750000001 0.5776954171875001 0.7127355390625 0.5835812406249999 0.710956746875 0.5890088734375001 0.7188392921875 0.591212278125 0.7358083171875001 0.5948930265625 0.7420144296875 0.6028171609374999 0.738032484375 0.616605225 0.7485906734375 0.625839934375 0.73962756875 0.6208486078125001 0.7384026171875 0.61650245625 0.73036958125
0 0.672741215625 0.697590053125 0.6633414078125 0.6873809765625001 0.6532543109375 0.6916639078125 0.636718759375 0.7141198 0.6217026640625 0.7181288625 0.611822771875 0.733900046875 0.6096176984375 0.741884953125 0.6118008828125 0.7502189734375 0.6170415265625 0.7552482640625 0.6261515796875 0.7443829890625 0.634138040625 0.7413521296875001 0.6443076859375 0.7466552890625 0.645284728125 0.753237634375 0.6530623140625 0.763672446875 0.67111398125 0.7726775828125 0.6730899578125 0.76952334375 0.6701369359375 0.7660952375 0.6721348046875 0.7466220734375 0.6858403203125001 0.7475941749999999 0.687213228125 0.7435640968749999 0.6870060234375 0.7320758406250001 0.672741215625 0.697590053125
0 0.7028609703125 0.624296228125 0.7048588375 0.6048230671875 0.690759125 0.589509453125 0.6880352000000001 0.5812506796875 0.686123221875 0.5604020734375 0.6956080828125 0.5427663390624999 0.70109888125 0.5391230015625 0.6920528265625 0.5259854296875 0.6838793796875 0.5261630375 0.6730224437500001 0.53535188125 0.6508706046875 0.57202590625 0.6353760937499999 0.5770612984375 0.632837484375 0.59660970625 0.6230418156249999 0.597013053125 0.61994224375 0.608001703125 0.6247246953125 0.6226923296875 0.6326067203125 0.6263943046875 0.632751596875 0.6369314796875 0.6298187937499999 0.6421383765625001 0.6311495921875 0.6457922218750001 0.64655988125 0.6561246734374999 0.65063649375 0.6517183656250001 0.651989184375 0.639053284375 0.6545059046875 0.6358238015625 0.676051334375 0.6481817984375 0.6873429 0.6706044765625 0.6936650265625001 0.6754832734375 0.7023168875 0.6742793359375 0.7074126546875 0.668771453125 0.710865978125 0.6548543046875 0.7124477625 0.637358553125 0.7028609703125 0.624296228125
0 0.7719482984375 0.7292890484375001 0.7713873359375001 0.720729290625 0.77342564375 0.7185261359374999 0.7615512265625 0.7038626265625 0.7572252953125 0.7044645968750001 0.7382774624999999 0.7234171359375 0.7412304859375001 0.7268452421875 0.739503821875 0.73380381875 0.7292499593749999 0.7438684984374999 0.7347601390625 0.7613371296875 0.7528741343750001 0.77129335 0.7620667359375 0.7700141656249999 0.769263140625 0.7632542140624999 0.7820741625000001 0.767230059375 0.7860261203125 0.760921584375 0.7846751015625 0.748632734375 0.7719482984375 0.7292890484375001
0 0.8258756984375 0.42809902187500004 0.8240041609375 0.42452042187499994 0.81805600625 0.4253481296875 0.7998796828125 0.41444082812499994 0.7807482015625 0.38063225156249997 0.7219514499999999 0.41184822031249996 0.7047311125 0.41136522031249995 0.6974100515625 0.4162230046875 0.69478889375 0.4261853234375 0.69564128125 0.4308654984375 0.7307659 0.46724735624999997 0.73627608125 0.4847159875 0.7436384171875 0.4846512515625 0.7546815015624999 0.4907926234375 0.7630840453125 0.48578434843749996 0.764935365625 0.48072794218750003 0.768201703125 0.46395754062499994 0.767620521875 0.4467627765625 0.7815551375 0.44290420937499997 0.79168434375 0.430937359375 0.79613493125 0.432237559375 0.8005013 0.4489056015625 0.8173889359375 0.44847513906250003 0.8240850390625001 0.4590604421875 0.8268510734375001 0.45963529531249997 0.8333197484375001 0.4500973375 0.8432198578125 0.44296115625 0.8326560203125 0.423316484375 0.8258756984375 0.42809902187500004