0 0.949735490625 0.24515922343750002 0.9456459984375 0.23885154375 0.9538855703125 0.22645757031249997 0.9523517390625 0.21490782187500002 0.9446227078125 0.20666005625 0.924359959375 0.1980602890625 0.9078187546875001 0.1988742578125 0.8974321078124999 0.20489524375 0.8923514546875 0.21512054531249997 0.8851237281250001 0.21897286249999998 0.8776606812500001 0.21664571875 0.871506125 0.21143870156250003 0.8591563750000001 0.2095336703125 0.83406824375 0.2008383390625 0.8301220859375 0.2014866328125 0.82719921875 0.234326415625 0.8205540703124999 0.23326080624999998 0.8174258109375 0.2351706375 0.8136229875 0.24277490625000003 0.82035014375 0.25131416406249996 0.855518303125 0.2565768921875 0.8576040546874999 0.2634675578125 0.8765583140625001 0.2749471984375 0.927552475 0.2935994 0.95764995625 0.30083726875 0.9862749296875 0.296007709375 0.9948824453125 0.28050768125 0.9948617609375001 0.2725163546875 0.9774612875 0.256086134375 0.9685671031249999 0.257674215625 0.949735490625 0.24515922343750002
0 0.59793125625 0.193567290625 0.5998936265625 0.177001653125 0.6097076718750001 0.1676484265625 0.5934524031249999 0.157882690625 0.5849874859375 0.1558470390625 0.5771564953125 0.1566259515625 0.5652973375 0.1505795109375 0.5591634671875 0.15336381875 0.5368969765625 0.1453470390625 0.5265716515625 0.150850346875 0.5124021328125 0.14797527187499998 0.507208809375 0.1509857640625 0.5059210046875 0.1618569640625 0.5204592 0.186117634375 0.5056564875 0.20491965156249997 0.48936057968749996 0.2036629140625 0.4842899046875 0.2056380546875 0.475743709375 0.220620409375 0.497478971875 0.24128760312500003 0.5329744359374999 0.2519532765625 0.5455694828125 0.2517876015625 0.552132621875 0.24537956093750002 0.5600862609374999 0.24356529375 0.605027825 0.2479838 0.617684196875 0.24730045 0.6318943531250001 0.2416665234375 0.6323029359375 0.2300514625 0.62909266875 0.22448764531249998 0.6199325 0.22015510625 0.59793125625 0.193567290625
0 0.14107030468749998 0.0570798046875 0.149105953125 0.0627391875 0.1751346296875 0.071660703125 0.20623398437499998 0.078607078125 0.23199667812500002 0.08160797343750001 0.2507869203125 0.078140315625 0.25403782812500003 0.075195134375 0.2539351328125 0.05973015625 0.2649350203125 0.048532409375 0.29707688125 0.0466782921875 0.303415409375 0.0503322796875 0.30985589999999996 0.0449595890625 0.30977388906250003 0.0374859390625 0.30241280625 0.02613211875 0.27098809375 0.018065873437499998 0.2689360125 0.0179290671875 0.2634824609375 0.0199646546875 0.2502534890625 0.0173157640625 0.239294240625 0.020004509375 0.22600394375000002 0.017873293749999998 0.2193794796875 0.024799010937499998 0.21173246250000002 0.0240248984375 0.19541586875 0.014776834375 0.19430192968749999 0.012953462499999999 0.080450184375 0.0053633453125 0.0749674578125 0.051646610937500004 0.09477961093750001 0.064050175 0.10461434218750001 0.0626882765625 0.1103595828125 0.0550186984375 0.1288432015625 0.0541394203125 0.14107030468749998 0.0570798046875
0 0.079818009375 0.23934646874999999 0.080145315625 0.244749415625 0.09321100156249999 0.25694266093749996 0.1075644921875 0.25826470625 0.1416280859375 0.2483539515625 0.176802825 0.2562803796875 0.1928675421875 0.264935446875 0.2243348390625 0.2687757671875 0.24179590312500002 0.26019665625 0.2416525703125 0.25324068125 0.22877085625000002 0.2394944078125 0.2348227171875 0.22923645 0.231612446875 0.2236726296875 0.21805616875 0.21562079218750002 0.20957056562499998 0.20559381718749997 0.1980387125 0.204950321875 0.1953604078125 0.21122774375 0.1764268328125 0.2077394296875 0.1710288515625 0.20431162343749998 0.1466359703125 0.1979131796875 0.132098509375 0.1981441625 0.126005275 0.19241946875 0.1307486453125 0.185041384375 0.11549524687499998 0.17498415 0.11246894999999998 0.1678673046875 0.10273618124999999 0.160202525 0.0697350515625 0.14481245625 0.0639997859375 0.144231871875 0.0569853140625 0.2034455984375 0.0717406234375 0.20545860624999998 0.079428646875 0.20996954687499997 0.07304948125 0.214824559375 0.07562582500000001 0.217573815625 0.08051252656249999 0.217151703125 0.1000187046875 0.22397225937499998 0.0956639625 0.23623561249999997 0.079818009375 0.23934646874999999
0 0.6466408734375 0.39482376406249997 0.6365608453125 0.3982563671875 0.6193243921875 0.3967734484375 0.607301946875 0.400271359375 0.573973509375 0.379478346875 0.5385393703125 0.368294996875 0.5311169609374999 0.3574588515625 0.5177446531250001 0.3478539875 0.513593840625 0.3420639859375 0.4777917546875 0.3339866921875 0.4700220875 0.33424792812500004 0.46000338437500005 0.3371628578125 0.45143650468749996 0.344153884375 0.459329553125 0.3673489484375 0.46806045156250004 0.37530522187500004 0.48065623124999995 0.399631203125 0.475728890625 0.40856231562499995 0.5040272890625 0.4228214671875 0.5149052625 0.4371507265625 0.5373764109375 0.45160580625 0.543019690625 0.4529629078125 0.553222365625 0.44849495156249997 0.5792510421875 0.457416465625 0.5890244515624999 0.45657224375 0.62094096875 0.4402885 0.63161355 0.42368780937499995 0.647582153125 0.4195416015625 0.660688478125 0.42322584531249996 0.6799286718750001 0.4241257796875 0.6830362453125 0.41422462187500003 0.6701545296875 0.4004783484375 0.6618735859375 0.39688966875 0.6466408734375 0.39482376406249997
0 1 0.402904153125 0.9988935921875 0.40179997968750003 0.9814524812500001 0.39387876093749996 0.9639707296875001 0.394466546875 0.9533587390625 0.3860579078125 0.934057221875 0.38567565 0.9199490265625 0.3822828984375 0.90573886875 0.38791682656250004 0.8966813968749999 0.39904926406249996 0.8630263859375 0.397344959375 0.8452993390625 0.4000034484375 0.8358332859375001 0.4227509453125 0.839166203125 0.4272794109375 0.8473858234374999 0.431385765625 0.8512300187499999 0.43976414999999996 0.8430924078125 0.44313144531250004 0.8287189625 0.458309725 0.8372252515625 0.4763280296875 0.8478372453125 0.4847366671875 0.855238965625 0.48758148749999997 0.8946805875000001 0.497598865625 0.9844410703124999 0.507471228125 1 0.5042969921875 1 0.402904153125
0 1 0.639104859375 0.9839748296874999 0.642062234375 0.9459237093749999 0.6366386328125 0.9295051531249999 0.6364172484374999 0.92128553125 0.6323108921875 0.9163168203125001 0.6252593546874999 0.8918626156249999 0.6193785859375 0.8851561421874999 0.6188306546875 0.8670611515625 0.6245952015625 0.8670205125000001 0.6331042046875 0.8602734015625 0.641065275 0.849559446875 0.6416833125 0.844366125 0.6446938078125 0.8388661796875001 0.6502926796875 0.8377010234375 0.660128528125 0.847025209375 0.679408365625 0.8612767375000001 0.689757090625 0.871316128125 0.6948334875 0.8753236093749999 0.6936675171875 0.8876120359374999 0.6960902250000001 0.9038673062499999 0.7058559640625 0.9076095375 0.7232610265625 0.9133961484374999 0.7315741 0.9236195109375 0.7350974703125 0.935294696875 0.7426969390625 0.9584197250000001 0.7434662546874999 0.96499320625 0.741053875 0.9809721515625001 0.74090333125 0.9773732531249999 0.7304542421875 0.9825458921875001 0.7194524234374999 1 0.7220207703125 1 0.639104859375
0 0.659241784375 0.5905913234375 0.6354215046875 0.5875251203125 0.6213953203125 0.5916060187500001 0.61493414375 0.5889873828125001 0.5892948296875 0.609442790625 0.5649632734375001 0.6025266703125001 0.563695421875 0.596897540625 0.5561710515625 0.5950880734374999 0.549014625 0.59017255 0.5461722984375 0.5815026734375001 0.551426946875 0.5779745046875 0.5512836140624999 0.57101853125 0.5476440765625 0.5690784453125 0.5476233921875 0.56108711875 0.5414688359375 0.555880103125 0.5183844453125 0.5466017843750001 0.502129175 0.5368360453125 0.4806192578125 0.530598475 0.4710298234375 0.5298896703125 0.43997184218749996 0.5389259453124999 0.434697240625 0.5589544421875 0.44344882500000005 0.5749020406249999 0.423166121875 0.5828026015625001 0.413863353125 0.5960057421875 0.41688965 0.6031225921875001 0.428953465625 0.6156073296875 0.448582290625 0.6213925328125 0.4566179390625 0.6270519171875 0.45136329374999995 0.630580084375 0.4365805328125 0.6328817734375 0.43226642968749995 0.636636125 0.43171451406249994 0.6412952093750001 0.439832171875 0.6544282453125 0.4389329984375 0.6701847125 0.4446582859375 0.6790154625 0.45250996250000003 0.6862278734375 0.479172565625 0.69796395625 0.5037494171875 0.7028093703125 0.518654825 0.6994723328125 0.5404713640625001 0.7031215203125 0.5535570015625 0.6988144390625 0.55713448125 0.676780546875 0.5644541937499999 0.672151715625 0.5770492421875 0.67198604375 0.60608353125 0.6800330812500001 0.6128513250000001 0.6800633359375 0.623115325 0.675077703125 0.6226446859375 0.662718784375 0.6137298140625 0.656315540625 0.6115214156250001 0.650460228125 0.635811603125 0.641393696875 0.6562376375000001 0.6404491109375 0.6692826390625 0.64465103125 0.6969057421875 0.6401129640625001 0.7029169625 0.638364009375 0.7028962765625 0.6303726828125 0.701055825 0.621411315625 0.6877854796875 0.6027797703125 0.659241784375 0.5905913234375
0 0.0494234375 0.5530884859375 0.0563552515625 0.568066040625 0.07655667968749999 0.5771834859375 0.10225804999999999 0.5807020546875 0.1073287265625 0.578726915625 0.1082485875 0.5709617734375 0.11663149531250001 0.5655237734375 0.10646945781249999 0.5614827296875 0.1044450296875 0.5540743875 0.11544491718750001 0.5428766421875 0.12773334375 0.5452993484374999 0.1509196984375 0.5455509890625 0.17459664218749998 0.5416612203125 0.183797446875 0.5374847546875 0.1949813078125 0.52473398125 0.1955738625 0.5115658937500001 0.18896935312500002 0.5019912843750001 0.189827890625 0.49474381562499997 0.1983947671875 0.4877527875 0.18721017499999998 0.47601190937500004 0.1850017765625 0.470156596875 0.171261525 0.46365778906250005 0.15490429375 0.462918728125 0.13956961875 0.46987949999999995 0.09305357812500001 0.4624202484375 0.083750078125 0.4511317359375 0.0717069484375 0.4466383234375 0.052302732812499995 0.4307910890625 0.0420180484375 0.4277853953125 0.031222084374999997 0.42092978593749997 0.0270373734375 0.4562556671875 0.0302497203125 0.510464040625 0.0404258234375 0.5147199390625 0.0495653046875 0.5110611515625 0.0567217296875 0.515976675 0.056926389062500006 0.5224149734375 0.048196221875 0.5389503546875 0.0494234375 0.5530884859375
0 0.12203680624999999 0.8138681203125 0.1453857109375 0.7800837515625 0.1425426546875 0.7469222203125 0.1482265703125 0.73977031875 0.137348596875 0.725441059375 0.1223611796875 0.72130445 0.11068599374999999 0.7137049796875 0.081038465625 0.7108347046875 0.07876874375000001 0.7054970671875 0.067338853125 0.69582689375 0.0682587140625 0.6880617499999999 0.0605296859375 0.6798139875 0.06570232499999999 0.6688121671875 0.0617968046875 0.6609514609375 0.056398821875000005 0.65752365625 0.0387294671875 0.6535597609375 0.0481667046875 0.812813134375 0.0628850828125 0.8150835437499999 0.07186127812500001 0.8209691093749999 0.07938564687500001 0.8227785765625001 0.0911014734375 0.821869046875 0.0975419625 0.81649635625 0.12203680624999999 0.8138681203125
0 0.6260248390625 0.8791631359375 0.621894709375 0.8813644609375 0.6044129578125 0.88195224375 0.593494346875 0.8761319875 0.5877897453125 0.8752925640625 0.5653799187499999 0.86031980625 0.5493906328125 0.8564746890625001 0.525038390625 0.8415672421875 0.5200696765624999 0.8345157046875 0.5109708328125 0.829665490625 0.4829591015625 0.829318284375 0.46776775937500004 0.8432350312500001 0.47155062968749994 0.8521310906249999 0.4662767625 0.8966512421875 0.47993573593749994 0.9201680546875 0.46490768125 0.9245404453124999 0.46141147812499994 0.9295563328125 0.4479985328125 0.9284604703125 0.43861375625 0.9341899625 0.43967768281249997 0.9578724484375 0.45131223125000003 0.9739809203125 0.47590976874999996 0.9868176625 0.5061912234375 0.9925025015625 0.51815234375 0.989522265625 0.522773065625 0.98317953125 0.53348701875 0.9825614921874999 0.553605703125 0.95971363125 0.56282719375 0.9635284937499999 0.584296475 0.9782750671875 0.6068695859375 0.9837034687499999 0.6236560859375 0.9808187953124999 0.6309757984375 0.9761899656249999 0.630137215625 0.9669371046874999 0.6351872046875 0.9569706390625001 0.62066969375 0.9407012921875 0.61044633125 0.9371779234375 0.606050221875 0.9334586234375 0.611079525 0.9155008328124999 0.6205869515625 0.9087359875000001 0.6339385734375 0.910349528125 0.644897821875 0.90766078125 0.6580654703125 0.9108273499999999 0.6650785640625 0.9087869015625 0.6645059625 0.905454659375 0.6554477546874999 0.8920954421875 0.6345510796875 0.8806811109374999 0.6260248390625 0.8791631359375
0 0.9860710812500001 1 0.99703105625 0.90747970625 0.985025403125 0.9026699375 0.969608715625 0.9021570593750001 0.9528222156249999 0.9050417312500001 0.9139325125 0.8903652671875 0.9049156765624999 0.8929887015625001 0.897268659375 0.8922145875 0.8890697234375 0.8960995578125001 0.8869026984374999 0.9062268984375 0.8943864296875 0.9165453671874999 0.9046097906250001 0.9200687375 0.9057549953124999 0.9267332187499999 0.925322496875 0.9330360984375 0.93256093125 0.945425271875 0.9309458203125001 0.9508935265625 0.9070642187500001 0.9483449984375 0.897414190625 0.9726455250000001 0.9094986921875 0.9931215874999999 0.9192652156250001 1 0.9860710812500001 1