0 1 0.160449053125 0.943881296875 0.1489927140625 0.9411221546874999 0.16435212500000002 0.949803440625 0.165873725 0.9522236828124999 0.1764891921875 0.9525194859375 0.21072916406250003 0.9459497890625 0.2293084265625 0.9477824046875 0.2379841015625 0.9414283625 0.24326956718749998 0.9397584828125 0.2412585890625 0.9389552046875 0.25261259062499997 0.9331422921874999 0.2579336484375 0.9270207265625 0.2727401078125 0.9264964250000001 0.2955192984375 0.924000021875 0.303910221875 0.924959615625 0.3210836 0.9283923640625 0.3289139578125 0.9361308875000001 0.3360769671875 0.9385278796875 0.3457403328125 0.9382657296874999 0.35712993125 0.9568268015625 0.3650048171875 0.9624240625 0.372977553125 0.9667065875 0.37135810468749997 0.97501590625 0.357646121875 0.9755402078125 0.3348669328125 0.9813763718749999 0.33049796875 0.9954689374999999 0.3323755109375 0.9986459562500001 0.3297327796875 1 0.3246175140625 1 0.31944641875 0.9969825 0.3058591125 0.998844784375 0.2936242 1 0.29248599531249997 1 0.160449053125
0 0.6366434125 0.2530809 0.63403076875 0.2567113265625 0.634425984375 0.2728970109375 0.6454810156249999 0.2831298828125 0.6495478875 0.29480422968750003 0.6497571203125 0.303373121875 0.64650393125 0.3250222453125 0.6413948828125 0.3370435921875 0.6406381 0.3503017921875 0.6330791437500001 0.37261826249999996 0.6252412046875 0.3835095421875 0.6296864656250001 0.38855478906249996 0.6416610171875 0.39219415468749996 0.647002546875 0.389693796875 0.6477825765625 0.37738769687499996 0.6534792515625 0.367306140625 0.666140840625 0.3548310078125 0.6670138609375 0.3463333015625 0.67379279375 0.336322934375 0.7211562890625001 0.328982115625 0.7293429484375 0.3323723203125 0.733316825 0.340238271875 0.743976640625 0.334285459375 0.7553868171875 0.33693713125 0.7590584687499999 0.3324257921875 0.7571328609375 0.319941721875 0.7434651828125001 0.313339278125 0.7301758953124999 0.3001077328125 0.725521403125 0.28649359531249996 0.72691230625 0.2770793859375 0.7251029375 0.2693558078125 0.728611853125 0.2581797765625 0.726052125 0.24185171562500002 0.7226658718750001 0.2359255578125 0.7052335484375 0.23002605625 0.6971928000000001 0.21048575781249998 0.693550815625 0.1940865078125 0.6849921906249999 0.1754627140625 0.69021748125 0.1682018625 0.6789997125 0.151304296875 0.6624404125 0.1369070890625 0.6603223984375 0.1386689109375 0.6500048828125 0.1807658984375 0.6571325359375 0.18503701875 0.6605187859375 0.1909631765625 0.6588424875000001 0.2108148828125 0.6485546421875 0.23200128125 0.6374234421875 0.2407748 0.6366434125 0.2530809
0 0.40161774843750003 0.16403599687499998 0.41053151874999994 0.1750785890625 0.4134928859375 0.18572965156250001 0.41466170937499996 0.2114719203125 0.41755333125 0.21926668437500002 0.4218101703125 0.3050979828125 0.41764388593749996 0.31147792343749997 0.41949975000000006 0.321105696875 0.41984847187499996 0.33538718125 0.417352065625 0.34377810625 0.41951015468749997 0.3657831671875 0.41595474374999997 0.3750550015625 0.42482201562500005 0.384193396875 0.43599971249999997 0.3773240765625 0.4475261265625 0.3847362453125 0.450988546875 0.3716560140625 0.457249596875 0.36256214999999997 0.45567913281249994 0.34249688125 0.4652566921875 0.3364728796875 0.4767133640625 0.3410287515625 0.481205121875 0.34797819531249996 0.48277558593750003 0.368043465625 0.49070009218750005 0.38282326875 0.49759526249999997 0.37757339375 0.5100876921874999 0.3802962546875 0.5124213609375 0.3652406390625 0.519060803125 0.3495176734375 0.5155350609375 0.33787892343750003 0.5183401109375 0.320002603125 0.5071920890625 0.305961334375 0.5059703437499999 0.3001775515625 0.495997565625 0.2900158671875 0.48804338906250005 0.29614665156250003 0.475620703125 0.296280090625 0.457112546875 0.2684467140625 0.447873303125 0.2440747328125 0.46112251562499995 0.233539390625 0.461268425 0.217389303125 0.44845052343749997 0.20133705468750002 0.4295110578125 0.20009126406250002 0.423209934375 0.18541824375 0.420132325 0.1700066875 0.410159546875 0.15984500625 0.4066105578125 0.1472541546875 0.4016474171875 0.1431254109375 0.3919071203125 0.14248471875 0.3877175890625 0.1479125625 0.38639643125 0.1601830671875 0.40161774843750003 0.16403599687499998
0 0.19909809375 0.2999542515625 0.1914060640625 0.2946954421875 0.1720313078125 0.2534970828125 0.158579284375 0.23360084531249997 0.13518171406249999 0.271035178125 0.1221249078125 0.2673246265625 0.11407773750000001 0.26964701562500004 0.10833456875 0.277824375 0.09038436562499999 0.272841375 0.0845249546875 0.2762582359375 0.081912309375 0.27988866562500003 0.080043603125 0.31398626093750004 0.0831212109375 0.32939781875 0.092081475 0.342344609375 0.11269081875 0.34560137968750004 0.11739823125 0.339257034375 0.12330414062499999 0.3377443671875 0.19971692968750002 0.4359264578125 0.1994082828125 0.4454118546875 0.2060413015625 0.451551578125 0.208624278125 0.46883173749999996 0.213517675 0.4701041828125 0.22142535468750002 0.4620692 0.2294725265625 0.4597468125 0.23834622031250002 0.44702252343750004 0.24340877343749998 0.43309697500000005 0.24050032500000001 0.4024874265625 0.23652645 0.3946214765625 0.2278219109375 0.39214777343749996 0.22601254218750003 0.3844242 0.2329077125 0.3791743265625 0.233803984375 0.37162872187499996 0.23846489843750002 0.36338017499999997 0.24378318124999998 0.35992771874999996 0.24191049375 0.3274851609375 0.234500653125 0.32272019531249996 0.223541825 0.3053643765625 0.19909809375 0.2999542515625
0 0.50503585 0.5274144640625 0.49473117499999997 0.525786078125 0.4804526296875 0.51629174375 0.47541974218750005 0.509306703125 0.4638764984375 0.479079753125 0.45164621875 0.464967296875 0.44569381718749995 0.4645757625 0.4293541546875 0.5034249187500001 0.411019140625 0.52693370625 0.4111586296875 0.5326463 0.42014214375 0.5465451921875 0.423970109375 0.5705612343750001 0.43960989218749996 0.591551946875 0.4455157984375 0.5900392828125 0.4538018703125 0.5753752000000001 0.4637281515625 0.583632684375 0.46339625624999997 0.5921659828125 0.4663111265625 0.60091284375 0.4658798203125 0.62750043125 0.47258258125 0.636496453125 0.4801816171875 0.6379468671875 0.4881590421875 0.6327681843749999 0.49540935468749997 0.6199371124999999 0.501268765625 0.6165202484375001 0.5040738171875 0.598643928125 0.500926465625 0.580376075 0.5054013953125 0.564510734375 0.512319815625 0.5602129609375 0.517853753125 0.5434667125 0.50503585 0.5274144640625
0 0.661501865625 0.5852348921875 0.66773966875 0.575188928125 0.677317228125 0.5691649265625001 0.6846902046875 0.539231665625 0.6946461546875 0.5265785625 0.6627621390625 0.459842559375 0.655000371875 0.4517274515625 0.6474245828125 0.451229134375 0.6418673984375001 0.4670232890625 0.6312412375 0.5186056703124999 0.6235195390625 0.534257446875 0.6241536578125 0.5381014359375 0.6355638359375 0.5407531078125001 0.6403642375 0.5382171578125 0.648056265625 0.5434759671875 0.6570862765625 0.559279059375 0.6542114781249999 0.5742990781249999 0.65550296875 0.5829391609375 0.661501865625 0.5852348921875
0 0.8819719390625 0.4191285609375 0.8656451203125 0.41425234531250005 0.8597857109374999 0.4176692078125 0.8571730625 0.42129963437500006 0.8600646859375001 0.42909439687499995 0.8564731828125 0.4811395046875 0.8526091250000001 0.49989673437500004 0.845876690625 0.5118113 0.8466038031249999 0.5194636874999999 0.8427862390625 0.54012511875 0.8371128140625 0.5511587718750001 0.8368739109375 0.5635004671875 0.84179055625 0.5657250109375 0.8432744515625 0.5601191984375 0.8586649218750001 0.5487741359375 0.8605504578125001 0.5374913218749999 0.8646934937499999 0.5301592796875 0.8768139546875 0.51764855625 0.8816841015625 0.5179689 0.8861293625 0.5230141484375 0.88793873125 0.530737725 0.8923839921875001 0.5357829703125 0.9078907062500001 0.5291984046875 0.9130695015624999 0.520033353125 0.921186415625 0.5205672609375 0.9294428171875 0.526813765625 0.9323176140625 0.5117937421875001 0.9408594156250001 0.507602753125 0.9385385890625001 0.4789329953125 0.9398365 0.46571038906249995 0.9368518828125 0.4541072296875 0.9318189984374999 0.4471221890625 0.92746673125 0.445885340625 0.92278256875 0.4531817875 0.9099814875 0.45994432500000004 0.89664570625 0.4448085828125 0.889192584375 0.42720807499999996 0.8819719390625 0.4191285609375
0 1 0.6260262734375 0.9783214250000001 0.647899546875 0.9732588718749999 0.66182509375 0.97342160625 0.6684897875 0.9954386796874999 0.6851471328125001 1 0.6753778546875 1 0.6260262734375
0 0.9146944296875 0.675083134375 0.9155442031250001 0.66563333125 0.9116633171874999 0.661575775 0.9018997750000001 0.659982984375 0.8886802296875 0.6496077359375 0.8666463343749999 0.6101356078125 0.8561789234375 0.6018425281249999 0.8491675125 0.60233190625 0.8423653359375001 0.611390175 0.8397799218750001 0.6825128578124999 0.8341000734374999 0.7154092000000001 0.82804825625 0.7330719546875 0.8334827812500001 0.7343799953125 0.8365668093749999 0.727928865625 0.8435782203125 0.7274394875 0.8466390015625 0.720036259375 0.8616045874999999 0.7134160984375 0.87623828125 0.715329234375 0.886682440625 0.7226702140625 0.8934381234375 0.7117077453125 0.8977671421875 0.711992496875 0.9022124046875 0.71703774375 0.9013393828125 0.725535446875 0.9061862812499999 0.7249036953125 0.909788190625 0.7175360609375 0.906919815625 0.710693396875 0.9060596359374999 0.675465728125 0.9146944296875 0.675083134375
0 0.8998915796875 0.6883679890625001 0.8981222875 0.704411296875 0.8864499609375001 0.713149221875 0.8815100687499999 0.7099725796875 0.8550180640624999 0.7091805734375 0.84360146875 0.7283915859375 0.8463768500000001 0.731425853125 0.8495538703125 0.72878311875 0.85359749375 0.7395053703125 0.8546035812499999 0.75858294375 0.8522699140625001 0.7736385609374999 0.854759896875 0.787110325 0.862830315625 0.7857400375 0.8730123265625 0.8044706109374999 0.8706786578125 0.8195262296875001 0.8788885625 0.8238685328124999 0.8800638109375001 0.82774811875 0.885405340625 0.8252477609375 0.887121715625 0.8291629374999999 0.8984853968750001 0.8299104109375 0.9042053171875001 0.8207809546875 0.907056865625 0.8048088343750001 0.902355878125 0.7892904953125 0.9028336796875 0.76460710625 0.9072156187499999 0.744933371875 0.8993608578125001 0.7330098656249999 0.9092470625000001 0.7175004640625 0.9065943421875 0.6973640078125001 0.9025972171875001 0.6885459593750001 0.8998915796875 0.6883679890625001
0 0.9565992624999999 0.9088280187500001 0.9586010343750001 0.9023056984375 0.9561807968749999 0.8916902328124999 0.9511711593750001 0.8856572921874999 0.94649341875 0.8710910546875 0.9456965625 0.8605823703125 0.903774009375 0.8473685421875 0.8937483140625 0.8571653484375 0.8983795609375 0.8698273859375 0.8911757421875001 0.8845626578125 0.888231203125 0.89672638125 0.8889583156249999 0.9043787703125 0.89462531875 0.9152077999999999 0.9565992624999999 0.9088280187500001
0 0.7838360921875 0.8252207874999999 0.7851275828125 0.8338608671875001 0.7902302109375 0.8437022046875 0.7797563796875 0.8572718109374999 0.7778011046875 0.8656983281249999 0.7791158406250001 0.8752905046875 0.7854466328124999 0.8690529390625 0.78890263125 0.8778353937500001 0.7885474890624999 0.885416596875 0.782920559375 0.8983544484375001 0.7759556437499999 0.9007480234375 0.7771308921875 0.9046276078125001 0.796843965625 0.9154299828125 0.809528803125 0.90390695 0.813014471875 0.8917788203124999 0.8123571015625 0.8869827296875 0.8144751171875001 0.8852209078125 0.823837021875 0.8924906984375 0.8313895609375 0.8920369156250001 0.8378895125 0.8706013578125 0.8374477984375 0.8525114734375 0.8347189125 0.8513814046875 0.8284113671875 0.8585710703125 0.8127186671875 0.8575388453125001 0.8117823218750001 0.8413175671875001 0.8082798265625 0.8306309109375001 0.7838360921875 0.8252207874999999
0 0.73961198125 0.7177491453125 0.726601671875 0.7159427921875 0.719381028125 0.7078632765624999 0.7145341281250001 0.708495028125 0.71836851875 0.7106483828125 0.719683253125 0.7202405640625 0.7156564578125 0.7323331015625001 0.7144747875 0.7503162031249999 0.710540984375 0.7662171359375 0.7038782968749999 0.780988 0.69008795625 0.7914877453125 0.6897328140625001 0.7990689468750001 0.6926011875 0.8059116078124999 0.69754108125 0.8090882515625 0.710388653125 0.8042299125 0.7128153125 0.79298269375 0.7176157171875001 0.7904467421875 0.7209322296875 0.7935166046875 0.723236228125 0.7993715765625 0.72478344375 0.8184847453125 0.73134671875 0.8217681703125 0.7360773796875 0.816375921875 0.7519728890625 0.847839725 0.7506284859375 0.8591581328125001 0.760816915625 0.8560260218750001 0.7674034375 0.8602615453125001 0.773827228125 0.8578323781250001 0.778488140625 0.84958383125 0.7771501578125 0.8390395515625 0.7851740796875 0.8357650624999999 0.787501325 0.8425721328125 0.8028156359375 0.850233459375 0.8053352874999999 0.8427946343749999 0.803456175 0.8322147640625 0.7815785921875 0.8212700156249999 0.777581465625 0.8124519625 0.7745271078125 0.7979925078125001 0.7682724796875 0.7852236828125 0.7692914109375 0.760575890625 0.749037209375 0.7497379203125 0.73961198125 0.7177491453125
0 0.6846583078124999 0.613374021875 0.67541264375 0.6108647265625 0.6701641046875 0.617173478125 0.6685807968749999 0.64083358125 0.6660611453125 0.6482724078125 0.666997490625 0.664493684375 0.6568323046875 0.66857789375 0.6521481421875001 0.6758743421875 0.6520719781250001 0.6948807312499999 0.6588909796875 0.7086372453124999 0.6592164546875 0.7219666328125001 0.65406090625 0.732083784375 0.6586456562499999 0.7428416265625 0.6711380859375 0.7455644859375 0.6796333906250001 0.7394692968750001 0.6792381734374999 0.7232836093749999 0.6888918984375 0.6982532203125 0.7099958749999999 0.6996413859375 0.70534138125 0.68602724375 0.7145237234375 0.663817559375 0.70335245 0.648824190625 0.6981103328125 0.6332702593749999 0.6846583078124999 0.613374021875
0 0.5325950390624999 0.6252347984375 0.527090771875 0.6210704609375 0.5179613468750001 0.6233216625 0.521254609375 0.6254394249999999 0.52313371875 0.636019296875 0.5219055546875 0.6520982 0.51875178125 0.6556930328125 0.5251691484375 0.67512655 0.5255178671875 0.6894080359375 0.5233934328125 0.71303254375 0.5182378859375001 0.7231496953125001 0.5189649984375 0.73080208125 0.5257840015624999 0.7445585984374999 0.5376423124999999 0.74343746875 0.5423962203125 0.7389973171875 0.545805721875 0.745875575 0.5501347437499999 0.746160328125 0.5565352828125001 0.7427790578125 0.5801885796875 0.7158178140625 0.5800723390625 0.7110573171875 0.573840959375 0.69924059375 0.5615938515625001 0.662313353125 0.5445647734375 0.645271178125 0.5325950390624999 0.6252347984375
0 0.607424521875 0.747076990625 0.6066974093749999 0.739424603125 0.595456390625 0.7215749390624999 0.5834120953124999 0.7150792796875 0.5702326281250001 0.7284709140625 0.560037775 0.7534657124999999 0.562365021875 0.7602727796875001 0.5702811171875 0.7636451921875 0.5772776937499999 0.7736111078125 0.5772480234375 0.7945216937499999 0.571568175 0.8274180359375001 0.56700025 0.8394749796875001 0.572458025 0.8417351171874999 0.5766940515625001 0.8382114703125 0.5775903234374999 0.8306658656250001 0.5817333578125 0.823333825 0.5891696546875 0.818119546875 0.5989267796875 0.841575025 0.610732171875 0.86041238125 0.6244230984375 0.8679669234375 0.63898704375 0.8670237640625 0.6420013296875 0.8577163375 0.6479072390625 0.8562036718750001 0.6498160203125 0.8458729578125 0.6474190281250001 0.8362095921874999 0.6552104671875 0.8234141125000001 0.6515684859374999 0.8070148640625 0.6442316015625 0.794174853125 0.636516325 0.7879639421875 0.615458846875 0.7884799734375 0.61266021875 0.784493609375 0.6086165953125 0.7737713609375 0.605422746875 0.7535993109375 0.607424521875 0.747076990625
0 0.7181039265625 0.8104408218750001 0.6597551421875 0.8104050703125001 0.6554958671875 0.812976615625 0.6591843453124999 0.8312800625 0.6758366390625 0.8494856671875001 0.6781638859375 0.8562927359374999 0.6763480953125 0.870431846875 0.6726531953125 0.8739910875 0.6748810296875 0.8988524437500001 0.6725241140625 0.9129559625000001 0.67675371875 0.931295003125 0.6736231953125 0.9358419375 0.68190284375 0.9430405390625 0.70999498125 0.9429872265625001 0.720701290625 0.9389386125 0.7281672609375 0.9128137453124999 0.725438375 0.9116836781250001 0.7229948859374999 0.9001161124999999 0.7174673687500001 0.8949996765625 0.71801491875 0.8731725828125001 0.7252652328125 0.8603415109375 0.7430759453125 0.8596119140624999 0.7497851328125 0.84674525 0.7506116578124999 0.8363433468749999 0.7388062640624999 0.8175059906250001 0.7291589609375 0.8206736953125 0.7181039265625 0.8104408218750001
0 0.6183945265624999 0.8865817796875 0.5895584515625 0.85616791875 0.5737727578125 0.851327296875 0.5744301265625 0.8561233859374999 0.5691118453125 0.8595758437500001 0.5688264453125 0.8700133390625 0.56472990625 0.879249578125 0.564915890625 0.8868663703124999 0.5715721593749999 0.8939581921875 0.5722992703124999 0.9016105828125 0.5686276171875 0.90612191875 0.56721346875 0.9145840265625 0.5706229703125001 0.9214622859375 0.5749519921874999 0.9217470375 0.57645913125 0.9170933234374999 0.583941925 0.91378324375 0.5889515624999999 0.919816184375 0.5909934125 0.93706075 0.5953689265625 0.9392497015625001 0.6182021203125 0.9008276734375 0.6183945265624999 0.8865817796875
0 0.5202837171875 0.8069344171875 0.513813434375 0.8074593906249999 0.5205161984375 0.8164554109375001 0.5207719281250001 0.8269284984375 0.5191421234375 0.8486844046875 0.51464394375 0.86359764375 0.5078185171875 0.8717038140625 0.49177709687500004 0.8563901015625 0.48801245312499997 0.85709304375 0.477067240625 0.873483353125 0.47416919531249996 0.8875512765625 0.47534444374999996 0.8914308609375 0.4808022140625 0.8936909984374999 0.48830183437499997 0.913195703125 0.49797238593750004 0.9109800984374999 0.5019061890625001 0.8950791640625001 0.5094587265625 0.8946253796875 0.51569010625 0.9064421046875 0.526180765625 0.9156872828125 0.5345365796875 0.903879496875 0.535904234375 0.8935131890625 0.5652477859375 0.8783330749999999 0.5687567015625 0.867157040625 0.5514999578124999 0.8241968609375 0.5460421875 0.8219367234374999 0.528755775 0.7998871296875001 0.5244035046875 0.7986502796875 0.5202837171875 0.8069344171875
0 0.442334115625 0.7343166265625001 0.436142809375 0.746266790625 0.434937890625 0.7632977921874999 0.43627587500000004 0.77384206875 0.445259390625 0.7877409609375 0.4541330859375 0.775016671875 0.4613304796875 0.7821440875000001 0.459345534375 0.8114811906250001 0.4517168296875 0.8309413609374999 0.454020828125 0.8367963328125001 0.4504421703125 0.845116065625 0.44561851875 0.8466999203125001 0.45554479687500005 0.8549574046874999 0.4682296359375 0.843434371875 0.47641629375 0.8468245796874999 0.4795003203125 0.8403734500000001 0.4801641109375 0.8233068515624999 0.484825025 0.8150583046875 0.49080067656250004 0.8164019390625 0.49364580468749997 0.822292503125 0.49912682343750003 0.8255047390625 0.5081632546875 0.81944514375 0.5152444093749999 0.8218120656250001 0.5176245765624999 0.8086606453125 0.5120505625 0.8016400125 0.508431828125 0.7861928625 0.4940602875 0.77289013125 0.49058104062499996 0.7631555750000001 0.4709441328125 0.7333468125 0.4604069796875 0.7221974375 0.4518186828125 0.7244842296875 0.442334115625 0.7343166265625001
0 0.44573475625 0.851460415625 0.45570753281250004 0.8616220968749999 0.46043819375000006 0.8562298484375 0.46185234375000006 0.8477677375000001 0.4589607203125 0.8399729765625 0.44778944843749996 0.8249796078125 0.43259137968749994 0.8220787796875 0.4142459609375 0.8009100968749999 0.40389479218749996 0.7973775125 0.3955157296875 0.8082331984375 0.38449435 0.8436299 0.3853144515625 0.8550906812499999 0.387030828125 0.859005859375 0.40048927343749996 0.8570394140625 0.40420100000000003 0.8762949578124999 0.4015883546875 0.8799253874999999 0.403822609375 0.8829240578125 0.42085971562499996 0.872637878125 0.4276153984375 0.861675409375 0.4279937859375 0.855046309375 0.437571346875 0.8490223078125 0.44573475625 0.851460415625
0 0.3807642515625 0.6466165687500001 0.3692145875 0.6382523015625 0.3611209203125 0.6386704890625 0.353352728125 0.6524180671875001 0.3591043125 0.6556481015625 0.37005151875000003 0.67252786875 0.3700218484375 0.6934384546875 0.3680665703125 0.701864971875 0.3554979734375 0.7181485000000001 0.3592097015625 0.7374040484375 0.35090038125 0.75111603125 0.354024484375 0.7684317843749999 0.3586789796875 0.7820459234375 0.3642064953125 0.7871623609375 0.37286453750000004 0.7877318640625 0.3786774515625 0.782410803125 0.3878365453125 0.7592490171875 0.4080274234375 0.7453680015625 0.41080280625 0.74840226875 0.413269540625 0.7609219328125 0.41769155625 0.7650150828125 0.431999771875 0.7535988312499999 0.43298903437499997 0.7498616218749999 0.42962603125000004 0.7448875640625 0.4288291734375 0.7343788765625 0.43628871875 0.7301166968749999 0.43970464375 0.7151322718750001 0.435661021875 0.7044100234374999 0.42594397500000003 0.7047214296875 0.4216911171875 0.6854302890625 0.405928675 0.681541765625 0.3807642515625 0.6466165687500001
0 0.3399093890625 0.8762599375000001 0.3437966984375 0.8584548046875 0.3327649125 0.8491740343749999 0.330437665625 0.8423669625000001 0.3330503109375 0.8387365375 0.31263337343750003 0.8212338750000001 0.308304353125 0.8209491218749999 0.29787702031249996 0.8364229312499999 0.3000880265625 0.8384695015625001 0.3002972578125 0.8470383937499999 0.2894450359375 0.8672371 0.289206134375 0.879578796875 0.29367464375 0.8855761421875 0.305981090625 0.8806822109375 0.3136963640625 0.8868931203124999 0.3228955328125 0.8874982171875001 0.3399093890625 0.8762599375000001
0 0.3490886421875 0.5441642515625 0.3495135296875 0.539439346875 0.3460342828125 0.5297047921875 0.3383655046875 0.52539808125 0.32138973125 0.52713316875 0.2604960515625 0.5003140593750001 0.24460452500000002 0.5353904125 0.22761391406249998 0.5475807921875 0.22166151093750003 0.547189259375 0.220131121875 0.5508908734375 0.21300347031250003 0.5466197562499999 0.20431575937500002 0.5669608390625 0.21473667343749997 0.5733497187500001 0.22198056406250002 0.5823813343750001 0.2246629515625 0.5816072046875 0.230336378125 0.5705735484375001 0.24706483750000002 0.5697727625 0.24989313906250002 0.5528485437499999 0.2541756609375 0.551229096875 0.26525394375 0.5624140671875 0.27936975625 0.5652437078125 0.280329346875 0.5824170875 0.28505358593749996 0.5988875234375 0.28733433750000004 0.603790396875 0.296085371875 0.6081682953125 0.3064513734375 0.601245584375 0.31373335 0.6007740046875 0.3176206546875 0.582968871875 0.3490886421875 0.5441642515625