0 0 0.2896956765625 0.0000903515625 0.28976518125 0.0047467328125 0.2893191125 0.0051054890625 0.27902136093749996 0.013633764062500001 0.267007953125 0.025233001562500003 0.26776285 0.0379923125 0.291732490625 0.0421230875 0.3090644375 0.0680086953125 0.328977509375 0.074492534375 0.32182513125 0.0875604734375 0.32617146875 0.094620046875 0.31056662031250004 0.10227218906249999 0.30890053125 0.10779647343750001 0.3158356015625 0.113153909375 0.3302509359375 0.12758206562500002 0.337266071875 0.1374039703125 0.3540528265625 0.14260278906249998 0.3582199703125 0.1484858296875 0.354857284375 0.157222853125 0.36241761875 0.178351821875 0.3641256625 0.181981678125 0.3460502671875 0.1884655171875 0.33889788906249996 0.1878228171875 0.31563358125 0.1854611421875 0.2999982296875 0.1751970578125 0.29724935937499997 0.1653751515625 0.28046260312500004 0.153859340625 0.2759675765625 0.1461570671875 0.26830811718750003 0.1407745640625 0.2492300109375 0.1358761453125 0.243168021875 0.12880796249999998 0.2186531875 0.13030995781250002 0.20917895 0.138479478125 0.207463296875 0.1442790953125 0.207840746875 0.1475169015625 0.2131287828125 0.18057057031249998 0.21835965000000002 0.18006142187500002 0.2006807578125 0.174812471875 0.18718806875 0.1689877890625 0.18214784687500002 0.1598085859375 0.1886254 0.123842575 0.1808744203125 0.08290295 0.15307313281249998 0.0773453734375 0.15920374375 0.0706613953125 0.1869020640625 0.062784046875 0.2044513234375 0.05657554218750001 0.20504608124999998 0.045785853125 0.22007522812500002 0.0416135578125 0.23353741249999999 0.0360559828125 0.23966802187499997 0.037416196875 0.242336821875 0.0353717609375 0.24719785 0.027118818750000002 0.25265363281250003 0.0112720921875 0.2513726 0.005305628125 0.258475415625 0 0.257073746875 0 0.2896956765625
0 0.2976896 0.039707773437499996 0.23560455 0.045655346875 0.22711817656250002 0.08472275312500001 0.21995011562500003 0.099404959375 0.20981958281250002 0.10224150624999999 0.20230099375 0.1094930109375 0.1982121203125 0.1192150625 0.1919201921875 0.1235499515625 0.1740623203125 0.11406426562500001 0.1706576703125 0.11625649062500001 0.1690471859375 0.12480808750000001 0.1703490421875 0.13587979375 0.17745051875 0.1473289484375 0.18220715625 0.1655339734375 0.1910526671875 0.17401694843749999 0.2119897265625 0.17854248281250001 0.226751571875 0.17059709375 0.23381114531249997 0.154992246875 0.24523530624999998 0.180955859375 0.25974688281249997 0.18423086718749998 0.267883109375 0.19558089375 0.273023571875 0.2081509421875 0.2897131359375 0.212150340625 0.2975321265625 0.20300398749999998 0.3254202703125 0.1910020296875 0.3312700171875 0.20070502656250003 0.3421932578125 0.19126129375 0.3491862453125 0.2017878078125 0.354877375 0.20124261406250002 0.35885775937500003 0.19059791718750002 0.35500231718749997 0.1667083484375 0.359424884375 0.142025765625 0.367811378125 0.1421554 0.37706577812500003 0.1496661671875 0.379602525 0.14009280468750002 0.3790099546875 0.126154046875 0.3848929953125 0.12279136406249999 0.38465095312500003 0.11628330312499999 0.3794270703125 0.10745338906249999 0.368286853125 0.115051834375 0.3635803421875 0.1061723546875 0.360993465625 0.106420171875 0.3536918515625 0.1155169609375 0.347591834375 0.1170343609375 0.3279648625 0.105852078125 0.3238842171875 0.097845678125 0.3259035890625 0.0883218765625 0.3209801015625 0.0775971125 0.31842652031249996 0.0647792484375 0.3032389484375 0.051305614062500005 0.2976896 0.039707773437499996
0 0.44475221718749997 0.231402325 0.44153124843749997 0.248505515625 0.42365692031249996 0.2744767359375 0.41766539218750004 0.27691677812500004 0.4104891046875 0.3093274359375 0.41103154531249997 0.31394064843749997 0.42248899843750004 0.32683858125 0.4228645953125 0.33893205625 0.41866723125 0.347731465625 0.4209204171875 0.36244417812499996 0.42747945156249995 0.36928012187500003 0.4517126734375 0.3706907859375 0.462193734375 0.3752849390625 0.46639109687499997 0.3664855296875 0.4751614125 0.3609801828125 0.47263289375 0.35282509375000004 0.47299165 0.34252733750000003 0.49109979062500003 0.3407926296875 0.503241465625 0.34616073593749996 0.5123039546875 0.3564889953125 0.5233775875 0.3750219078125 0.5270744109375001 0.3886632875 0.5298782640625 0.39026075625 0.5345095765625001 0.3851519140625 0.5350853109375 0.3766994453125 0.53184750625 0.37141140781250004 0.530028271875 0.360389265625 0.52306035 0.354525528125 0.5198809015625 0.34083458437499997 0.53006979375 0.3295951328125 0.538865175 0.328752559375 0.5415104109375 0.3201018375 0.5407842859375 0.3005776625 0.534308675 0.2900015890625 0.5261140921874999 0.287054465625 0.523034903125 0.29201461875 0.5164175125 0.29358158125 0.5064538265625 0.2889378640625 0.49687396093749997 0.27865916875 0.4878197015625 0.25060245625 0.4825374578125 0.2501754453125 0.4676835796875 0.22174128437500001 0.45720251875000006 0.21714713125000001 0.4478897625 0.2180392671875 0.4437758234375 0.2230985453125 0.44475221718749997 0.231402325
0 0.2815212265625 0.39165982499999996 0.2738107234375 0.4017288203125 0.27573844375 0.4136736046875 0.2745619140625 0.4259157703125 0.2824811625 0.4354205125 0.290266859375 0.43933984062500003 0.2942390171875 0.44642359843749996 0.2958162078125 0.4509376828125 0.2929790609375 0.46240589375 0.2959415328125 0.47425155312499995 0.30991066875 0.4729133484375 0.32112608125 0.4793032234375 0.3293539578125 0.469184665625 0.3558736578125 0.47224236406250003 0.3581934296875 0.46082371406249995 0.3575174359375 0.4506250875 0.36370087500000003 0.44536755625 0.3675394796875 0.4468659 0.3748829953125 0.46482311093749995 0.3790219984375 0.4644266078125 0.38845147343750003 0.4467286578125 0.38954458125 0.43822662812499996 0.389602940625 0.42982372187499995 0.3841370140625 0.41448574687499995 0.37902161875 0.4065784703125 0.3684821984375 0.4103872234375 0.361731253125 0.40636877031249996 0.3411361140625 0.36915425625 0.338933059375 0.3637670921875 0.341085984375 0.35982870624999996 0.2913259125 0.3282072171875 0.28212164375 0.330021996875 0.27618024375 0.3417875859375 0.2763055671875 0.36510145625 0.283949484375 0.38116382031249996 0.2815212265625 0.39165982499999996
0 0.59201344375 0.3936387296875 0.589994071875 0.40316253125 0.5953013796875 0.408252315625 0.594341825 0.42233976406249996 0.58279271875 0.430910415625 0.5784034453125 0.44252731562500003 0.5792380578125 0.4629741328125 0.5842950953125 0.4792843140625 0.5883506765625001 0.4826279390625 0.5902032015625001 0.48058440312500006 0.6056077484375 0.495903321875 0.625268015625 0.4940199234375 0.6270453453125 0.47798806562499996 0.624116165625 0.45307672656250003 0.6413313359374999 0.43929810625 0.6509946234374999 0.44583667031249996 0.6693616421875 0.473001246875 0.67677174375 0.46482709843750003 0.6686186796875 0.43108584375000003 0.651278184375 0.42155059375 0.6411225890625001 0.41972436875 0.63067481875 0.402064534375 0.630023890625 0.39652868125 0.6333200546875 0.3934138125 0.6321266859375 0.38326475000000004 0.635205871875 0.378304596875 0.614001709375 0.36260823124999997 0.600958834375 0.3629246671875 0.5935487328125 0.3710988140625 0.5892930140625 0.38830112968749997 0.59201344375 0.3936387296875
0 0.685506096875 0.0674504890625 0.6751335234375 0.063778978125 0.6641852171875 0.06855993437499999 0.6611060296875 0.0735200875 0.6593036328124999 0.0848891703125 0.6604719390625 0.0903754625 0.6513095703125 0.1192442390625 0.640686728125 0.126793125 0.642447603125 0.14621817343750002 0.6541721640625 0.1702869390625 0.6514184390625 0.17801501875 0.6437913609375 0.18434388125 0.631482840625 0.1864560375 0.6301727546875 0.1931127859375 0.625024065625 0.198271190625 0.627035209375 0.2064758421875 0.6352548578125 0.214085740625 0.64726298125 0.21386842968750003 0.6576939125 0.2091370359375 0.6690178140625 0.216449553125 0.6714045515625 0.23674767968750002 0.677855096875 0.24266098125000002 0.6812264578125 0.253534434375 0.680892765625 0.2684949625 0.687969175 0.2752813421875 0.6933516765625 0.29435945 0.69585513125 0.29785176406249997 0.7063111281250001 0.2977831453125 0.7131956265625 0.3073870140625 0.716550146875 0.295869240625 0.72128995 0.291683040625 0.7265721921875 0.29211005156250003 0.7313621234375 0.2972494 0.7346332234374999 0.2894717578125 0.7371198406249999 0.270572846875 0.740007115625 0.26843018281250003 0.7449055359375001 0.2744921734375 0.7499206734375 0.2637483515625 0.7471751765625 0.25374797656250003 0.7438539484375 0.25220007187500004 0.738521575 0.2424475125 0.7397231718749999 0.234868121875 0.7476255843749999 0.2219816390625 0.7474669671874999 0.21173344843750003 0.7442291609375 0.20644541093750002 0.7382125671875001 0.20422267968750002 0.7322625578124999 0.1758685875 0.7126606515625 0.16934908125 0.7049666046875 0.14396116718750002 0.701002675 0.1191489546875 0.6852558265625001 0.078670884375 0.685506096875 0.0674504890625
0 0.44770760468750004 0.43452084218750003 0.442667403125 0.440601890625 0.4403143390625 0.46508621562499997 0.4263620421875 0.4888156484375 0.4272299453125 0.4961967859375 0.4248851109375 0.502952659375 0.41753336562500004 0.5027239015625 0.412851921875 0.498507196875 0.40636808281250003 0.5056595749999999 0.40816225 0.5120189421875 0.4180425125 0.5204027921875001 0.4201621453125 0.5295300875 0.42729691093750005 0.5279135609375001 0.4368517109375 0.5335294828125 0.4412911140625 0.5312381312500001 0.44363595 0.5244822578125 0.44870121406249996 0.523063984375 0.448459175 0.516555925 0.4570542265625 0.5073352296875 0.4672766015625 0.5119541640625 0.4689289890625 0.5304565703125 0.473743984375 0.5402586921875 0.4719415890625 0.5516277765625001 0.4796689265625 0.563950009375 0.4920859375 0.5627604953125 0.5027922031250001 0.5514714796875 0.5062552140625 0.540876346875 0.5044610453125 0.534516978125 0.4970842375 0.529625446875 0.495373490625 0.5195259453125 0.4982106375 0.508057734375 0.501531865625 0.509605640625 0.5049114546875 0.502750640625 0.5042605250000001 0.4972147859375 0.48784629218750003 0.48665776875000005 0.4802274421875 0.4752581796875 0.482054903125 0.46855186875 0.48772096875 0.46334390000000003 0.4863356859375 0.4560123265625 0.45868097499999994 0.434402659375 0.44770760468750004 0.43452084218750003
0 0.44979508749999997 0.6302582218749999 0.44374520000000006 0.64110116875 0.43802900625 0.6369835890625 0.427055634375 0.6371017734375 0.42215721406249995 0.6310397812499999 0.41387920781250004 0.6318327921875 0.4470331359375 0.6557147546875 0.45716366875 0.65287820625 0.4577977609375 0.6360228328125 0.46373915937500004 0.6242572453124999 0.48353297812499996 0.6279592609375 0.491594009375 0.6253209671875 0.49667572968749996 0.5884457875 0.49425569999999996 0.5812133375 0.4856772921875 0.5839011953125001 0.4762309828125 0.579207915625 0.4693464828125 0.5696040453125 0.45257349375 0.56934478125 0.4407322171875 0.562081828125 0.43659321562500003 0.5624783328125 0.43207038906250006 0.5685098171875 0.4278898640625 0.5997004546875 0.430827271875 0.6068833406249999 0.44743341562500005 0.6146228671875 0.450479309375 0.6227283953125 0.44979508749999997 0.6302582218749999
0 0.22420218749999998 0.571628378125 0.20219746718749998 0.6381157859375 0.1931267484375 0.64551598125 0.1962560671875 0.6498813765625 0.21697614999999998 0.6525616249999999 0.2240858515625 0.6462823249999999 0.2276072203125 0.6272842859375001 0.243161775 0.6127317140625 0.250538584375 0.6176232453125 0.255704109375 0.6348560703125 0.2666441890625 0.6478035656250001 0.27582339375 0.6413260125 0.2807300421875 0.62965955 0.2793529890625 0.604599521875 0.2744044390625 0.589211984375 0.280888278125 0.58205960625 0.2920535609375 0.5791239328125 0.2859950671875 0.5498471984375 0.28107157968749996 0.5391224343750001 0.278075815625 0.54034245625 0.2740120078125 0.5547272828125 0.2675031015625 0.5572168859375 0.2470332890625 0.5433162421875 0.2327386890625 0.5418865203125 0.22391001562500001 0.555794771875 0.22219104218750002 0.563423725 0.22420218749999998 0.571628378125
0 0.1562497890625 0.429785459375 0.145543521875 0.441074475 0.1414045203125 0.4414709796875 0.14959910468749998 0.44441810156250006 0.15169366875 0.44888262343749996 0.161907625 0.442305946875 0.169826875 0.4518106875 0.168541853125 0.46313020937499993 0.1597966015625 0.47329833125 0.154422709375 0.49433990625 0.1482142046875 0.49493466250000007 0.1436913796875 0.500966146875 0.1469542484375 0.5109169578125 0.1551738984375 0.5185268546875 0.1615743140625 0.5151146078125 0.1692515234375 0.5181112921875 0.17417500625 0.5288360562500001 0.17997462656250002 0.529213503125 0.18742662968749998 0.5480933578125 0.1924335390625 0.555077990625 0.2034652671875 0.5465569015625 0.209515153125 0.5357139546874999 0.215206284375 0.5351687593750001 0.21932844999999998 0.512381028125 0.22477753906250003 0.5053277765625 0.2275813921875 0.50692524375 0.2316871015625 0.5195944171875 0.24271883125 0.511073328125 0.2454725546875 0.5033452515625 0.24427918437499999 0.4931961859375 0.23978965468750002 0.486161990625 0.2356338125 0.46416726875 0.23220409687500002 0.46169672031250003 0.23340569218749999 0.45411733125 0.2312860625 0.44499003437500007 0.2224656140625 0.441169834375 0.22214014999999998 0.438401909375 0.2041988546875 0.43265635312499995 0.17499201874999998 0.41119537656249994 0.1656541984375 0.4074247390625 0.1600715546875 0.40889257343749996 0.15680045625 0.4166702171875 0.1562497890625 0.429785459375
0 0.0380872890625 0.568415859375 0.0472332015625 0.5750039859375 0.0481011046875 0.582385125 0.0449134296875 0.5864226343750001 0.050195671875 0.5868496453125001 0.05582844375 0.59470735625 0.0626628125 0.5949856796875 0.075238440625 0.604044353125 0.07733300625 0.608508875 0.0876303859375 0.5981920656249999 0.1029848015625 0.6041854343749999 0.113666003125 0.588233646875 0.1276100734375 0.58223266875 0.1383081109375 0.5886721046875001 0.1372815875 0.571042778125 0.14480017812499998 0.5637912734375 0.1118463890625 0.5193633671875 0.11071137812500001 0.5008113984375 0.0742612859375 0.48004430625000005 0.06641723125 0.48452788281250003 0.0686202859375 0.48991504687500004 0.0652406984375 0.49677004687500004 0.0643062078125 0.5155202703125 0.05787250000000001 0.5319981953124999 0.0459646359375 0.5508666015625 0.0371943203125 0.5563719484375 0.0357757453125 0.5621060531250001 0.0380872890625 0.568415859375
0 0.691892728125 0.504432090625 0.6889302578125001 0.4925864328125 0.6973249781249999 0.4749876125 0.692943934375 0.468876059375 0.6890219078125 0.4711178484375 0.679467109375 0.46550192656249995 0.675820415625 0.46118609531250004 0.67579535 0.4565233203125 0.663895715625 0.457663271875 0.669244925 0.4898070578125 0.66632435625 0.5050154 0.6682520765625 0.5169601859374999 0.661901790625 0.52969798125 0.6593066859375 0.54767425 0.6511872984375 0.55871545 0.653498840625 0.56502525625 0.658647528125 0.5598668515624999 0.6646641234375 0.5620895828125 0.691284465625 0.6416465109375 0.690683665625 0.6454362062500001 0.6966419015625 0.65606184375 0.69745145 0.6718458875 0.6936880390625 0.684335865625 0.7048200312499999 0.6944658734375 0.7074069062499999 0.6942180578125 0.7116876921874999 0.6816785140625 0.7172452687499999 0.6755479046875 0.7383158796875 0.685658853125 0.7468774484375 0.66057976875 0.745008084375 0.6402320796875001 0.740518553125 0.63319788125 0.7386993203125 0.6221757390625 0.7333920140625 0.61708595625 0.7280345734375 0.602670621875 0.73229029375 0.5854683046875 0.72281891875 0.5761122515625 0.723611628125 0.5695050671875 0.7315641703125 0.56594413125 0.7313221296875 0.5594360734375 0.7190218359375 0.5438197765624999 0.7104265921875 0.52411640625 0.699102690625 0.5168038890625 0.691892728125 0.504432090625
0 0.5388420171875 0.613330459375 0.5684158390625 0.6067652296875 0.5786297953124999 0.6001885515625001 0.587016290625 0.6003181828125 0.5900120546875 0.5990981625 0.599333040625 0.5804775734375001 0.6043148828125 0.58279943125 0.6054412828125 0.5612317203125 0.5972717656250001 0.562947371875 0.585021603125 0.5566566234375 0.5670885359375 0.5331826140625 0.55336966875 0.5233004234374999 0.5460179234375 0.5230716656250001 0.5400765265625 0.53483725625 0.54240490625 0.5635382890625 0.5313148187500001 0.580462284375 0.5324247640624999 0.5943514796875 0.5284694437499999 0.609658946875 0.533584840625 0.6175662234375 0.53720646875 0.6172192812499999 0.5388420171875 0.613330459375
0 0.5904291703125 0.58039750625 0.5922484031249999 0.5914196484375001 0.58540580625 0.608869778125 0.5883682765625 0.6207154375 0.5875755687499999 0.6273226234375 0.58316123125 0.634276746875 0.5782878765625 0.6328775328125 0.567473121875 0.64324390625 0.5727220703125 0.656736596875 0.5789807062500001 0.6654673875 0.6107744203125 0.6866805484375 0.615180528125 0.697454875 0.6282985984375 0.7111267625 0.6338812390624999 0.709658925 0.63971415 0.69697069375 0.6557527875 0.6954342375 0.6559196359375 0.687953975 0.6475080734375 0.6831615671875 0.640623575 0.6735576984375 0.6374691921875 0.6645295296875 0.639488565625 0.655005728125 0.6447457421875 0.650769965625 0.6442033031250001 0.6461567546875 0.6277890703125 0.6355997359375001 0.6166320140625 0.62080695625 0.614053365625 0.60332631875 0.617866903125 0.6001618859375 0.5997419265625 0.57950536875 0.595277459375 0.577133946875 0.5904291703125 0.58039750625
0 0.33785869687500003 0.6839010265625001 0.3364651875 0.6942979046875 0.3435415984375 0.701084284375 0.352011515625 0.6974737859375 0.3638527921875 0.7047367390625 0.38886188593750004 0.6771489921875 0.3952873671875 0.6783995203125001 0.3991843296875 0.6714949578125 0.39736509531249997 0.6604728140625 0.3875098984375 0.6567517390625001 0.3794821609375 0.6463243546874999 0.373390371875 0.6301133 0.3737240640625 0.615152771875 0.35597468125 0.6065897296875 0.3498746640625 0.608107128125 0.346954096875 0.6233154703125 0.34047025625 0.6304678499999999 0.3370323125 0.64572575625 0.326384403125 0.6486118656250001 0.32474885468750003 0.6525006859375 0.32991438125 0.6697335078125 0.33785869687500003 0.6839010265625001
0 0.2884240859375 0.6550474625 0.2863212921875 0.66831139375 0.2879235484375 0.6774882546875001 0.31547800000000004 0.6804468234375001 0.32081860156249997 0.67247093125 0.3200674109375 0.6482839796875 0.316178675 0.6374600890625 0.290176353125 0.6343528296875001 0.2858454375 0.6375668250000001 0.2884240859375 0.6550474625
0 0.3347881171875 0.728980859375 0.34374211718750003 0.738386478125 0.350142534375 0.7349742296875 0.34897422968749997 0.729487940625 0.34178933125 0.72177891875 0.340979784375 0.705994875 0.33806744218749996 0.7034747625 0.3384512671875 0.6978397859375 0.3360563015625 0.6952701109375 0.316638075 0.7036615671875001 0.31459363906250004 0.7085225937499999 0.3158954953125 0.7195943 0.3137676359375 0.7281954578125001 0.316129309375 0.7438308124999999 0.32887178281249996 0.7454092234374999 0.3300232515625 0.7285042859375 0.3347881171875 0.728980859375
0 0.845343334375 0.2965937046875 0.8264174203125 0.3002728234375 0.8215190015625 0.2942108328125 0.818448040625 0.281442534375 0.8065484062499999 0.282582484375 0.7950909515625 0.26968455156250004 0.7838422453125 0.27636035468750003 0.7766741859375 0.2910425609375 0.7708914046875 0.3130563421875 0.7745048046874999 0.3304378515625 0.7608861984375 0.3392067578125 0.7596846015625001 0.34678614531249996 0.7629725359374999 0.3613997328125 0.762288315625 0.368929559375 0.7492955718750001 0.3785715421875 0.7445224765625 0.39582342187499997 0.7554041984375 0.417173825 0.7692899109375 0.4195757515625 0.78034670625 0.41571743593750005 0.783117265625 0.4303805859375 0.786872446875 0.435619059375 0.7921296250000001 0.43138329531249997 0.8027191734375 0.43690009218750003 0.8047303187500001 0.4451047453125 0.8138260984375 0.44236732500000003 0.8194338046875 0.44556226250000003 0.8212863328125 0.4435187265625 0.8201180265625 0.43803243593749996 0.823689525 0.42835994531250005 0.8244070390625 0.407764440625 0.8269437875 0.39819107656249997 0.839168884375 0.3998190515625 0.8445094859375001 0.39184315625 0.84375006875 0.3853846609375 0.8309825296875 0.379143475 0.8265764203125 0.3683691484375 0.8181397953125 0.35891396875 0.8110132546875001 0.34280204062499997 0.8069909671875 0.3263927328125 0.8110798421875 0.31667068125000003 0.8305399671875 0.33533322499999996 0.8451349671875 0.3348681 0.8483810015625 0.32242768437499997 0.8475130953125 0.315046546875 0.8493405578125 0.308340234375 0.8474379015625001 0.301058225 0.845343334375 0.2965937046875
0 0.797679353125 0.500829275 0.80317034375 0.5208300234375 0.808260675 0.524074525 0.8136263421875001 0.5207614031250001 0.8174900109375001 0.52692251875 0.8184914703124999 0.5398890734374999 0.8091955484375 0.5631724375 0.815921428125 0.5625281171875 0.816931115625 0.5577662171875 0.8221882921875 0.5535304546875001 0.8267694750000001 0.5390960625 0.8350976125 0.5476286015625 0.8363744046875 0.554037534375 0.84312535 0.5580559875 0.8460627562499999 0.5652388703125 0.8513449984375001 0.5656658828125 0.8562434171875 0.5717278718750001 0.861609084375 0.5684147515625 0.8603405203125 0.5442773671875 0.869194259375 0.5350318890625 0.8698283515625 0.5181765140625 0.8811271875 0.52082625625 0.8893719015625001 0.5330989265625 0.8988264390625 0.520063753125 0.9015300328125001 0.5030101250000001 0.8992768484375 0.48829741406249993 0.8807429843750001 0.46861309999999995 0.876036475 0.4597336203125 0.862943471875 0.45072450937499997 0.8589713140624999 0.44364075 0.858620784375 0.43621004843750005 0.851519309375 0.42476089687499996 0.8362733812500001 0.41969016718749996 0.8253501390625001 0.42913389999999996 0.8118235640625 0.474282353125 0.8002493953125001 0.47819022968749997 0.7913122328125 0.4911758421875 0.7920716484375 0.49763433749999997 0.797679353125 0.500829275
0 0.968246778125 0.54980184375 0.9700742375000001 0.5430955328125 0.9764746546874999 0.5396832859375 0.98456075 0.541707765625 0.979036465625 0.534772696875 0.975740303125 0.537887565625 0.9702702640625 0.5314138171875 0.9681798125000001 0.51808506875 0.9706914921875001 0.5038489312500001 0.9636401484375 0.501725325 0.954953253125 0.503490540625 0.9284006421875001 0.5713466578124999 0.9227514156250001 0.5989458546875001 0.9376385875000001 0.614314334375 0.9453157953125 0.6173110203125 0.9481529421875001 0.6058428078125 0.9565394375 0.6059724421875 0.963348740625 0.601587990625 0.971217859375 0.601767184375 0.9873742218749999 0.6126044937499999 0.9877373765625 0.596262525 0.97961258125 0.5841683625 0.968246778125 0.54980184375
0 0.8028456437499999 0.6337583671875 0.80542429375 0.6512390046875 0.79773885625 0.6659707734375 0.8149457999999999 0.66992060625 0.8284308515625 0.6555662875 0.8358910843749999 0.6567176875 0.8406810171875 0.661857034375 0.8487420484375001 0.659218740625 0.8506779968749999 0.6534350718749999 0.8485834296875 0.64897055 0.8531395484375001 0.6298733859375 0.861876571875 0.63743371875 0.8683604109375 0.6302813390625001 0.8674925078125 0.622900203125 0.8581629109375 0.6014011109374999 0.8439517343749999 0.5962312562500001 0.8349977328125 0.586825640625 0.82890594375 0.5706145859375 0.8222634875000001 0.567518775 0.814336009375 0.5757424859375 0.8107645124999999 0.5854149765625001 0.8108980640624999 0.5910003921875 0.8142443593750001 0.5972110703125 0.8141860015625 0.6056139765624999 0.8099886406250001 0.6144133875 0.8036967109375001 0.6187482765625 0.8028456437499999 0.6337583671875
0 0.12707030625 0.7600760656250001 0.144368896875 0.7425573140624999 0.14341757187499998 0.7389163078125 0.13105891875 0.7317029171875 0.1280130234375 0.7235973890625 0.129681865625 0.7066428890625 0.127478809375 0.7012557265625 0.107876903125 0.6947362187499999 0.1028367015625 0.7008172640625 0.100133109375 0.7178708921875 0.1013515421875 0.7326827296875 0.10804413125000001 0.745104090625 0.1068174703125 0.74802070625 0.11046416249999999 0.7523365375 0.1151622515625 0.750020403125 0.12707030625 0.7600760656250001
0 0.1450695765625 0.699570578125 0.149525815625 0.7196704546875 0.181945775 0.79960483125 0.18796236875 0.8018275625 0.20108866406249998 0.7977709953125001 0.1989690328125 0.7886437 0.20017062968750002 0.781064309375 0.1948382578125 0.7713117515625 0.20087130625 0.7380775765625 0.20677941249999998 0.739377665625 0.1942621421875 0.721916084375 0.1937197015625 0.7173028734375 0.1987348375 0.706559053125 0.19797542031249998 0.700100559375 0.18888786875000002 0.685109525 0.1843149125 0.6818154609375 0.17116355 0.6812092546875 0.150827290625 0.6728940265625 0.1450695765625 0.699570578125
0 0.166933659375 0.8187706140625 0.1697124484375 0.815705309375 0.1719237296875 0.80336401875 0.16387092812499998 0.7882738609375 0.1664660328125 0.770297590625 0.1633367140625 0.7659321953125 0.1357822640625 0.762973625 0.1281218953125 0.7823681671875 0.12038632656249999 0.7877743875000001 0.12280635625 0.7950068359375 0.127571225 0.795483409375 0.139504153125 0.781277778125 0.14293386875 0.7837483265625 0.145896340625 0.7955939843750001 0.159473428125 0.8176192140625 0.166933659375 0.8187706140625
0 0.0782200390625 0.7628897140625 0.08172495156250001 0.779348584375 0.08277654062499999 0.8016406859374999 0.09637008124999999 0.78820900625 0.10015855625 0.7803818015624999 0.09948256093749999 0.770183175 0.1034629484375 0.7595384796875 0.10414716875 0.752008653125 0.10186068906250001 0.750361621875 0.08008079375 0.7431177234375 0.0782200390625 0.7628897140625