0 0.8661406953125 0.7944353859375 0.8671813734375 0.7888626046875 0.857568453125 0.779190321875 0.8287204375 0.765510265625 0.8222456671874999 0.7645120859375 0.813001925 0.768150128125 0.795744328125 0.7688402 0.793259175 0.7719565765625 0.7924676953125 0.78129064375 0.799002453125 0.7870633421875 0.8118573843749999 0.7895663203125001 0.8303102546875 0.78757136875 0.8406800328124999 0.7931907203125 0.8534403578124999 0.7962003140625 0.8661406953125 0.7944353859375
0 0.7631244734375 0.7928824375 0.7711729453125 0.7905492749999999 0.772781265625 0.7819367921875 0.7556967703125 0.75622118125 0.743125659375 0.75219835625 0.731715203125 0.7521517875 0.7110356328125 0.74568760625 0.6994359625000001 0.746654271875 0.696726975 0.7560650156250001 0.7032617328125 0.761837715625 0.7136315109375 0.767457065625 0.7277763234375 0.7681485453125 0.736181284375 0.7740978796875 0.7362885765625 0.778619090625 0.7470021640625 0.7874931125 0.7631244734375 0.7928824375
0 0.6324992093749999 0.7178202765624999 0.62562064375 0.70879290625 0.6126111171875 0.7020220265625 0.6001946015625 0.7022671046875 0.59647955625 0.7119694921875 0.6143209109375001 0.73363216875 0.6437019484375 0.7495536625 0.654106346875 0.749891878125 0.6603319140624999 0.7471287703125 0.66209483125 0.74278419375 0.65867285625 0.735629940625 0.6324992093749999 0.7178202765624999
0 0.5359526515625 0.6185474234375 0.52171323125 0.6183625578124999 0.5173705546875 0.6263301265625 0.5227400328125 0.6357949640625 0.522476953125 0.6550388671875 0.527532615625 0.6636362953125 0.5383754296875 0.6667225625000001 0.54796298125 0.6663391890625 0.562211653125 0.6511872624999999 0.563003128125 0.64185319375 0.5447833484375 0.62221698125 0.5359526515625 0.6185474234375
0 0.6746930640625 0.6498425343750001 0.667246853125 0.6438548625 0.6563094328125 0.6412752125 0.64744411875 0.6428867890625 0.640865490625 0.6577320171875 0.641080071875 0.6667744421874999 0.6537365375 0.68562744375 0.666402253125 0.689143653125 0.675551390625 0.6860122265624999 0.6772543203125 0.676893128125 0.6719967609374999 0.6642811046875 0.6746930640625 0.6498425343750001
0 0.7685287203125 0.69260246875 0.7533778515625 0.6922026328124999 0.743575715625 0.6835435828125 0.732259865625 0.6829903984375 0.7342373640625001 0.68768824375 0.72710034375 0.6902363796875 0.7396022171875 0.704821478125 0.7779777953125 0.713343640625 0.7859316609375 0.71151709375 0.7882622203125 0.704132815625 0.7810998312499999 0.6966252953125001 0.7685287203125 0.69260246875
0 0.8875665890625 0.7481825765625 0.8865351609375001 0.7384185671875 0.8802496062499999 0.7364071531249999 0.875726965625 0.7300511625 0.8627174406250001 0.7232802828125 0.8686938062499999 0.7167558875 0.8679462015625001 0.705472028125 0.8552204984375 0.6971812984375 0.8420817421875 0.696198171875 0.83750598125 0.725796903125 0.8682968734375001 0.7494559390625 0.8754938828125001 0.751682325 0.8842645906250001 0.7505773625 0.8875665890625 0.7481825765625
0 0.8724527249999999 0.6864355703125 0.87820525625 0.686205546875 0.884809253125 0.6814159734375 0.8923846875000001 0.681615890625 0.909822246875 0.6952493796875 0.9113013421874999 0.6924246515625 0.9158424828125 0.66810705625 0.913735759375 0.6691969640625001 0.90053701875 0.6634393171874999 0.8849477328124999 0.6602914281250001 0.8599254859375 0.661794815625 0.848265828125 0.6579869609375 0.8351270749999999 0.657003834375 0.8297183499999999 0.6604885265625 0.8240604265625 0.6602119359375 0.8232089625000001 0.664771484375 0.8371899265625 0.6765318546875 0.8506724890624999 0.680769653125 0.8610768875 0.6811078640625 0.8724527249999999 0.6864355703125
0 0.80963179375 0.661040303125 0.805109153125 0.6546843124999999 0.7901821171875001 0.6479901078125 0.7725807125 0.6454255078125 0.750835096875 0.6344784531250001 0.73606265625 0.6320521515624999 0.7299316953125 0.6343086421875 0.72841798125 0.6424145078125 0.7328460140625 0.6492771140625 0.7470508109375 0.654743115625 0.7633277171875 0.6644003453125 0.791049696875 0.66882300625 0.8062951765624999 0.668716228125 0.80963179375 0.661040303125
0 0.708116840625 0.6339238578125 0.7054171046875 0.6279978093749999 0.677325946875 0.610264821875 0.6661047046874999 0.6092050203125 0.6425961734375 0.6026025421875 0.631813346875 0.6042907953125 0.62228578125 0.6094486875 0.6246070890625 0.617401203125 0.65358433125 0.62529350625 0.6678237484375 0.6254783703125 0.685450521875 0.638098625 0.70003375 0.641538159375 0.7050640421875001 0.6400799328125 0.708116840625 0.6339238578125
0 0.5688627312500001 0.620666821875 0.578270321875 0.6059598875 0.5776773109375 0.5989439296875 0.5631287031250001 0.5902232609375 0.5570669828125 0.5819174765625 0.5430513968749999 0.5754382421875001 0.5354759609374999 0.5752383234375 0.529345 0.5774948156249999 0.52792589375 0.5850940625 0.5415284312499999 0.5988808999999999 0.537967978125 0.61285119375 0.5407623218750001 0.618270625 0.545757996875 0.62209353125 0.5585183203125 0.625103125 0.5688627312500001 0.620666821875
0 0.458895509375 0.5878543515625 0.469394515625 0.58768595 0.47275650156250004 0.5900656828125 0.49208620312500007 0.5935668390625 0.49960165156249997 0.5889922375000001 0.5063095046874999 0.5683592546875 0.49905251093749997 0.5613583515625 0.4867652234375 0.5558156750000001 0.45900862187499997 0.55667415 0.45127859062500003 0.5522063265625 0.43477785312500006 0.54884346875 0.426634775 0.55168325 0.422859740625 0.5566111171875 0.4238911671875 0.5663751296874999 0.43114816093749997 0.5733760343750001 0.44751967343750004 0.582526646875 0.44701201875 0.5903408640625 0.45986695 0.5928438421875 0.458895509375 0.5878543515625
0 0.412638946875 0.63083929375 0.4173508015625 0.636182053125 0.43275087343749996 0.640343175 0.44152158124999996 0.6392382140625 0.4470249125 0.635246903125 0.472356346875 0.6422793234374999 0.48587352812500006 0.6412359828125 0.48594276875000003 0.6306737109375 0.43987177656250004 0.612402590625 0.43402463750000003 0.61313923125 0.412638946875 0.63083929375
0 0.2877299453125 0.6534472296875 0.295494596875 0.6526339140624999 0.30301004374999996 0.6480593109375 0.3217121140625 0.64982565 0.331050465625 0.6456809890625 0.331558121875 0.6378667703125 0.32046610625 0.6310192156250001 0.312263040625 0.6290844765625 0.29217648125 0.6296362515625 0.2893821390625 0.62421681875 0.27829012343750004 0.6173692671875 0.26188399375000004 0.6134997890625 0.254024734375 0.6148197203125 0.250533521875 0.6182277390625 0.251848771875 0.6264719000000001 0.267025009375 0.63692739375 0.2717968515625 0.6470446703125 0.2795268796875 0.6515124906249999 0.2877299453125 0.6534472296875
0 0.347771290625 0.5969078046875 0.360566234375 0.5946362625 0.36399746093749996 0.5864537234375 0.3541007171875 0.578301290625 0.33741076406250003 0.5759516625 0.33046295937500003 0.577486565625 0.316980396875 0.57324876875 0.293557221875 0.5814764671875 0.2889653421875 0.5856827484375 0.288741509375 0.5919771171875 0.29709916875000003 0.598179759375 0.308948040625 0.60097438125 0.32064231875 0.5995011 0.327813959375 0.591671828125 0.3353893953125 0.591871746875 0.347771290625 0.5969078046875
0 0.358855809375 0.5120720109375 0.3504635296875 0.51115050625 0.32578509218749996 0.5159085625000001 0.31134720625 0.5320737249999999 0.3104957421875 0.5366332734375 0.31693589218749996 0.5429125906250001 0.3260504109375 0.5450622984375 0.338750746875 0.5432973718749999 0.3530594046875 0.5329199640625 0.36293078125 0.5310167421875 0.36752265781250004 0.526810459375 0.3691309796875 0.518197978125 0.358855809375 0.5120720109375
0 0.46843471562500005 0.5112936312499999 0.46140155624999996 0.49799835937500003 0.4681947671875 0.4921955515625 0.46898624218749996 0.48286148281249996 0.46528044843750005 0.47722708125 0.45198710000000003 0.47197605 0.43938137343749994 0.47323435937499997 0.4226821671875 0.48622152500000004 0.419629371875 0.4923775984375 0.43304269218749997 0.50717766875 0.4375307125 0.5188147953125 0.45648198281249996 0.52434241875 0.46663717968749996 0.5209193453125 0.46843471562500005 0.5112936312499999
0 0.5961072 0.5308272890625 0.5871219109375 0.5228898281250001 0.58008875 0.509594553125 0.568902128125 0.503253615625 0.5567694328125 0.50197884375 0.5509476624999999 0.5127711406250001 0.5544296203125 0.5246999140625 0.545340471875 0.532605859375 0.5449874109375 0.544687984375 0.5553571890625 0.550307334375 0.5693127875 0.5520120484375 0.581703934375 0.5417113140625001 0.5944988796875 0.5394397718749999 0.5961072 0.5308272890625
0 0.646701125 0.5281294109375 0.640740875 0.5600462515625 0.6646878234375 0.5693967828125001 0.665126240625 0.5721448375 0.674584565625 0.5775492156250001 0.6863388328125 0.5808504546875 0.70139509375 0.5817569078125 0.7006128703125001 0.575754184375 0.7110265203125 0.56075560625 0.7129879015625 0.540061003125 0.677630496875 0.5306639015625 0.646701125 0.5281294109375
0 0.7920326140625 0.6110682203125 0.804862178125 0.603515540625 0.8131598515625 0.6049436625 0.8158780906249999 0.5801961265625 0.81264533125 0.5720286406249999 0.8025593750000001 0.564889440625 0.7924387984375 0.5630313765625 0.784484934375 0.564857925 0.775610365625 0.5818062953124999 0.7689463828124999 0.5818213484375 0.764852909375 0.5935502031250001 0.76333919375 0.6016560671875 0.7680510484374999 0.606998825 0.78052755 0.61152826875 0.7920326140625 0.6110682203125
0 0.925981403125 0.647950084375 0.9291634249999999 0.6360062578125001 0.9266275359374999 0.6190113203125 0.9166361875 0.611365503125 0.9197835890625001 0.6047028140624999 0.910609084375 0.5977785843750001 0.8960258578125 0.59433905 0.875810071875 0.6006785765625 0.870117528125 0.6056831218750001 0.8669008843749999 0.6229080828125 0.8718619390625 0.632012128125 0.8699098093750001 0.6373699390625001 0.9142871250000001 0.6494233656249999 0.9217679515625001 0.6501299 0.925981403125 0.647950084375
0 0.9056329234374999 0.5347201 0.8965184078125 0.5325703921875 0.8858301875000001 0.5337520265625 0.883345034375 0.5368684 0.8822351171875 0.5530034546875 0.8926159124999999 0.57063053125 0.9218405984375 0.5799342000000001 0.9232413015625 0.5657988515625 0.905021409375 0.558377728125 0.9143943796875 0.54895193125 0.913173740625 0.5402011546875001 0.9056329234374999 0.5347201
0 0.8422697171875001 0.5224201875000001 0.8311430828124999 0.5208537703125 0.82096251875 0.5142211859375 0.7609612984375 0.5043010078125 0.7485101625 0.5098272203125 0.749068553125 0.522124315625 0.7625511140625 0.5263621125 0.767701384375 0.5344529234375 0.7866526578124999 0.5399805468750001 0.7908661078125 0.53780073125 0.8269457484375 0.548426034375 0.8278918203125001 0.5433598703125 0.8397753124999999 0.5408733546875 0.8422697171875001 0.5224201875000001
0 0.7116173609375 0.49336485625000004 0.6894586968749999 0.489725403125 0.6680915093750001 0.47675188281249997 0.6588823859375 0.47510879062500005 0.653757484375 0.4770736359375 0.65205455625 0.4861927328125 0.6657517000000001 0.499472953125 0.67722214375 0.5042940406249999 0.694728940625 0.5073652578125001 0.7081168953125 0.5121096703125 0.7190889359375 0.5094081828125 0.72069725625 0.5007957046875 0.7116173609375 0.49336485625000004
0 0.5917095265625 0.47301788437500003 0.5766625125 0.45677463906250004 0.56293075 0.44877555625000004 0.55176949375 0.4524902734375 0.549249721875 0.460887784375 0.5520440640625 0.4663072171875 0.5621300203125 0.47344641562499995 0.56696185 0.48833821562499996 0.57349660625 0.49411091406249996 0.5833333609375 0.497488828125 0.5963175203125 0.4942040515625 0.59764201875 0.48711141874999997 0.5917095265625 0.47301788437500003
0 0.5041423265625 0.47634742656249995 0.509018025 0.4706212953125 0.5122692859375 0.448115196875 0.5078758750000001 0.43597145312499996 0.47572586250000004 0.4246861828125 0.46906187812500005 0.4247012359375 0.46189023906250004 0.432530509375 0.4446672625 0.42793944531249994 0.439069325 0.43243737187500003 0.44114143125 0.4366286 0.43670414687500003 0.4451027859375 0.4613733328125 0.4556815203125 0.4718977046875 0.4655687734375 0.4676842546875 0.46774858906250005 0.5041423265625 0.47634742656249995
0 0.37735451875 0.433568603125 0.3812933984375 0.41757184531249997 0.377492996875 0.41244405781250004 0.3623767453125 0.4067630859375 0.3493925859375 0.4100478625 0.33792214375 0.40522677500000004 0.3349385859375 0.4008205734375 0.331198171875 0.4004673078125 0.33449091875 0.4134093140625 0.3423755421875 0.4221450375 0.3447568359375 0.434872071875 0.352486865625 0.43933989531249995 0.366442465625 0.441044609375 0.374396328125 0.439218059375 0.37735451875 0.433568603125
0 0.506139309375 0.38090117343749996 0.5002321828125 0.37686329375 0.48090248124999996 0.37336213749999997 0.47769508906249997 0.3752503078125 0.43406537968750003 0.3744807421875 0.4239701734375 0.382678334375 0.4230840859375 0.3925190203125 0.44090007499999995 0.404126040625 0.46676453125000006 0.413399896875 0.4778311796875 0.41019179531249994 0.5035849156250001 0.3945798203125 0.5079875796875 0.3913867703125 0.506139309375 0.38090117343749996
0 0.6244042015625 0.4151417640625 0.6188755031250001 0.40907741875000003 0.600741075 0.404271384375 0.58995825 0.405959634375 0.5859940015625 0.41190073906249997 0.5783239578125 0.41220743593750003 0.56531443125 0.40543655625 0.551986465625 0.40546666406250004 0.5459154921875 0.412497671875 0.549432071875 0.41914531093749996 0.5563452578125 0.42289154375000004 0.5937147781250001 0.4317053515625 0.6223574640625 0.4210061921875 0.6244042015625 0.4151417640625
0 0.7283004484375 0.45498524375000005 0.7205104312499999 0.4457429015625 0.7091345953125 0.4404151984375 0.698102565625 0.4383421625 0.698610221875 0.43052794531250005 0.6856606828125 0.42853158437500005 0.6680938984375 0.4206858484375 0.654920525 0.4249838578125 0.6558573437499999 0.43525448593749994 0.675556221875 0.45206596875000005 0.6987809328125001 0.4601882953125 0.72141263125 0.4612946671875 0.726821353125 0.457809971875 0.7283004484375 0.45498524375000005
0 0.8383461609375 0.4618986484375 0.840203684375 0.45704745312500006 0.8368763187500001 0.4493865828125 0.822482303125 0.4449338140625 0.7923951437500001 0.4531765671875 0.778817975 0.44944538749999996 0.766401459375 0.4496904640625 0.7613365453125 0.456429828125 0.76331404375 0.46112767187500003 0.77258315625 0.46754528593750005 0.802128040625 0.47239789062500004 0.8128762484375001 0.4759907734375 0.8196348390624999 0.47546910468750003 0.8279071437500001 0.46684156874999994 0.8383461609375 0.4618986484375
0 0.9470235015625 0.4965226125 0.9159741546875001 0.48443907968750005 0.8862400562499999 0.48059970781250005 0.8785700125 0.4809064078125 0.8702377203125 0.4847594234375 0.87155296875 0.49300358437499997 0.8818281375 0.49912955 0.8976066390625 0.5012642078125 0.9035483859375001 0.50002095 0.9341593171874999 0.5093564265625 0.9483987359375 0.5095412921875 0.951640746875 0.5023719859375 0.9470235015625 0.4965226125
0 0.887463084375 0.433284453125 0.9128545046875001 0.44509139218750005 0.9442222953125 0.45037393750000004 0.9485303515625001 0.44768750625 0.9500440671874999 0.43958164218749995 0.9470605093750001 0.43517544218750004 0.9399581093749999 0.43244244218750005 0.9420994531250001 0.426071396875 0.9394943250000001 0.41963873124999995 0.93512628125 0.41755064375 0.9430201578125 0.41094957499999996 0.89620961875 0.3940908203125 0.8793823812499999 0.38483272031250004 0.8625032140625001 0.383496328125 0.8638438296875 0.40179614375000006 0.8719684046875 0.429629946875 0.887463084375 0.433284453125
0 0.8405937531250001 0.3836181609375 0.83742098125 0.38022519374999997 0.8172744359375 0.3760024515625 0.8111088562500001 0.3835400765625 0.81075579375 0.3956221984375 0.7965763625 0.40021185312499996 0.7970401484375 0.41301556406250006 0.809232828125 0.41906485625 0.8177197156249999 0.4194797453125 0.8276856968749999 0.4170699046875 0.8391653937499999 0.4065542015625 0.8424420250000001 0.394103759375 0.8405937531250001 0.3836181609375
0 0.6236843515625 0.35784752656249996 0.6257310890625 0.3519831 0.622936746875 0.346563665625 0.615017503125 0.343109078125 0.6047077125 0.3422642484375 0.58775930625 0.3514901265625 0.5831074390625 0.3509218890625 0.5757812062500001 0.35448325625 0.578480940625 0.3604093046875 0.5743620984375 0.36208250625 0.5746113 0.3658437921875 0.58253054375 0.3692983796875 0.5991605109375 0.36687348750000004 0.6102871453125001 0.36843990625 0.6236843515625 0.35784752656249996
0 0.4819109265625 0.31700445625 0.46157516875000004 0.313794946875 0.4548765640625 0.3190911375 0.454558121875 0.32589212343749996 0.46597114062499995 0.33951534687499996 0.471891821875 0.35536901875 0.48106632656250004 0.3622932484375 0.4929152 0.365087871875 0.5010582765625 0.3622480890625 0.49903004375000004 0.3374389328125 0.4804318328125 0.3198291859375 0.4819109265625 0.31700445625
0 0.3612345953125 0.37211324375 0.3746571703125 0.371576521875 0.37525943281249996 0.3632556859375 0.365904965625 0.3420078953125 0.367324071875 0.3344086484375 0.3448216 0.327514525 0.34079736562499996 0.3286811078125 0.3290431 0.32537986874999997 0.3284062171875 0.3389818421875 0.322300625 0.35129398749999996 0.3255680015625 0.3541803375 0.3240796546875 0.3723418578125 0.335266278125 0.3786827953125 0.34265249999999997 0.379895946875 0.354346778125 0.378422665625 0.3612345953125 0.37211324375
0 0.27936811562499997 0.2943556828125 0.29303989375 0.297580246875 0.2949227828125 0.3027847078125 0.309471390625 0.3115053796875 0.312987971875 0.3181530171875 0.339927728125 0.316572953125 0.34483804687499997 0.3055656875 0.3347267234375 0.28837083125 0.3359912359375 0.27650368125 0.3430336484375 0.27446215937499996 0.34115075625 0.2692576984375 0.29445213593749997 0.24925175781250003 0.279395871875 0.2483453046875 0.2647434046875 0.2554680421875 0.2721896125 0.2614557140625 0.2737886828125 0.2681800265625 0.2658255671875 0.2853433671875 0.270941215625 0.2987153125 0.27559308125 0.29928355156249997 0.27936811562499997 0.2943556828125
0 0.380511328125 0.21658963125000003 0.36765639375000003 0.21408665624999998 0.3594187109375 0.2174330546875 0.351834021875 0.23256992968749998 0.34230645625 0.237727821875 0.34170419375 0.2460486578125 0.3509733046875 0.25246626875 0.362005334375 0.2545393046875 0.3911810421875 0.24608158125 0.3937008140625 0.237684071875 0.3889635953125 0.2222856578125 0.380511328125 0.21658963125000003
0 0.47763062500000003 0.27368051250000003 0.4864959421875 0.272068934375 0.48861191875000004 0.2556422359375 0.4836508640625 0.24653819062500001 0.470262909375 0.2417937765625 0.4605807484375 0.2426837671875 0.4571495234375 0.25086630468750004 0.4589378078125 0.256577384375 0.44538600625 0.262901859375 0.44305544843750005 0.27028613749999997 0.45122389218750003 0.27750201093750004 0.46417343281249995 0.27949837187500004 0.47203268906250007 0.2781784390625 0.47763062500000003 0.27368051250000003
0 0.59329964375 0.28615164531250004 0.5967055015625 0.26791345 0.5900161484375 0.257872846875 0.5775396453125 0.25334340312500003 0.571881721875 0.2530668125 0.5644608812499999 0.257134796875 0.5625341171875 0.2725482640625 0.553823396875 0.27842774375 0.5513036234375 0.2868252546875 0.5550094171875 0.292459659375 0.5620172109375 0.2956992765625 0.5721377875 0.29755733906250004 0.5821037687499999 0.2951475 0.59329964375 0.28615164531250004
0 0.234903646875 0.152277015625 0.24310671250000002 0.154211753125 0.25382954999999996 0.1477489796875 0.2632878765625 0.1531533609375 0.272686215625 0.1537832203125 0.30464701562499996 0.1660817234375 0.31150946562500004 0.14971664375 0.3146315 0.13299829999999999 0.311364121875 0.13011195 0.301432759375 0.1272406515625 0.29345352812500003 0.11901154375 0.2850612484375 0.1180900390625 0.2747860765625 0.11196407187499999 0.2598244203125 0.11055100312499999 0.23803493437499998 0.12022187656250001 0.22389012187500001 0.11953039531250001 0.21628006718749998 0.1246116125 0.2139495078125 0.131995890625 0.218472146875 0.1383518828125 0.23157628125000002 0.1446161453125 0.234903646875 0.152277015625
0 0.2407088953125 0.1946658078125 0.2593417265625 0.2069944171875 0.29671124843749996 0.21580822500000002 0.30831092031249996 0.214841559375 0.3102976703125 0.2042026125 0.30285146093750004 0.1982149421875 0.30071936875 0.1892491921875 0.30421058125 0.185841175 0.2994041203125 0.1810050328125 0.284477084375 0.17431082656250002 0.27316123281250004 0.1737576421875 0.26907701093749997 0.1701497046875 0.24930889375 0.16390049375 0.24286874374999998 0.157621178125 0.2349748671875 0.16422224531250001 0.23084677187499997 0.1812322375 0.23172360468750003 0.1867283453125 0.2407088953125 0.1946658078125
0 0.42229600156249997 0.167430453125 0.41221004531250005 0.160291253125 0.397532209375 0.1573583375 0.38354199218749996 0.1609347578125 0.3460178765625 0.14785304531250001 0.33671414375 0.14671657031250002 0.3306431703125 0.1537475796875 0.32881101562500004 0.16865443125 0.33280063125 0.172768984375 0.347418478125 0.1709273828125 0.39242342343750003 0.1847156296875 0.413077625 0.18112415312500002 0.4215991296875 0.17625790624999998 0.42229600156249997 0.167430453125
0 0.5155829046875 0.1876501921875 0.5000028703125 0.1691655109375 0.4772165765625 0.1637912375 0.4719970671875 0.1662626984375 0.4708617828125 0.1723420953125 0.484145878125 0.19292991875 0.48037084375 0.1978577875 0.4825029359375 0.2068235375 0.490671384375 0.21403941093749998 0.5033371 0.21755562187500002 0.5136815109375 0.21311931562500003 0.5184718546875 0.19256300937499998 0.5155829046875 0.1876501921875