0 0.1963640921875 0.6917373828125 0.166110790625 0.6957021343750001 0.15534722343750001 0.701966428125 0.155629121875 0.707687315625 0.16790897656249998 0.7134696140625 0.180885046875 0.714655921875 0.1918536296875 0.7125522734375 0.20977153906249998 0.7204032312499999 0.2227732359375 0.7221096203124999 0.22998311718750003 0.718626865625 0.230448690625 0.7093501484375 0.2284155765625 0.7055401109375 0.2115014125 0.69933413125 0.20287775312499998 0.69285061875 0.1963640921875 0.6917373828125
0 0.2824885375 0.7063417078125 0.2695637203125 0.7061955609375 0.249296603125 0.7255699359375 0.24973226406250001 0.7344113078125 0.2573521796875 0.7392498421875 0.2739588171875 0.739214853125 0.2857005 0.7340754578124999 0.28640953125 0.729739509375 0.29548595 0.7266862656249999 0.30951701875 0.7305577140625 0.3204856015625 0.728454065625 0.3276954828125 0.7249713109375 0.32628170624999997 0.715005040625 0.31497997031249997 0.710347640625 0.2937390203125 0.7099589468749999 0.2824885375 0.7063417078125
0 0.396091115625 0.7086166890625 0.3679221828125 0.7174316390625 0.363595396875 0.723248925 0.36475290312499997 0.7280143875 0.37051909375 0.7326834515625 0.3808170875 0.7356958734375 0.4118947421875 0.7297355359375 0.43236687656250006 0.7145218078125 0.43000060937500006 0.703950721875 0.4177976375 0.699728665625 0.4040740953125 0.7020981843749999 0.396091115625 0.7086166890625
0 0.504478321875 0.643642740625 0.49528658124999997 0.6443556187499999 0.47471193749999996 0.6574890250000001 0.4742463640625 0.6667657421875 0.48626566093749996 0.6859854000000001 0.49566241875 0.6894331671875 0.5067591375 0.6899299234375 0.5128883921875 0.6832419468750001 0.5151970203125 0.6645555765625 0.5217512656250001 0.6571298515625 0.5185350171875001 0.64803426875 0.504478321875 0.643642740625
0 0.3635826359375 0.6293642953125 0.3643130109375 0.64418659375 0.35744909687500004 0.6546904390625 0.3579103859375 0.6640518921874999 0.3665084171875 0.6700153249999999 0.379458859375 0.670681553125 0.39444670312499996 0.6565196484375 0.395864765625 0.6478477484375 0.3913628765625 0.6313863046875 0.38284172656250004 0.6269831109374999 0.37171938125000004 0.6259662765625 0.3635826359375 0.6293642953125
0 0.2654078390625 0.6405806578125001 0.2524830234375 0.6404345109375 0.2444231609375 0.6453927734375 0.24573443125 0.6532787203125 0.2533287171875 0.657597175 0.29228255625 0.6616761796875 0.30654855625 0.6515901859375 0.299855503125 0.6468363859374999 0.30243107343750003 0.6429299484375 0.2912062171875 0.6398327890625 0.2803913953125 0.645056921875 0.2654078390625 0.6405806578125001
0 0.14946889531250002 0.6470665484375 0.1430064875 0.646993475 0.1406871890625 0.65610071875 0.1436215390625 0.6594754109375 0.1521170609375 0.663358521875 0.15950633125 0.66351633125 0.1930057921875 0.6505290734375 0.19244628125000002 0.6204491296875 0.17936770156249998 0.6171824984375001 0.1657210390625 0.6211122625 0.1634786234375 0.631779746875 0.1684973421875 0.6400046390624999 0.1547737984375 0.6423741578125 0.14946889531250002 0.6470665484375
0 0.139213671875 0.57002153125 0.1254388734375 0.5713508921875 0.1235082671875 0.5696211765625 0.12473837031249999 0.59458505 0.12581899531250001 0.5977902703125 0.1448218140625 0.5902082796875 0.1523135921875 0.5924464125 0.158182290625 0.5991957984375 0.1638203453125 0.6012644593750001 0.17574141875 0.5997656265625 0.1860394109375 0.6027780484374999 0.1998910921875 0.60300893125 0.2152377140625 0.5961281578125 0.2150070703125 0.59144743125 0.2093946421875 0.589898853125 0.2045296875 0.5847944453125 0.19145110625 0.581527815625 0.1794531546875 0.5814664031250001 0.15499595625 0.5719821296875 0.139213671875 0.57002153125
0 0.25002281718749997 0.590506765625 0.234419921875 0.59218673125 0.2291150203125 0.596879121875 0.231378778125 0.6053698859375001 0.24638796406250002 0.61036623125 0.2742963375 0.6149886421875 0.29162482343749996 0.6108777453124999 0.306352109375 0.6101532015625 0.311631384375 0.6049407328124999 0.3112213515625 0.5966194406249999 0.3054807859375 0.5924704578125 0.2905997375 0.590074515625 0.26771008125 0.593676996875 0.25002281718749997 0.590506765625
0 0.36626928593749997 0.59026184375 0.33622100312500003 0.5983872406249999 0.332769825 0.6032491015625 0.334956703125 0.6101796234375 0.339719146875 0.6132037078125 0.35454894375 0.6145594890625 0.373603015625 0.6080176609375 0.3876597125 0.612409190625 0.41726805 0.6140805890625 0.42061671875 0.60713840625 0.411916178125 0.5990946484374999 0.401515678125 0.5940019046875 0.3774685125 0.592838921875 0.36626928593749997 0.59026184375
0 0.481477609375 0.6075411468749999 0.4659772234375 0.6113014375 0.46445664999999997 0.6178930125 0.471764753125 0.63512875 0.48136652968750004 0.6427371609375 0.49434259999999997 0.64392346875 0.4997756375 0.641831484375 0.5032524421875 0.637489703125 0.5016080203125 0.6228427078125 0.5168521359375 0.6138816109375 0.5164677281250001 0.6060804015625 0.5107271671875 0.6019314171875 0.5032353859375001 0.599693284375 0.488559353125 0.6014579890625 0.481477609375 0.6075411468749999
0 0.5613201796875 0.5987907031249999 0.5484722453125 0.6002047984375001 0.54038675625 0.604642978125 0.54424368125 0.626740575 0.55103924375 0.6335746984374999 0.5705546046875 0.636394321875 0.5741851718750001 0.6351730250000001 0.5845087906249999 0.638705528125 0.5828857125 0.6432167828125 0.5958874109375001 0.644923171875 0.5964298640625 0.637206696875 0.613783975 0.6336158796875 0.6218694640625 0.6291776984374999 0.6241887609375001 0.62007045625 0.6211262765625001 0.6140953609375 0.6134807343750001 0.60873674375 0.5967715890624999 0.6066914078125001 0.5885579640625 0.6085291859375 0.5613201796875 0.5987907031249999
0 0.6056434562499999 0.6711293671874999 0.599979775 0.6685406281249999 0.5521417203125 0.67141546875 0.5508005390624999 0.681647609375 0.5639816265625 0.6869945656249999 0.5898825140625 0.68832701875 0.594773096875 0.69395150625 0.60326861875 0.6978346171875 0.61899965 0.698755053125 0.62435580625 0.6951028265625 0.6056434562499999 0.6711293671874999
0 0.7235039390625 0.72562279375 0.71516218125 0.724860165625 0.7033179875 0.727919240625 0.702775534375 0.7356357140625 0.7114248203125 0.7426393109375 0.7300902 0.7469344375 0.7368857609374999 0.7537685609375 0.74442879375 0.75704685625 0.752770553125 0.75780948125 0.7609841765625001 0.755971703125 0.767036553125 0.7477234890625 0.78338691875 0.7424876921875 0.7857830984375 0.734940690625 0.7827974953125 0.7305258359375 0.7752288328125 0.7267274625 0.7585453156249999 0.725202209375 0.7467011234375 0.72826128125 0.7432243187500001 0.7326030625 0.7235039390625 0.72562279375
0 0.705812440625 0.6661911625 0.6890520390625 0.66310566875 0.6782115906249999 0.66780971875 0.680500975 0.6768205625 0.69280645625 0.6831229421875 0.7056800171875001 0.6822289265625 0.713171796875 0.684467059375 0.719194259375 0.69433693125 0.7305216234375 0.6995144109375 0.74257083125 0.700615984375 0.7516344359375 0.6973027 0.752253775 0.69114646875 0.7482900515625001 0.6856067171875 0.7263059171874999 0.670135684375 0.7124542375 0.6699048015625 0.705812440625 0.6661911625
0 0.7015967437499999 0.599362390625 0.6932037296875 0.5975596015625 0.6822607734374999 0.60018333125 0.682696434375 0.609024703125 0.6866601546875 0.6145644546875 0.69613379375 0.619572465625 0.708849309375 0.6341961359375 0.7211291609375 0.6399784328125 0.730397784375 0.640825796875 0.7375820375 0.636822959375 0.7373513921875 0.6321422343750001 0.7252808421875 0.6118824109375 0.7015967437499999 0.599362390625
0 0.58810953125 0.543253228125 0.594029484375 0.551042775 0.585324659375 0.5616371874999999 0.5858115749999999 0.5715187203125 0.5953620953125001 0.5780869703125 0.614774946875 0.5788262703125 0.620750440625 0.5690178125 0.6359433015625 0.5590165546875 0.6337564234374999 0.5520860328125 0.619033421875 0.5341724046875 0.606779196875 0.5289101890625 0.592978771875 0.5297194671875001 0.5885751046875 0.5339765125 0.58810953125 0.543253228125
0 0.4755235421875 0.5241587640625001 0.466818715625 0.5347531765625 0.45690513125 0.5395419640625 0.45734079375 0.5483833375 0.46964627343750004 0.5546857140625 0.480482434375 0.5686198328125001 0.49446225000000005 0.57145111875 0.505430834375 0.5693474703125 0.5066951328125 0.5575550859375 0.49879332187500003 0.5469956640625 0.5038163234375 0.5365823859375001 0.4995194515625 0.5242815843749999 0.4873933609375 0.5216197703125001 0.4755235421875 0.5241587640625001
0 0.407408084375 0.5206956640625 0.3765909890625 0.513218640625 0.340494615625 0.5109540875 0.339665978125 0.5315878406250001 0.34792657031249996 0.54942839375 0.3463547453125 0.554979809375 0.361312675 0.55893599375 0.3733362578125 0.5595174843749999 0.383377978125 0.5573290984375 0.3841767046875 0.55481343125 0.40902259531249996 0.553460746875 0.407408084375 0.5206956640625
0 0.23374741562499998 0.516727096875 0.2331237921875 0.541521496875 0.24149117968749997 0.5428042046875 0.25312606875 0.554222653125 0.2644021765625 0.5583599734375 0.2773013671875 0.5579860390625 0.28265752499999997 0.5543338125 0.2822474890625 0.5460125203125 0.2797787140625 0.5333611125 0.273213796875 0.531207715625 0.2667300453125 0.51197639375 0.259135759375 0.5076579375 0.2489146484375 0.5062057578125 0.2380229453125 0.5098696484375 0.23374741562499998 0.516727096875
0 0.1302976265625 0.5145177609375 0.1194315515625 0.5187017328125 0.1146648203125 0.5343158156250001 0.11620673125 0.5468824890625 0.12006794531250001 0.5503419171874999 0.127534096875 0.5520599703125 0.1728734625 0.55465180625 0.17166470312499998 0.5488461828125 0.17776833125 0.541638125 0.1768970078125 0.523955384375 0.171955171875 0.5172907328125 0.15287975781250002 0.5046743140625 0.13804996249999998 0.5033185328124999 0.128085121875 0.507067159375 0.1302976265625 0.5145177609375
0 0.1513680703125 0.4439607890625 0.1432056984375 0.44683872812500003 0.140835146875 0.454905809375 0.148813840625 0.46702547499999997 0.1298690515625 0.4683512484375 0.12936315625 0.48246461093750004 0.1594036625 0.48285114531250006 0.171985396875 0.46914388125000006 0.17304467968749998 0.453190853125 0.1710115640625 0.449380815625 0.160636690625 0.4448081515625 0.1513680703125 0.4439607890625
0 0.23754062812500001 0.4513211828125 0.2266232984375 0.45446499375 0.2154496984375 0.4524079953125 0.2154454109375 0.4710461640625 0.22682403125 0.477263809375 0.22708030156249998 0.4824646140625 0.2640522828125 0.48377374531250006 0.26791349375 0.4872331734375 0.2873263453125 0.48797247343750005 0.293481228125 0.4818045796875 0.3073329078125 0.4820354625 0.30952406875 0.47032781406249996 0.2979916875 0.46098968749999997 0.23754062812500001 0.4513211828125
0 0.370397828125 0.4698495078125 0.3480762546875 0.46625559531249994 0.33813704218749996 0.4705243046875 0.338572703125 0.47936567343750003 0.349024459375 0.48549858125 0.3628505109375 0.4852093828125 0.3805121453125 0.4878595328125 0.392458846875 0.4868807828125 0.407728590625 0.47843976875000005 0.4072673015625 0.469078315625 0.4024792265625 0.46553414843749996 0.3931849765625 0.4641667046875 0.370397828125 0.4698495078125
0 0.48594808125 0.4742005765625 0.46895275 0.4850725234375 0.46122604218749996 0.4967918328125 0.46158482031250003 0.5040729640625 0.47394155624999995 0.5114155031250001 0.48408578437500005 0.511307440625 0.49129566562500004 0.5078246859375 0.49804425781250006 0.49498047968750003 0.5089359609375 0.4913165890625 0.5124127656249999 0.48697480625 0.5110502421875001 0.4780486984375 0.50054723125 0.4708756296875 0.48594808125 0.4742005765625
0 0.5565088140625 0.476168859375 0.5505589484375 0.4864974 0.55075968125 0.5092962140624999 0.55480028125 0.5163962078125001 0.5918747718749999 0.519785659375 0.588013559375 0.5163262296875 0.5997039875 0.5101466734375 0.6254254859375 0.5078385625 0.6221836109375001 0.498222903125 0.62478480625 0.4948365453125 0.6198685968750001 0.48869197656249996 0.6022838421875 0.4876020671875 0.5962613796875 0.477732196875 0.5896964625 0.4755788015625 0.5565088140625 0.476168859375
0 0.703786328125 0.49463368750000003 0.6881321781249999 0.4952734921875 0.6837028843749999 0.49901045625 0.685449815625 0.5157377750000001 0.687611065625 0.5221482156249999 0.6952053515625 0.526466671875 0.7091851671875 0.5292979578125 0.7173987921875 0.52746018125 0.7214436765625 0.5159220062500001 0.730379146875 0.5100083203125 0.735350896875 0.49855488125 0.731617821875 0.49769585625 0.7280897625 0.5009974749999999 0.7161430625 0.501976228125 0.703786328125 0.49463368750000003
0 0.571928478125 0.4214858203125 0.5655685765625 0.42349307031250005 0.5623480437499999 0.43303565624999996 0.5662605093749999 0.4375352484375 0.5895559171875 0.46089222812499997 0.6000332984375001 0.46754521406249994 0.626758540625 0.4668820828125 0.64586386875 0.46138041718749995 0.6463038125 0.45158361718749995 0.6374495109375 0.440419378125 0.5943525609375 0.42716005625 0.5914438375 0.4243054453125 0.571928478125 0.4214858203125
0 0.46922616250000004 0.4157206578125 0.4507145453125 0.41454601249999995 0.4444571546875 0.41863358437500003 0.44569154062500005 0.4249592890625 0.47248937812499997 0.44449456718749997 0.5104907296875 0.44796875625 0.5178031203125 0.44656632343749997 0.5221555328124999 0.44126911562500004 0.5171111859375 0.4325241453125 0.503981353125 0.42821735156249996 0.49025780937499996 0.430586871875 0.48274040312500005 0.427828659375 0.4796266625 0.4208134015625 0.46922616250000004 0.4157206578125
0 0.3575883765625 0.415869178125 0.345667303125 0.41736800937499996 0.33675746093750003 0.423801778125 0.3378380875 0.427006996875 0.34270304218750003 0.4321114046875 0.365152753125 0.43830572031250004 0.389123034375 0.4379084625 0.410778303125 0.4279802765625 0.413071975 0.418352953125 0.4006639859375 0.4099702515625 0.38230613125 0.411916090625 0.36927880625 0.409689621875 0.3687363515625 0.417406096875 0.3575883765625 0.415869178125
0 0.24528857187500003 0.383857434375 0.2305100296875 0.3835418140625 0.226208871875 0.38987918125 0.22739200624999997 0.3951647265625 0.237019409375 0.40329321875 0.2440199859375 0.41428798593750005 0.25061053125 0.41696146250000005 0.2616816234375 0.41693813750000003 0.291443721875 0.421730021875 0.301434190625 0.41850147499999996 0.3040097609375 0.4145950390625 0.299917903125 0.4064548828125 0.2877149328125 0.402232828125 0.273837625 0.4014818625 0.24528857187500003 0.383857434375
0 0.1478868734375 0.3920380484375 0.11567734062499999 0.39375300625 0.11034681093750001 0.3979253140625 0.1125849421875 0.405895996875 0.1266416390625 0.4102875265625 0.1580524453125 0.4110882359375 0.16374175468750002 0.4141970578125 0.17957529375 0.4171978171875 0.1905182484375 0.4145740875 0.19291442812499998 0.40702708593750003 0.1852176328125 0.4006283078125 0.1777002265625 0.3978700953125 0.1478868734375 0.3920380484375
0 0.1238269375 0.33444048125000003 0.1202988796875 0.3377421015625 0.12070891406249999 0.3460633921875 0.1245957515625 0.35004290312499997 0.1562115765625 0.3550042578125 0.1828086828125 0.35174072343749996 0.198565340625 0.353181240625 0.21028567968749998 0.3288835953125 0.21404866875 0.3116245328125 0.1972370125 0.3074988765625 0.17941947187500001 0.311047325 0.13104110468750002 0.3123195578125 0.1379391734375 0.32123400156250004 0.1333561171875 0.3218504828125 0.1299305671875 0.3272324265625 0.13119058125 0.3340782109375 0.1238269375 0.33444048125000003
0 0.239202084375 0.316512815625 0.235622771875 0.318774275 0.23240223750000003 0.3283168609375 0.233969778125 0.341403615625 0.24387907968750003 0.355252996875 0.2533783453125 0.36078108593749997 0.2617969875 0.3631039546875 0.2746192953125 0.361169778125 0.2767848296875 0.3489420515625 0.263424353125 0.3399545328125 0.2646886515625 0.3281621484375 0.2596186796875 0.3188970953125 0.239202084375 0.316512815625
0 0.463319065625 0.352016603125 0.4550541859375 0.35281421874999996 0.45157738125 0.357156 0.45281176875 0.36348170468749996 0.464600421875 0.3780206390625 0.47577402187500006 0.380077634375 0.4918382046875 0.38775912031250004 0.5001030828124999 0.3869615046875 0.50085055625 0.3834056765625 0.4970149734375 0.3804663265625 0.5004661484375 0.37560446718749996 0.49372184218750004 0.3698105046875 0.4890619046875 0.3688667421875 0.4735914296875 0.3545089453125 0.463319065625 0.352016603125
0 0.5979703562500001 0.3695041734375 0.59905098125 0.37270939375 0.5783738296875 0.3837624765625 0.5730646421875 0.407093034375 0.5807101828125 0.41245165000000006 0.59275939375 0.413553221875 0.6027242328125 0.4098045953125 0.6106741718750001 0.3963800734375 0.6237388234375 0.38687439375 0.62433253125 0.38019808125 0.61843820625 0.3729286140625 0.5979703562500001 0.3695041734375
0 0.708565915625 0.4231050984375 0.708950321875 0.4309063078125 0.696896828125 0.44844290468750003 0.69638 0.4566794609375 0.7095354609375 0.46150633281250003 0.7154810421875 0.4698159609375 0.7268084046875 0.47499344218750006 0.7342489296875 0.47619141249999997 0.7461187484375 0.4736524203125 0.7470755234374999 0.4556190671875 0.7506804625 0.453877690625 0.746306709375 0.44001664687500003 0.7474941281249999 0.426664021875 0.7354705453125 0.42608253281249997 0.7316605890625001 0.4236632625 0.708565915625 0.4231050984375
0 0.7471691484375 0.3771882828125 0.746831709375 0.3890654015625 0.7345731984375 0.40244135312499996 0.737943209375 0.4146574171875 0.764279759375 0.42483124375000003 0.768632171875 0.41953403749999996 0.7841325578125 0.4157737484375 0.7866825000000001 0.4113472296875 0.8005854328125 0.412618275 0.80364791875 0.418593371875 0.8083078562500001 0.41953713437499995 0.8151333296875001 0.40825316875000006 0.8095764421875 0.3891065828125 0.812049503125 0.3831198234375 0.8201862468750001 0.3797218046875 0.8066976312499999 0.36813388125 0.7917397015625001 0.3641776984375 0.7430516640625 0.3685280453125 0.7405017234375 0.37295456250000003 0.7471691484375 0.3771882828125
0 0.7112923062500001 0.3049839609375 0.702203075 0.3077771640625 0.695480109375 0.321141453125 0.6968426328125 0.330067559375 0.7244648234375 0.34760725312499996 0.7356128 0.34914416875 0.7456032640625 0.3459156234375 0.74612009375 0.33767906718749996 0.737419553125 0.3296353125 0.7319651734375 0.312569046875 0.72429400625 0.3066903515625 0.7112923062500001 0.3049839609375
0 0.5995550374999999 0.308038253125 0.59944824375 0.3245960984375 0.6079693953125 0.328999290625 0.612885603125 0.335143859375 0.6204542640625 0.3389422328125 0.6334815890625001 0.34116870312500003 0.6424939390625 0.336815259375 0.641182671875 0.3289293140625 0.6286721749999999 0.3184662875 0.6311964890625 0.313519690625 0.628907103125 0.3045088453125 0.61948471875 0.3005409984375 0.6056586671875 0.30083019843750003 0.5995550374999999 0.308038253125
0 0.49933006874999997 0.277648159375 0.49139834374999997 0.285206825 0.4923209203125 0.3039297296875 0.5021533390624999 0.31621886875 0.51165260625 0.32174695781249996 0.5218737171875001 0.3231991375 0.5292117328125 0.322316784375 0.5336154 0.318059740625 0.5322528765625 0.3091336328125 0.5244535734375 0.30065453125 0.5246116187500001 0.285136846875 0.517841684375 0.2788228078125 0.512229259375 0.2772742265625 0.49933006874999997 0.277648159375
0 0.8011417109375 0.2439963734375 0.7909718531250001 0.2435843546875 0.7873669140625 0.24532573281249997 0.7882126078125 0.2624883953125 0.7927913796875 0.280510084375 0.8259277765625 0.2788798640625 0.8352732796875 0.28128746875 0.8453150015625001 0.2790990828125 0.8550192843750001 0.28878781875000004 0.86336104375 0.289550446875 0.867662203125 0.283213078125 0.8814113718750001 0.281363640625 0.886716275 0.2766712484375 0.8854050046875 0.268785303125 0.8785838171875 0.26143109999999997 0.8645527484375 0.2575596515625 0.84437108125 0.24121793125000002 0.8294387765625 0.237781828125 0.8184958218749999 0.24040555624999999 0.8101028078124999 0.23860276875 0.8011417109375 0.2439963734375
0 0.7935703921874999 0.3041652953125 0.790272978125 0.3121476421875 0.782136234375 0.315545659375 0.7826744046874999 0.326467353125 0.7939761421875 0.33112475625000004 0.8319774921875001 0.33459894375 0.8519840546875 0.3286619328125 0.8618976390625 0.32387314218749996 0.8634950937499999 0.318841809375 0.8616969078125001 0.301074328125 0.8547988390624999 0.2921598828125 0.8476145859375 0.2961627203125 0.8273004984375 0.2958587640625 0.8227943234374999 0.2980354859375 0.8115694671875 0.29493832656249996 0.795966571875 0.29661829375000004 0.7905847875 0.299750440625 0.7935703921874999 0.3041652953125
0 0.7024230546875 0.2422656515625 0.6875676328125 0.24038978906250003 0.6766759296875 0.2440536796875 0.6761847296875 0.252810315625 0.6839327796875 0.26024925312499997 0.7038069203124999 0.27035000781249996 0.74999626875 0.2714663390625 0.764155471875 0.2779381890625 0.7686360203125 0.27524138593749997 0.7688196953124999 0.2602437828125 0.7637753515625 0.251498809375 0.7544554734375 0.2496112859375 0.7157322781250001 0.2502130078125 0.7024230546875 0.2422656515625
0 0.5998693046875 0.2207903734375 0.5820496203125 0.23365790625 0.5785471906249999 0.23747960625000003 0.5805247640625 0.25888765 0.5901265390625 0.2664960625 0.60307698125 0.2671622890625 0.612089334375 0.26280884531250004 0.6153867484375 0.25482649999999996 0.6123242640625 0.24885140312499998 0.6281620890624999 0.23321399375000001 0.6278545624999999 0.226973025 0.6230408609375 0.2229087796875 0.5998693046875 0.2207903734375