0 0.76797375 0.24112664062500003 0.7887689890625 0.23341661875000003 0.7957127374999999 0.2235169 0.8024298109375 0.22512863125 0.80664163125 0.21956258593750003 0.8124460859375 0.20031825312499998 0.825233846875 0.1893261859375 0.8271298984375001 0.1736796765625 0.8309999296875 0.165310246875 0.8390829671875 0.16475514062500002 0.8499374906250001 0.1780183453125 0.8620044890624999 0.1700282703125 0.870239828125 0.1751792375 0.89141285625 0.14828346718750002 0.8913732968750001 0.13013148593749999 0.8983914171875 0.1030142484375 0.9098515859375 0.098960628125 0.9213129375 0.108287378125 0.9241599796875001 0.11826853906250001 0.92894144375 0.11737479843750001 0.9359991203125 0.10840954218750001 0.9350493156249999 0.0961622421875 0.932847478125 0.08701623750000001 0.9283310546875001 0.08117013906250001 0.9161501265625001 0.0882257515625 0.9084460640625001 0.08297548125000001 0.892849634375 0.0887579984375 0.8832483312500001 0.08577386718749999 0.8800223171875 0.0815980828125 0.8807430765625 0.078596090625 0.8736842156250001 0.0741809765625 0.8662451953125 0.062190868749999996 0.8517856859374999 0.0505572546875 0.8454103984374999 0.0517489078125 0.83326546875 0.036815390625 0.8198673218750001 0.011602796875 0.812808459375 0.007187684375 0.778430328125 0.0461092859375 0.7442021265625 0.06397621875000001 0.733424346875 0.0602562359375 0.7287951828125 0.06685604687499999 0.7267852015625 0.0815680984375 0.7305436750000001 0.09902494843750001 0.762457296875 0.084457921875 0.764430090625 0.0783546328125 0.770160175 0.07632782187500001 0.7787744859375 0.07567341250000001 0.782570146875 0.084521503125 0.781396040625 0.1105463921875 0.777943353125 0.11788205624999999 0.7771482203125 0.1381015703125 0.7712670234375001 0.1478026796875 0.7607938453124999 0.1554948390625 0.7549893890625 0.17473916875 0.7453509015625001 0.18036380000000002 0.7467564234374999 0.1963489453125 0.7517297468749999 0.21931325781250002 0.759965084375 0.2244642265625 0.76797375 0.24112664062500003
0 0.555563471875 0 0.555615990625 0.0013099765625000002 0.553264221875 0.01321864375 0.55759115625 0.0219674296875 0.555428875 0.030973406250000002 0.538429296875 0.0475315203125 0.5319400796875 0.047788712500000004 0.5224143359375 0.040967432812499996 0.519757965625 0.0414639546875 0.5171783390625 0.0515036984375 0.5041615375 0.0472464703125 0.5010506375 0.057385518749999996 0.5023794140625 0.06382744375 0.5090964875 0.065439175 0.511867971875 0.07925748437499999 0.5167261796875 0.087906965625 0.5242012015624999 0.07790794375 0.5325876546874999 0.0753846109375 0.542987646875 0.098290340625 0.54488725625 0.1227849421875 0.5514532156249999 0.132070971875 0.557297228125 0.1309786234375 0.5617740921875 0.1186727390625 0.575018753125 0.1247988890625 0.5785469984375 0.11362607499999999 0.6094376296874999 0.1174096375 0.619494646875 0.12413161406249999 0.6352805625 0.11544640937499999 0.6374044734375001 0.10166882031249999 0.6428299562500001 0.088229865625 0.65660470625 0.0808763390625 0.66180114375 0.05218809375 0.672655665625 0.065451296875 0.6893913859375 0.0690133921875 0.709313565625 0.058599290625 0.7161433828125 0.0477651125 0.7165211703125001 0.0285793640625 0.7208841046875001 0.015339018749999999 0.7195169546875 0.004125484375 0.7175976171875 0 0.7064981703125001 0 0.696254834375 0.009429340625000001 0.68889255625 0.006982453125 0.6834982390625 0 0.555563471875 0
0 0.4195465453125 0.3159098265625 0.419661659375 0.3302246578125 0.41408387500000005 0.3379575390625 0.41491975156249994 0.349270378125 0.41294695625 0.35537366875 0.4155661390625 0.3634859078125 0.4214485234375 0.36716516875 0.4238770359375 0.364799725 0.42429319374999996 0.3503855859375 0.4309323390625 0.3290737265625 0.4375342984375 0.316370625 0.44842482187500005 0.3076446984375 0.4670194078125 0.30416904218749996 0.46986644999999994 0.3141502015625 0.469297990625 0.3228582671875 0.4794305671875 0.32574309375 0.48576866875 0.3331602 0.49517929531249993 0.32566664843750004 0.51916218125 0.3173608 0.5240947609375 0.30879276093749997 0.5228031703125 0.293742075 0.5164650671875 0.28632496875 0.5139214421875 0.27437558125 0.5223067109375 0.258471878125 0.521737065625 0.253799571875 0.5067067234375 0.22411328125000002 0.500103578125 0.22343601249999998 0.4758904640625 0.2031121984375 0.4685270015625 0.1872849375 0.467501640625 0.17887478750000002 0.46215052968750003 0.175096221875 0.4525875984375 0.1768837015625 0.44317696875 0.184377253125 0.4351346734375 0.21646471250000002 0.4299358640625 0.2183922171875 0.42762365156250004 0.24845286562500002 0.42049042031250006 0.261255271875 0.41161106406250003 0.26864951875 0.404590575 0.269006015625 0.40030201249999997 0.265028840625 0.39278861875 0.270256253125 0.388843028125 0.28246283125 0.3928293625 0.3017886046875 0.3975736421875 0.30950362343750004 0.406605296875 0.3078154484375 0.4195465453125 0.3159098265625
0 0.595028721875 0.3958884 0.5980628765625 0.37620613125 0.6015539359375001 0.373642075 0.6090301421875 0.3770234265625 0.6108146359375 0.3872031953125 0.615900703125 0.39772159687499997 0.641780825 0.387149609375 0.6524830453125 0.394706740625 0.662197090625 0.3852449625 0.6765414859375001 0.3825637421875 0.6766542296875 0.3701178328125 0.671036890625 0.35969873125 0.6715297921875 0.3548278171875 0.6738060015625 0.34675630156250004 0.6806741921875 0.34069373281250004 0.6863275328125 0.3291237 0.6821900859375 0.31747222812500003 0.6812402796875 0.305224925 0.6710693328125 0.2975684875 0.6660971953125 0.287984546875 0.6698904859375 0.2700718953125 0.6643858875 0.247206884375 0.655580903125 0.2373836125 0.64590404375 0.23823663125 0.6035951749999999 0.2834194109375 0.6067072609374999 0.286660734375 0.6057970125 0.292565415625 0.59411254375 0.33489122656250003 0.5883069046875 0.3407551859375 0.5768083640625 0.3400371953125 0.573583534375 0.34924178125 0.5718014124999999 0.36582275468750003 0.5738893218750001 0.374034296875 0.5770397796875 0.38204723125 0.5907785296875 0.396682834375 0.595028721875 0.3958884
0 0.342029596875 0.45560322343750004 0.3451056828125 0.4808336765625 0.35076139375 0.4960243875 0.370949803125 0.49225081875 0.3827122 0.4728486 0.3850651546875 0.47432030625 0.38832835625 0.4698873296875 0.3894652765625 0.4524712 0.3853650140625 0.43221096562500005 0.3781538515625 0.42208977968749994 0.36449184375 0.4169973953125 0.3601265375 0.4034769984375 0.364224428125 0.396976490625 0.3598974953125 0.3882277046875 0.361339015625 0.38222372031249996 0.35291300312499996 0.3665950703125 0.34350118749999997 0.3607082515625 0.330333271875 0.36412532343750004 0.3128407875 0.38555435312499997 0.3171293515625 0.38953152812499997 0.318382571875 0.3998106015625 0.3224432765625 0.40191885312500003 0.32312685 0.40752562187499997 0.31690505 0.4278037171875 0.3071526328125 0.4324938859375 0.2920502921875 0.446785859375 0.2920154765625 0.4821553609375 0.3014272921875 0.48804218125 0.313302434375 0.45619405156250004 0.32142265625 0.4470301859375 0.342029596875 0.45560322343750004
0 0.18452924531249998 0.3091835921875 0.19158929375 0.326979078125 0.19675091718749999 0.33366033281249996 0.20031753437500002 0.3272591296875 0.20551634375 0.3253316234375 0.2112848 0.328076425 0.21743341562500001 0.33839621875 0.2220242078125 0.327024796875 0.23253575624999998 0.324104246875 0.2342051359375 0.319969184375 0.2350002671875 0.299749671875 0.24046412187500002 0.2910823265625 0.2365161609375 0.276528165625 0.23727410624999998 0.2649174109375 0.2423206171875 0.257283834375 0.2398141765625 0.23672568593749999 0.2494142921875 0.22632944687499998 0.2610267609375 0.22798189687499998 0.27313213125 0.22476343437500002 0.2795446046875 0.214963021875 0.279581790625 0.20635426093749998 0.27316813125 0.2027743046875 0.2702455328125 0.19663029375000002 0.2573810296875 0.19807913906250002 0.2481970734375 0.1940612421875 0.2435667234375 0.18728068125 0.24952229374999998 0.16036205312500001 0.246598509375 0.14083767187500001 0.23411297812499998 0.13648113906249998 0.21794453125 0.110830609375 0.21779222968749998 0.1051245359375 0.2132374375 0.094506828125 0.208948875 0.090529653125 0.196805134375 0.0889765046875 0.187280575 0.0955355953125 0.19024154531249998 0.10645121875 0.1842116015625 0.15058736718750002 0.1862251390625 0.17601643125 0.1846336890625 0.20307508749999997 0.1665331921875 0.21506019687500003 0.167408625 0.24452501718750003 0.16190639843750002 0.24842075156250001 0.1599336046875 0.2545240390625 0.162249371875 0.26460450625 0.17329338125 0.274965021875 0.17632990937499998 0.28204349375 0.1733329375 0.293117003125 0.170373153125 0.2955817515625 0.1700325515625 0.30615874062500004 0.1776610578125 0.3152461609375 0.1811137453125 0.30791049843749996 0.18452924531249998 0.3091835921875
0 0.5137916687499999 0.5228965578125 0.5185719484375 0.508622446875 0.5140171546875 0.49800473749999996 0.5164828531250001 0.4870305328125 0.513672996875 0.46844061249999996 0.522817990625 0.46099671249999996 0.53367191875 0.46756973124999995 0.5350006984375 0.47401165624999997 0.540427365625 0.473953071875 0.5444125125 0.479898475 0.5494218375 0.48087365625 0.5576559875 0.472644253125 0.5652077515625 0.4721884515625 0.5651310078125 0.46264523124999996 0.5730233734375 0.4516124421875 0.57328841875 0.44487260468749995 0.5650530796875 0.4397216390625 0.5613725328125 0.44518838125000004 0.554048628125 0.4475131046875 0.5500634828125001 0.44156770156249997 0.54915205 0.43409201093750005 0.5294169859375 0.41484268437500005 0.5211420890625 0.3915397359375 0.5146145015625 0.387025315625 0.5035716781249999 0.39004517031249997 0.4810326890625 0.419107778125 0.48141284687499997 0.42668277187500003 0.48835777968749994 0.4301634234375 0.49181165312499997 0.43620813125 0.4869174453125 0.44954778125 0.472991578125 0.46457560625000005 0.47367515468750004 0.4701823734375 0.4787228484375 0.4759291671875 0.481682634375 0.4734644171875 0.4872999734375 0.4838835171875 0.488021921875 0.49426189374999996 0.481798934375 0.5011596203125 0.4815338890625 0.507899459375 0.48756857656249997 0.5172847921875 0.5010410953125 0.5252798640624999 0.5137916687499999 0.5228965578125
0 0.5531502390624999 0.58722149375 0.5578573312499999 0.603545275 0.5687106703125 0.6034281078125 0.5962206109375 0.570569075 0.587720228125 0.5721579453125 0.584267540625 0.5794936078124999 0.5732247171875 0.5825134656250001 0.5684816265625 0.5881788140624999 0.55979056875 0.5792900015625 0.5572853156249999 0.5721122249999999 0.5583850499999999 0.5633048578125 0.573183975 0.5509811124999999 0.5743976375 0.543108203125 0.56266886875 0.5137605484375001 0.5566725546875 0.509146825 0.5524223640625 0.5099412609375 0.542290975 0.5204368046875001 0.5255180671875 0.5254834703125 0.5209272734375 0.53685489375 0.5125791921875 0.5441498375 0.503319678125 0.5439690875000001 0.5026372890624999 0.5517426921874999 0.5166434546875001 0.5863992015624999 0.52537169375 0.586679253125 0.5443452546875001 0.5773982203125 0.5531502390624999 0.58722149375
0 0.7557155265625 0.5283318328125 0.75673851875 0.5099812421875 0.7629615046875 0.5030835171875 0.7820885515625 0.512888928125 0.7902111453125 0.5304858046875001 0.798863828125 0.5346030046875 0.8190138656249999 0.526057825 0.8211005890624999 0.5208889953125 0.8102088828125 0.516234553125 0.7720651609375 0.45741707812500004 0.772102346875 0.44880831875 0.76853454375 0.44182914999999995 0.7563140578125 0.43073278125 0.7423114515625 0.436217384375 0.725122384375 0.45567818750000005 0.717987965625 0.4551002234375 0.710435015625 0.4421756515625 0.7071334421875 0.4418370171875 0.704781675 0.45374568125000003 0.7057710390625 0.484144965625 0.717686921875 0.483829190625 0.725922259375 0.48898015624999996 0.7246714109375 0.5054618265624999 0.72934131875 0.5303943656250001 0.7370837546875 0.540416246875 0.7478615328125 0.5441362296875 0.7557155265625 0.5283318328125
0 0.7530473 0.39502464531250003 0.7554758125000001 0.39265919843749997 0.7626486015625 0.3980087765625 0.7722894609375001 0.4191448875 0.778133475 0.4180525390625 0.78682453125 0.42694135 0.7999552624999999 0.4321330375 0.8032940203125 0.4238629125 0.8062142484375 0.4032461828125 0.8119443328125 0.40121937343749997 0.8142961015625 0.38931070624999997 0.8212782187500001 0.38418259843749997 0.8285265687500001 0.385695025 0.834939040625 0.3758946109375 0.835810915625 0.36521831875 0.8298146015625001 0.360604596875 0.8234393140625 0.36179625 0.8129637656250001 0.3427276703125 0.8017302703125001 0.335269840625 0.7977067515625 0.32455282812499997 0.8033600921874999 0.31298279687499997 0.8152004203125 0.3165041703125 0.8162245968749999 0.31153395 0.8237379890625001 0.3063065390625 0.8194877984375 0.307100975 0.8060152765625 0.29910590312499996 0.8022951734375001 0.2864206625 0.7971335500000001 0.2797394078125 0.79117560625 0.27989729531249996 0.7827135968750001 0.2862577765625 0.758580784375 0.315618296875 0.7419601765625 0.32637103437500004 0.7423019640625 0.3291744171875 0.734371228125 0.3354355953125 0.734447971875 0.344978815625 0.7374845 0.3520572890625 0.73463864375 0.3554564984375 0.7357791203125 0.37818148281249997 0.7329716359375 0.38635230468750004 0.73422485625 0.39663137656249997 0.73885520625 0.40341193750000004 0.7519859375 0.408603625 0.7530473 0.39502464531250003
0 0.90159710625 0.45466010468749996 0.9155613421875 0.444403890625 0.9283886593749999 0.4515638046875 0.9294128359375 0.44659358437499996 0.9398476406249999 0.43412981093749997 0.9466402734375 0.43190439375 0.9503963765625001 0.42260050156249995 0.9555951874999999 0.42067299687500004 0.951420553125 0.41763028125 0.9505091203125 0.4101545921875 0.95809806875 0.40109003125 0.9588943875 0.394250890625 0.9560857171875 0.389041340625 0.9459531421875 0.38615651406249996 0.9294440921874999 0.3710829703125 0.919006915625 0.35678599843750003 0.9135406890625 0.3386926 0.90849299375 0.33294580625000003 0.9094032421874999 0.3270411265625 0.9004471437499999 0.324892153125 0.8688764953125 0.355642934375 0.872217625 0.37413355 0.8498704937499999 0.42705420937499994 0.8591683781249999 0.43200656718749997 0.8623955796875 0.449562721875 0.8715783515625001 0.44020024687500003 0.8870236671875 0.442092028125 0.90159710625 0.45466010468749996
0 0.309339815625 0.7044756984375 0.31666490625 0.715531346875 0.31932127499999996 0.7150348234374999 0.32804833125 0.7019345046875001 0.32125451250000003 0.6907795515624999 0.3182551703125 0.67509231875 0.3216694875 0.66298504375 0.3201512234375 0.6594458078125001 0.3276575 0.5739361703125 0.333159725 0.5700404375 0.339573384375 0.5736203953125 0.3403697015625 0.566781253125 0.3295535515625 0.558289659375 0.32260743281250004 0.5414286359375 0.313157246875 0.5307702062499999 0.31220744218749996 0.5185229046875001 0.3056031125 0.504465265625 0.3032094140625 0.47146120625 0.290990115625 0.473745209375 0.2920910359375 0.4783182109375 0.2894730359375 0.48358634375 0.281238884375 0.49181574843750003 0.276760834375 0.4907412625 0.27383942031249997 0.49797762343749996 0.28651562343750003 0.512811834375 0.2864028796875 0.5252577453125 0.2821538734375 0.5394325531249999 0.2725537578125 0.5498287921875 0.2686849109375 0.57157859375 0.2601101578125 0.590384984375 0.261438934375 0.596826909375 0.270281103125 0.598041421875 0.2726724296875 0.6042847375 0.26542526718750004 0.61615268125 0.273851278125 0.63178133125 0.2719552265625 0.64742784375 0.2678573359375 0.6539283499999999 0.2686932109375 0.665241190625 0.2658857265625 0.673412009375 0.268923440625 0.6938708546875 0.283573621875 0.71598215 0.30228095312500003 0.700060584375 0.309339815625 0.7044756984375
0 0.41482716562500005 0.58918259375 0.42321361875 0.5866592625 0.43505394375 0.5901806374999999 0.4663235484375 0.588158825 0.4689043609375 0.5914994515625 0.4726232765625 0.5908043203125 0.47584810468749994 0.581599734375 0.4681812265625 0.5677407031249999 0.4659410171875 0.5538230890625 0.45072237499999995 0.54041985625 0.446128025 0.5116501687499999 0.4373230421875 0.50182689375 0.42999913593750005 0.5041516171875 0.41861571093750005 0.5177484609375 0.406284853125 0.5458587421875001 0.39550826093749997 0.55551913125 0.386893946875 0.556173540625 0.393233234375 0.57697101875 0.3976729140625 0.5732738953125 0.41152559218749996 0.5888439609375 0.41482716562500005 0.58918259375
0 0.4001516515625 0.70948376875 0.41001681406249996 0.692347690625 0.4118373078125 0.68053833125 0.4386264890625 0.6506812890625 0.44279993749999996 0.6403436328125001 0.44480991875000003 0.6256315828125001 0.431451328125 0.618570971875 0.4268977203125 0.621333634375 0.420787478125 0.61578545 0.41839615312499995 0.609542134375 0.418508896875 0.5970962234375 0.4074265171875 0.581964096875 0.406590640625 0.5706512578125 0.40093611406249996 0.56884091875 0.397027709375 0.5724387375 0.383823790625 0.597844940625 0.3884157703125 0.5998538890625 0.3900491484375 0.6177079578125 0.3824230140625 0.6353812796875 0.36849714843750003 0.650409103125 0.36906679375 0.6550814093749999 0.3753665234375 0.65772690625 0.37969345625 0.6664756921875 0.37870765156249997 0.6762175234375001 0.37411686093749996 0.6875889468749999 0.3668313265625 0.6946852796874999 0.36880530624999996 0.7019623609375001 0.385274796875 0.6988839234374999 0.3941937109375 0.7096416578125 0.4001516515625 0.70948376875
0 0.6640401140625001 0.6276626484375 0.6741715046875 0.6171671062499999 0.683544946875 0.6182823140625 0.6890088015625 0.60961496875 0.6850992109375 0.5998324171875 0.6896516328125 0.5836893843750001 0.6906746234375001 0.56533879375 0.6880938125 0.5619981671875001 0.6767092015625 0.5622146375 0.6695735953125 0.5482563015624999 0.661338259375 0.5431053343750001 0.654733928125 0.5290476953125001 0.6482447109375 0.5293048875 0.632497165625 0.5427617015624999 0.6364451265625 0.5573158640625 0.634245659375 0.574930603125 0.6287062484375 0.5874350953125 0.619712965625 0.59389488125 0.6205488390625 0.605207721875 0.62612780625 0.610855209375 0.6322752375 0.607794634375 0.6640401140625001 0.6276626484375
0 0.7330637921875 0.5698403484375001 0.7277498687499999 0.557453021875 0.7261164890625 0.539598953125 0.7209932359375 0.5376893078125 0.6956443906249999 0.54816199375 0.6943551703125 0.5598720515625 0.6994424218749999 0.5837708265625 0.7067291421874999 0.5900548640625 0.733671809375 0.5792842640625 0.7330637921875 0.5698403484375001
0 0.7037357281250001 0.6412694859375 0.7089740953125 0.6574939625 0.72138288125 0.6523072703125 0.7199773609375 0.6363221265625 0.71576435625 0.6285078015625001 0.7143972062499999 0.6172942671875 0.711171190625 0.6131184828125 0.6896540046874999 0.6104501265625 0.687870696875 0.613650728125 0.68961681875 0.6190588875 0.6873022359375 0.6223587921875 0.6903015781249999 0.6380460234374999 0.6849516546875 0.647647828125 0.6851039546875 0.6533539015625001 0.6923523031250001 0.654866328125 0.6990681921874999 0.6430976859374999 0.7037357281250001 0.6412694859375
0 0.130048934375 0.46846495312499997 0.13574301875 0.48842727343750003 0.141663775 0.496878146875 0.14181607499999999 0.50258421875 0.1441690296875 0.5040559234375 0.149026053125 0.499325034375 0.158816840625 0.4994064765625 0.1588540265625 0.490797715625 0.168150728125 0.482369703125 0.17445045625 0.48501519843749996 0.1769545265625 0.47881260625 0.1761942078125 0.463662615625 0.18822402031250002 0.46428130312500004 0.201581425 0.4579615421875 0.207347509375 0.4339456015625 0.198390225 0.41841625625 0.18302046875 0.412687325 0.18051521406249998 0.40550954843750003 0.1802861703125 0.390260253125 0.17724964062499998 0.38318178281250004 0.16146253906250002 0.378486615625 0.1608917078125 0.3604339390625 0.14977095625 0.34053020156249997 0.1390303625 0.32820145625 0.1261274890625 0.3248786921875 0.11774222187500001 0.34078239374999997 0.10552292031249999 0.34306639687499996 0.10552410625 0.3564467671875 0.10207141875 0.36378243125 0.0821864265625 0.365587775 0.08116225 0.37055799375 0.0810111359375 0.37823229375 0.0844650078125 0.384277 0.08537644062500001 0.3917526890625 0.0916389828125 0.403006946875 0.106400725 0.39929196093749997 0.12142632499999999 0.37545676562499997 0.1278783546875 0.383808334375 0.12780398125 0.40102585468749996 0.12454196718749999 0.41883920156250004 0.1183573515625 0.4305085375 0.1165368578125 0.44231790000000004 0.1052289890625 0.4520775921875 0.10602649374999999 0.4586188203125 0.11331321406249999 0.46490285625 0.12519072656250002 0.45981547031250003 0.130048934375 0.46846495312499997
0 0.10042219687500001 0.5953838015625 0.1111232328125 0.5895605625 0.11583032499999998 0.60588434375 0.1269498921875 0.612407709375 0.1315058703125 0.636405790625 0.13769167031250001 0.638116825 0.1411443578125 0.6307811609375 0.14634316875 0.6288536546875 0.14755683125000002 0.6209807484375001 0.1533624734375 0.6151167875 0.1530962421875 0.608476253125 0.1593947875 0.5977413796875 0.1674790078125 0.6105666453125 0.17377873906250002 0.6132121421875001 0.17594220625 0.6175865359375 0.1828487671875 0.616295578125 0.16789516875 0.5961525078125 0.1657688859375 0.58316935625 0.16815902656249998 0.5760322999999999 0.17434482812500002 0.577743334375 0.17867057656250002 0.57311175 0.1793517796875 0.551957775 0.1842088015625 0.5472268859375 0.18341129843749998 0.54068565625 0.1713047421875 0.53052375 0.158743653125 0.53000436875 0.1342631265625 0.48965964843750004 0.12101846406250001 0.48353349999999995 0.1069402984375 0.492855253125 0.1025773640625 0.5060955984375 0.1040200703125 0.5134719828125001 0.101743859375 0.5215435 0.0907777796875 0.5341065765625 0.088198153125 0.5441463203125 0.07434903125 0.568717365625 0.0756406234375 0.5837680515625 0.0824728125 0.5996946140625 0.09511064218750001 0.6097572171875 0.10042219687500001 0.5953838015625
0 0.037398387500000005 0.6979609390625 0.045291939062499995 0.700308521875 0.0536783921875 0.6977851890625 0.0592957328125 0.7082042890625 0.066277853125 0.7030761812499999 0.07750897500000001 0.68377326875 0.0651733765625 0.658362065625 0.022134259375 0.599503871875 0.0129886734375 0.6002575859375 0.006423900000000001 0.604351928125 0.012383028124999999 0.617574409375 0.013503726562500002 0.6312234046875 0.0095767296875 0.6391256046875 0.0055160265625 0.63701735 0.0016459921874999999 0.64538678125 0.0092733140625 0.64109383125 0.0165216625 0.64260625625 0.019975534375 0.6486509640625 0.0168670078125 0.6855507515625 0.0115554546875 0.6999241671875 0.0058637421875 0.7067225890625 0.0066612437499999995 0.7132638171875 0.0151999984375 0.71644655625 0.0295432078125 0.7003849671875 0.037398387500000005 0.6979609390625
0 0.164034621875 0.71156490625 0.1630104453125 0.7165351265625 0.166350390625 0.721645371875 0.17507863125 0.7219254234375 0.17864524843750001 0.7155242187499999 0.1858552234375 0.712265034375 0.20285717499999997 0.7224676640625 0.21917436562499998 0.7136831531250001 0.20790250000000002 0.701453715625 0.20626911875 0.6835996468750001 0.20178988437499998 0.6691447890625 0.19442760625 0.6666979015625001 0.18808950625 0.6592807953125 0.186001596875 0.6510692515625001 0.1878604625 0.6440315015625 0.1866456125 0.6385240375000001 0.18072485625 0.630073165625 0.1707817671875 0.62428565 0.1648621984375 0.6292151484375 0.1626627296875 0.6468298875 0.155946840625 0.6585985265625001 0.1429312234375 0.667721671875 0.1387589609375 0.6914397015625 0.13967039375 0.6989153906250001 0.1479057328125 0.70406635625 0.1548494796875 0.6941666390625 0.164034621875 0.71156490625
0 0.9298689265625001 0.60186848125 0.9324869234375001 0.5966003484375 0.9305513140624999 0.5940948796875001 0.9342690453125 0.580019378125 0.9319149078125 0.5651673015625 0.9250827171875 0.5492407390625 0.91855513125 0.54472631875 0.90045463125 0.5567114296875 0.8995443859375 0.5626161109375001 0.9053140265625 0.5787412828125 0.9042142921874999 0.5875486515625 0.8935516281250001 0.5981435015625001 0.8934760703125001 0.60198065 0.91507 0.6141922265625 0.924593965625 0.6009429515625 0.9298689265625001 0.60186848125
0 0.8827726625000001 0.5810431484375 0.8823913187500001 0.56008778125 0.8701696468750001 0.5356110421875 0.8517657328125001 0.54956438125 0.83871174375 0.5539159125 0.8349172687499999 0.55844819375 0.8294162281249999 0.575724296875 0.8302137328124999 0.5822655250000001 0.8378422390625 0.5913529484375 0.838411884375 0.5960252546875 0.8300649874999999 0.61670056875 0.8356811437499999 0.6137392968750001 0.849762865625 0.64455865625 0.8467658953124999 0.6556321656249999 0.8498024234375 0.6627106375 0.8498791671875001 0.6722538578125 0.8640340765625 0.6724753265625 0.8695363015625001 0.66857959375 0.8827726625000001 0.5810431484375
0 0.9047514937500001 0.654351203125 0.9048642375 0.6419052921875 0.9077100953125001 0.6385060828125 0.9231182234374999 0.6490066234375 0.927785759375 0.6471784234375 0.9284681484374999 0.6394048203125 0.9193981203125 0.636321384375 0.907025334375 0.6195189421875 0.880082665625 0.63028954375 0.8779959421875001 0.6354583703125 0.8849420578125 0.6523193953125 0.88050356875 0.6693968890625001 0.8857035640625 0.68084975625 0.88923299375 0.6830573140625 0.8964429703125001 0.6797981281250001 0.9047514937500001 0.654351203125
0 0.9526788906249999 0.63296789375 0.9695669109375 0.642236059375 0.9652387921875001 0.6201069046875001 0.9647818890625001 0.6029886875 0.9581391874999999 0.5841594375 0.9380275203125 0.597476228125 0.9361302828125 0.5997423671875 0.9386355375000001 0.60692014375 0.945201496875 0.6162061734375001 0.9469859906250001 0.62638594375 0.9526788906249999 0.63296789375