0 0.93814589375 0.08772758750000001 0.9468484437500001 0.0897962859375 0.9470309921875 0.10109735156249999 0.939800953125 0.1371442484375 0.9288714109375 0.156341546875 0.92886926875 0.16556970937499998 0.921090878125 0.17078946718750002 0.91979519375 0.16858337031249998 0.9164593515625 0.180488009375 0.909236459375 0.18577436249999998 0.8996040328125 0.20102564374999998 0.8940433437499999 0.22496811718749998 0.889597221875 0.23366350625 0.8868154484374999 0.25178685 0.8886651999999999 0.26021165 0.8951443343750001 0.26816607187499997 0.8955122828125001 0.2784639859375 0.8927319390624999 0.2904352203125 0.910321015625 0.2997215734375 0.9143927546875 0.308412759375 0.9192075421875 0.30693922812499996 0.9308765546875 0.29295748593750004 0.93643724375 0.2690150140625 0.94347473125 0.2647318125 0.9577322546874999 0.26746647968750004 0.96162145 0.2648565984375 0.965326671875 0.2570977671875 0.9651455546875001 0.23964459218749998 0.96977779375 0.2268699921875 0.9777415890625001 0.2206470859375 0.9821855656249999 0.22117985624999997 0.9861371859375 0.2117127703125 0.9947951515625 0.065609584375 0.9498407609375 0.057780137499999995 0.93814589375 0.08772758750000001
0 0.59496784375 0.1854339359375 0.604223746875 0.1967973953125 0.6058873796875 0.209301403125 0.60421874375 0.2183297765625 0.5960659734375 0.24093611093749998 0.5881007515625 0.2533111296875 0.5843941015625 0.26722207187499997 0.57161195 0.2902987859375 0.56105464375 0.30133766875 0.564571603125 0.30688620312500003 0.576236328125 0.3113607890625 0.5823475109375 0.309017296875 0.5858687578125 0.2961095078125 0.5940186703125 0.28580738906250003 0.60994625625 0.2733615734375 0.6127258875 0.2644663921875 0.62198679375 0.2542974671875 0.672909990625 0.2491232921875 0.6806862359375 0.2531316984375 0.683091484375 0.2616230953125 0.6954992578125 0.2559329609375 0.7067938890625001 0.2593377953125 0.7116093890624999 0.2547882078125 0.71235315 0.24154743281250002 0.6995781421875 0.23386360156250002 0.6886564609375 0.2192242984375 0.6868081375 0.20464738750000003 0.69032866875 0.1948156515625 0.690145409375 0.186590640625 0.6962587375 0.1750189859375 0.6971886140625 0.15769900312500001 0.69496805625 0.1512805078125 0.6781191625 0.14413365625000002 0.67405028125 0.12313824843750001 0.673869165625 0.1056850734375 0.6690593812500001 0.085626225 0.676097584375 0.07826696875 0.668139509375 0.05988144375 0.654070246875 0.043839407812499995 0.6514774484375 0.0455793265625 0.631468834375 0.08932266562499999 0.6379486812499999 0.0942010328125 0.6401692406249999 0.10061952968750001 0.6340537703125 0.121419346875 0.618679534375 0.1431599265625 0.6051600546875 0.1517929234375 0.601638809375 0.1647007140625 0.5981197093749999 0.1683803421875 0.59496784375 0.1854339359375
0 0.3841585640625 0.0818094078125 0.37970815468749997 0.10896112499999999 0.3810024078125 0.1173193296875 0.36653804375 0.2078694546875 0.3607962421875 0.21435875000000001 0.36060869218749997 0.2245900671875 0.35782763281249996 0.2396373546875 0.3533815125 0.2483327453125 0.3507837140625 0.271605046875 0.3450411953125 0.281170396875 0.35226051406250003 0.291264315625 0.3654091859375 0.2846376234375 0.3757768 0.2930582203125 0.3822609359375 0.2794802609375 0.39078094218750004 0.2702478921875 0.393563428125 0.24904849375000002 0.40486020624999997 0.24322516562500002 0.41578403125 0.24863630468750003 0.4189301796875 0.2561911453125 0.416147690625 0.27739054531249996 0.421143596875 0.2933701859375 0.4294774828125 0.288217025 0.44188310937499997 0.291755053125 0.4476270578125 0.2760375953125 0.4580003875 0.25984975781249997 0.4568922515625 0.24741234531249998 0.46374791093749995 0.228752025 0.45523361875 0.21337595625 0.45523505000000003 0.207223846875 0.447090140625 0.19599358125 0.437459853125 0.2020167 0.4244980140625 0.20148812968750002 0.41135791875 0.1712021703125 0.40710505937499997 0.1450578078125 0.4232173375 0.134684890625 0.4269247 0.11769789374999999 0.41711472812499995 0.1001157296875 0.397672325 0.097784846875 0.39434291718750003 0.0820049953125 0.3945318921875 0.06562156875 0.3863869828125 0.054391303125 0.38546425 0.040950740624999996 0.381206390625 0.036338759375 0.3712074421875 0.0351400203125 0.365651040625 0.0406261640625 0.3615742984375 0.053467359375 0.37657200625 0.05834152031249999 0.38342052031249996 0.07044174375 0.3841585640625 0.0818094078125
0 0.106528915625 0.33358101875 0.1041193796875 0.34354594843749997 0.109672921875 0.3503640234375 0.108557640625 0.3686871578125 0.11337171093750001 0.370289678125 0.12337280312500001 0.36226025625 0.13226147500000002 0.3602497453125 0.1443005796875 0.34733775312500004 0.1526366109375 0.3329564296875 0.1563475484375 0.30058915625 0.1539422984375 0.292097759375 0.1454251515625 0.28902590781250004 0.1452418921875 0.280800896875 0.1535757796875 0.2756477375 0.15617000625 0.267755709375 0.16283811406249998 0.25932670625 0.1691347015625 0.2559800625 0.17432744218750001 0.221739678125 0.1676625453125 0.21632643906250001 0.16007491875 0.1974726328125 0.1358191609375 0.19046317343750002 0.12896922187499998 0.18451505937499998 0.11786927968750001 0.1401183625 0.1082454265625 0.11845699218750001 0.0756464921875 0.156589403125 0.062870771875 0.151981625 0.053982103125 0.15399213437499998 0.0464086640625 0.16206861875 0.0286762203125 0.2322825828125 0.035816804687499995 0.233844765625 0.0421141078125 0.22742206562499998 0.0485953859375 0.2261483234375 0.106528915625 0.33358101875
0 0.38109233593749997 0.4332681671875 0.37739068750000004 0.425646728125 0.3720282640625 0.3932170640625 0.36240298125 0.3777078015625 0.3562925125 0.3769752375 0.3307296375 0.416976559375 0.30646673281250003 0.44072764375 0.305354309375 0.446746559375 0.3116466109375 0.4618562421875 0.310344496875 0.48733463749999995 0.322004934375 0.510265546875 0.328486209375 0.5089918078125 0.3403406296875 0.4940069109375 0.3488563484375 0.5032308703124999 0.346632215625 0.5121926484375 0.347741065625 0.521554003125 0.3414387625 0.5495090859375 0.34643609375 0.559336615625 0.3540276515625 0.5612721234375 0.3634725296875 0.5562521546875 0.3738451453125 0.5431403734375 0.38069723125 0.539860325 0.387552890625 0.5212000046874999 0.38829807656250004 0.5018071203125001 0.39644941875 0.48535289375 0.404597903125 0.4812028875 0.4140456421875 0.4638787015625 0.40423567031249996 0.44629653906250005 0.39386662656250004 0.4440280515625 0.38109233593749997 0.4332681671875
0 0.574395353125 0.4995085515625 0.5886607374999999 0.468406615625 0.601810840625 0.4556278140625 0.5833104625 0.383684025 0.577016734375 0.37472645 0.5692397734375 0.3737940984375 0.5599774375 0.3901151296875 0.537559284375 0.44382339843749996 0.52607495625 0.45987804531250004 0.5258888390625 0.46395725312499997 0.5371834718749999 0.4673620875 0.5427391593750001 0.4649519984375 0.5495891 0.470900115625 0.555510590625 0.488016103125 0.5492111468750001 0.503666965625 0.5486535078125 0.51282853125 0.5543931671875 0.5155674 0.563098578125 0.505331878125 0.574395353125 0.4995085515625
0 0.79770360625 0.34991482500000004 0.7941845046875 0.35359445312500004 0.795478759375 0.36195265625 0.7802820671874999 0.41652668125 0.7721300125 0.43605696250000003 0.7624982984375 0.448232190625 0.7615705640625 0.45632400781250004 0.7530477 0.47786059375 0.7447123828125 0.4891658609375 0.7417466359375 0.5021402484374999 0.746375303125 0.5047459234375 0.7491542171875001 0.4989267984375 0.7676738859375 0.48781711562499996 0.7721207234375 0.476045671875 0.7780479328125 0.468553221875 0.793420021875 0.45604080625 0.798419496875 0.4566401765625 0.8019364546875 0.46218871406249995 0.8021197156250001 0.47041372499999995 0.8056366734375 0.475962259375 0.8232293234375 0.46986834218749995 0.8306383328125 0.46050278125000005 0.8389707921875 0.46150173125 0.846190828125 0.4685195953125 0.8524902734375001 0.45286873125 0.8623052484375 0.44891851406249994 0.8662008718750001 0.4186241453125 0.87046301875 0.4047797984375 0.8699103796875001 0.3924089859375 0.8662087328125001 0.384787546875 0.861950159375 0.3832516203125 0.855467453125 0.390677471875 0.8406522890625 0.397104375 0.830101415625 0.3804587671875 0.8262172234375 0.3615362640625 0.820478990625 0.3526452859375 0.8045556906250001 0.3466347765625 0.79770360625 0.34991482500000004
0 0.9159666265625 0.6132603203125 0.9171503546875 0.6191443624999999 0.9362898953125001 0.51558733125 0.9324704359375 0.5116755171875 0.9206188750000001 0.5143561953125 0.9126543671875 0.523655159375 0.9037606968749999 0.5471980484375 0.9033891734375 0.552280409375 0.9072762234375 0.5588986921875 0.905051378125 0.5709365265625 0.8704180015625 0.5985712328125 0.8620819718750001 0.6129525578125 0.8607841437499999 0.619974625 0.8800375703125001 0.638688934375 0.90022801875 0.6093227125 0.9104137984375 0.6033661921875 0.9159666265625 0.6132603203125
0 0.7980136765625 0.6093731546875001 0.7882001296875 0.6071712609375 0.7767222359375 0.5955414171875 0.762474003125 0.55281804375 0.7534027875 0.5435274859375 0.7459959203125 0.5436648828124999 0.7369204171875 0.552830653125 0.7185711453125 0.6275343265625 0.7054160421875 0.6618455109375 0.6952274015625 0.6801062531250001 0.7005969703125 0.6817753718749999 0.705227778125 0.6751528828125 0.712634646875 0.6750154859374999 0.7174508640624999 0.66738984375 0.7344880140625001 0.661229328125 0.749301034375 0.6640305890625 0.7585576546875 0.67231799375 0.768003965625 0.6611459187500001 0.7724479421875 0.6616786921875 0.7759649 0.6672272265625 0.773185271875 0.6761224078125 0.77837015 0.675718625 0.7837418609375 0.6681595796875001 0.7822622031249999 0.6608045296875 0.7891221500000001 0.6236878796875 0.79819550625 0.6237502734375 0.8011605390625001 0.613851940625 0.7980136765625 0.6093731546875001
0 0.76041169375 0.66228646875 0.7559684296875 0.6586776390625 0.7285636640625001 0.6564175578125 0.7124492421874999 0.6760186390625 0.71467051875 0.679361078125 0.7185597125000001 0.6767512015625 0.72040875 0.68825205625 0.7172561703125 0.70838170625 0.7115122203124999 0.7240991640625001 0.7111385546875 0.7384096890625 0.71984181875 0.7374023328125 0.7263180953124999 0.7576609703125 0.7205741437500001 0.77337843125 0.7281649875 0.778389990625 0.7285343671875 0.7825357937499999 0.73464555 0.780192303125 0.7355704265624999 0.784404703125 0.7472358671875 0.7858032296874999 0.7552003765624999 0.77650426875 0.761685225 0.7598502546875 0.7602077109375001 0.7432670375 0.766139209375 0.7173182625 0.7750321640625 0.6968514265625 0.7694800500000001 0.6838812421875 0.7831863640625001 0.6680929828125 0.7848578578125001 0.6467603921875 0.7826380125 0.6372658421875 0.7798605265624999 0.6369328578125 0.7744866703125 0.653720065625 0.76041169375 0.66228646875
0 0.8527631843749999 0.8722818953125 0.8704625578125 0.8717549140624999 0.8952779906250001 0.7374877125 0.8948284375 0.7368478859375001 0.8864945499999999 0.7420010453125 0.8816811937500001 0.7373224671874999 0.876310196875 0.7418054578125 0.870565534375 0.7605989703125 0.860006084375 0.7808660171875 0.8501761046875 0.8494133796875 0.8498038671874999 0.8575717953125 0.8540617265625 0.8621837734375 0.8527631843749999 0.8722818953125
0 0.7936979375 0.8539215890625 0.789810884375 0.8473033046875 0.788147965625 0.83172324375 0.7896319125 0.8206219671874999 0.748898071875 0.8044593499999999 0.73630418125 0.8142286921874999 0.738337909375 0.8278024500000001 0.7275944859375 0.8429205390625001 0.7218512515625 0.85556194375 0.720923515625 0.8636537625 0.7244390453125 0.8753544062499999 0.790360665625 0.8719783375000001 0.7938804828125 0.8652226562499999 0.7936979375 0.8539215890625
0 0.6315020453125 0.7944866703125 0.6176110421875001 0.8082020265625 0.61372041875 0.8169640156250001 0.6129773734375 0.8271287328125 0.62094116875 0.8209058234375 0.6226055171875 0.8303337781250001 0.6205667874999999 0.8382924015625 0.6118606625 0.8516039781250001 0.6040829890625 0.8537476796875 0.604452365625 0.8578934828125 0.6225962265625 0.8703224875 0.638338409375 0.858879821875 0.644637140625 0.8463050140625 0.6450086625 0.8412226531250001 0.6476014609375 0.8394827359375 0.6557470859375 0.847636946875 0.6637094484375 0.847566146875 0.6751952015625 0.8253593921875 0.6787178765624999 0.8062994890624999 0.676125796875 0.80496335625 0.6679765984375 0.8121894171875 0.6518671796875 0.810258115625 0.6544635484375 0.793137925 0.6531700109374999 0.781703665625 0.6289142515624999 0.77469420625 0.628356609375 0.7838557749999999 0.6315020453125 0.7944866703125
0 0.5876506375 0.6477270296875 0.582465759375 0.6481308109375 0.5859834296875001 0.6506032937499999 0.5852403859375 0.6607680125 0.5783861578125 0.6732762250000001 0.5731969921875 0.6921363359375 0.5656011484375 0.7086571578124999 0.5554132203125 0.72384184375 0.5387454484374999 0.7341481625 0.53670671875 0.7421067875 0.5381863765625 0.7494618375 0.5426296421875 0.7530706671875 0.5570739953125 0.7486500703125001 0.5620763281250001 0.7369452203125 0.567632015625 0.7345351328125 0.5704087859375 0.7379441703125 0.571518353125 0.7442294734375 0.56892126875 0.76442571875 0.5750310234375 0.7682343359375 0.5811429218749999 0.7628147890625 0.590763915625 0.7967803796874999 0.5868725796875001 0.8086184218750001 0.598168640625 0.8058711453124999 0.6040929921875 0.8106829156250001 0.61131516875 0.8084726171875 0.617983278125 0.8000436140625 0.618911728125 0.788875740625 0.6279858015625 0.7858620796875 0.6289099640625 0.7931505343749999 0.64316605625 0.8020373078125 0.647426775 0.79434506875 0.6477997265625 0.7831106 0.6274338765625 0.7704152109375 0.6252140328125 0.7609206609375 0.6252176046875 0.7455403859375 0.6215173859374999 0.731766840625 0.62800438125 0.7058846625 0.6093050234375 0.6933890593750001 0.6065354000000001 0.6592194765625 0.59338886875 0.65661800625 0.5876506375 0.6477270296875
0 0.5563795421875 0.5496430796875 0.5495224546874999 0.5744555109375 0.5452617390625 0.5821477484375001 0.5426653703125 0.599267940625 0.5311839015625 0.6030183671875 0.5247011968749999 0.61044421875 0.5204376203125001 0.630440675 0.52450793125 0.6452839734375 0.5219122781250001 0.659328109375 0.5143178625 0.6696968203125 0.5167223953125 0.681264271875 0.529128025 0.6848023000000001 0.53931380625 0.678845778125 0.5424656734375 0.661792184375 0.5580260265625 0.6359723984375 0.5796904171875 0.6385696656250001 0.57784209375 0.6239927546875 0.5922907375 0.60111583125 0.5839618515625 0.5847366109375 0.5819288390625 0.5680867984375 0.5723049859375 0.5464254265624999 0.5632323421875001 0.5432869796875 0.5563795421875 0.5496430796875
0 0.39657746875 0.5479164296875 0.39953964218750004 0.550322315625 0.3991666921875 0.5615567859375 0.39434833125 0.578410590625 0.390273734375 0.58202361875 0.39267612343749997 0.6028192359375 0.389895065625 0.6178665249999999 0.3824824828125 0.64261235625 0.3748880671875 0.6529810703125001 0.373960334375 0.6610728890625001 0.3780306453125 0.6759161859375 0.3906223890625 0.67537500625 0.396548884375 0.6709586109375001 0.39858404062499997 0.6783802609375 0.4030280171875 0.67891303125 0.4104356 0.67569958125 0.4409950921875 0.6486018515625 0.4419221109375 0.6435860875 0.4380364890625 0.63081569375 0.43341639687500005 0.5912973640625 0.4194403734375 0.5724467109375 0.4113904875 0.5507176921875 0.4065771296875 0.546039115625 0.39657746875 0.5479164296875
0 0.45562199375 0.6554823171875 0.44451347812500003 0.6479982765625001 0.42784498906249996 0.66138065 0.41172913906249997 0.6871338406249999 0.4126533015625 0.6944222953125 0.42015179687500004 0.6983974046875 0.42524147343749996 0.7092613875 0.420607090625 0.73126415 0.4074519875 0.7655753328125 0.40004226093749995 0.778016946875 0.4052264265625 0.78068921875 0.4104120203125 0.7772093812499999 0.41300624375000006 0.7693173546875001 0.4189334546875 0.7618249031250001 0.4278228390625 0.7567383421875 0.43281659531249994 0.781946146875 0.4409593625 0.8024045765625001 0.453548965625 0.8110915609375 0.46891819687499997 0.8108833640625001 0.47410521875 0.8012514171875 0.480586496875 0.799977671875 0.48484792812500005 0.7892093796874999 0.484479978125 0.77891146875 0.49540809062499996 0.7658662796875 0.4952269734375 0.74841310625 0.4904157609375 0.7345063671875 0.48375122499999995 0.7275551 0.46171602656250005 0.7269641359375 0.45968015624999997 0.722618540625 0.45783112031249995 0.7111176859375 0.45894711718750003 0.6897184968750001 0.4624669328125 0.682962815625 0.463394665625 0.6748709984375 0.45562199375 0.6554823171875
0 0.49800303125 0.7548981984375 0.49781333906249997 0.774357678125 0.5111409859375 0.7944123234375 0.512065146875 0.8017007796875 0.5070621 0.8164816828125 0.502432003125 0.8200281171875 0.4992779921875 0.846309875 0.49371945000000006 0.86102418125 0.494085253125 0.8805502578125 0.4898252515625 0.8851664421875001 0.4968598828125 0.8931874578125001 0.5261165437499999 0.8946441765625 0.53815350625 0.8909603468749999 0.5516772750000001 0.8638710218749999 0.54908519375 0.8625348875000001 0.5490880515625001 0.8502306671875001 0.5444600984375 0.8445489390625 0.549835384375 0.821609621875 0.560208 0.8084978359375 0.5789102125000001 0.8086892203125 0.5887273328125 0.7955108375 0.591877771875 0.784609353125 0.5837350031249999 0.7641509265625 0.5729944390624999 0.766964796875 0.563738534375 0.7556013375 0.5030032203125 0.752421515625 0.49800303125 0.7548981984375
0 0.4044833828125 0.7908539375 0.40411185937500005 0.7959362953125 0.397815271875 0.7992829421875001 0.39522033125 0.810251025 0.3889223125 0.819749778125 0.3874390828125 0.8277749984374999 0.39280722031250004 0.8355962265624999 0.3918794859375 0.8436880453125 0.3870639859375 0.84823763125 0.383728859375 0.8570662140625 0.3857640171875 0.8644878625000001 0.39020799375 0.8650206375 0.3928015046875 0.8602046640625 0.4013200828125 0.8571244046875 0.4052071328125 0.8637426906250001 0.4035363546875 0.881999228125 0.4076095234375 0.88453830625 0.4398383640625 0.845336146875 0.44317492031250005 0.8303554546875 0.41985118593750004 0.79679785 0.4044833828125 0.7908539375
0 0.35671848281249996 0.7512900296875 0.3546790390625 0.7623247078125 0.3481927609375 0.7851308328125 0.3402268234375 0.8005819046875 0.331336725 0.808744521875 0.318008365625 0.7917659312499999 0.31393448125 0.792302909375 0.2989317671875 0.8089611265625001 0.2928177265625 0.8236088359375 0.29318710625 0.8277546390625 0.2983712703125 0.8304269140624999 0.30188465625 0.851355721875 0.312439815625 0.8495450015625 0.3200356609375 0.8330241812500001 0.32799802499999997 0.8329533796874999 0.331883646875 0.8457237750000001 0.34076945937500003 0.8560174828125 0.352067665625 0.8440420453125 0.35577359999999997 0.83320715625 0.3896632140625 0.818813221875 0.3957765421875 0.8072415671875 0.3872693984375 0.761104953125 0.3820852359375 0.75843268125 0.3689437078125 0.7342988265625 0.364685134375 0.7327629015625 0.358572521875 0.741258503125 0.3517211515625 0.741462496875 0.35671848281249996 0.7512900296875
0 0.279331115625 0.690743325 0.27840266874999997 0.7019112 0.2846949703125 0.7170208812500001 0.2967340765625 0.7041088875 0.3026577109375 0.7119967109374999 0.2941327046875 0.742761459375 0.28190676406250004 0.762828715625 0.283016328125 0.7691140171875 0.2774592125 0.777676215625 0.27208893125 0.7790831500000001 0.280604646875 0.7883071125 0.29634683281249996 0.7768644453125 0.304123078125 0.780872853125 0.30875389062499997 0.774250365625 0.31320215625 0.756326809375 0.3198702640625 0.74789780625 0.325795328125 0.7496335203125 0.32746039374999997 0.7559854203125 0.3324591515625 0.75966084375 0.34320043125 0.7537709171875 0.35005108749999997 0.7566429796875 0.355424228125 0.742931825 0.351167084375 0.7352437921874999 0.3508005625 0.71879376875 0.33876788750000003 0.7040212734375 0.3372889421875 0.6935901671875 0.32340865937499996 0.66116470625 0.31489365625 0.6488646921875 0.3054494875 0.650808603125 0.293411096875 0.6606445421875 0.284334878125 0.6728863671875 0.279331115625 0.690743325
0 0.2854187203125 0.7899096343750001 0.2887538453125 0.7810810484374999 0.2874595921875 0.772722846875 0.27913070625 0.7563436234375 0.26394759375 0.7524726140625 0.24950966718749998 0.7292087203125 0.2395114328125 0.724933925 0.22839863125 0.7359062109375001 0.20913234531249997 0.7725608859374999 0.20746299375000002 0.7846653156250001 0.20838786874999998 0.788877715625 0.2228315109375 0.787533171875 0.22245641562500001 0.807995803125 0.2189373140625 0.8116754328125 0.220603090625 0.8149512765625 0.2406038484375 0.8050445375 0.2500501578125 0.7938724609375 0.2519034828125 0.7869169890625 0.26320025937499997 0.7810936609375 0.2711619125 0.7840989140625 0.279306821875 0.7953291796874999 0.2854187203125 0.7899096343750001
0 0.229921878125 0.5556219359375001 0.2188083625 0.5696702765625 0.22408487031250002 0.573379 0.2317651984375 0.5917312296875 0.22713081562499998 0.613733990625 0.22324019218750002 0.6224959765625 0.2065709875 0.63895440625 0.20619589375 0.6594170390625 0.194526878125 0.6733987828125 0.1939670953125 0.6917885125 0.1958154171875 0.7063654234375 0.20044336875000002 0.7120471515625 0.209331325 0.7131126984375 0.216554215625 0.7078263437500001 0.231188265625 0.6839462671875001 0.2552636203125 0.6704264984375 0.25748489375 0.6737689375 0.25729663125 0.6870763078125 0.260998996875 0.691621690625 0.27840766875 0.6803788171875 0.2802602796875 0.6764993984375 0.277854315625 0.6710840546875 0.2793382625 0.6599827796875 0.28804224375 0.65589936875 0.294897184375 0.6403151031250001 0.29304815 0.628814246875 0.2828637953125 0.6286186625 0.28268339375 0.6080894328124999 0.26713018437499997 0.603148675 0.24862195156250003 0.5650414828125 0.2384397390625 0.555617734375 0.229921878125 0.5556219359375001
0 0.1540595921875 0.775609284375 0.1531354296875 0.7683208296874999 0.15665453125 0.7646412015624999 0.139253003125 0.7451235328125 0.1348090265625 0.7445907593750001 0.12054721406249999 0.7603124218749999 0.12239839687500001 0.7625851124999999 0.12072976093750001 0.7716134859375 0.10498543281249999 0.7922843171875 0.102019684375 0.8052587046875 0.1053512375 0.8118103921875001 0.11924009843750001 0.8073231984374999 0.125904634375 0.814274465625 0.1353480875 0.8154066109375 0.1555342484375 0.80449671875 0.1635009 0.7859695890625 0.1540595921875 0.775609284375
0 0.238205103125 0.44014411249999996 0.2311697578125 0.43519915 0.21311538593749998 0.4361108140625 0.15562714375 0.40460962812499995 0.1313613796875 0.440664934375 0.1109898171875 0.45257797968749996 0.10487934531250001 0.45184541562499997 0.1024712390625 0.45565823749999995 0.0959913921875 0.4507798703125 0.082469053125 0.47171708749999997 0.0919110765625 0.4790013375 0.0974639046875 0.4888954671875 0.10042679375 0.48822529843750007 0.108762109375 0.476920028125 0.12635333124999998 0.47697821874999996 0.133023584375 0.45932105156249997 0.13783837031249999 0.45784751718749994 0.14690887187499999 0.470214128125 0.1609809890625 0.47395194687500003 0.15819921718750002 0.49207529218749996 0.1594913265625 0.5096616578125001 0.16078629687499998 0.5149438078124999 0.16893263593750002 0.520021965625 0.1812480625 0.513295378125 0.188932678125 0.513191278125 0.19689932968749999 0.494664153125 0.23820153125000001 0.455524384375 0.23968404687499997 0.45057522031249997 0.238205103125 0.44014411249999996