0 0 0.33176376875 0.0091634015625 0.32998214843749996 0.0157085375 0.334007721875 0.0200877734375 0.3566784765625 0.030675228125 0.36987559062500003 0.0352093203125 0.37124856093749997 0.0394267234375 0.36298865468749997 0.0565558296875 0.35409712187500003 0.0543662125 0.3427617453125 0.0551139890625 0.33299705468749996 0.061598439062499996 0.32542363124999996 0.0636869125 0.31742734375000003 0.061733068749999995 0.3002595171875 0.0578288671875 0.29203808124999997 0.05344963125 0.2693673296875 0.04485299375 0.25495648593750003 0.038169740625 0.249980803125 0.035447890625 0.23871133437499997 0.034127425 0.2408092625 0.0269119375 0.23589948593750001 0.0272655984375 0.227150809375 0.0175842640625 0.2090054421875 0.012079878125 0.1748675015625 0.0126895390625 0.1641527078125 0.0210671484375 0.1621481125 0.010931010937500001 0.13341976093750002 0.0053659390625 0.0876828234375 0.0011907609374999998 0.08000756406250001 0 0.0801550140625 0 0.33176376875
0 0.3070552171875 0.166788803125 0.31342178125000003 0.1621316078125 0.296029703125 0.12076081406250001 0.293624540625 0.119124221875 0.2795911734375 0.1344028796875 0.27129448125 0.151872803125 0.27772173125 0.1588146046875 0.27236243125000004 0.1778552140625 0.271516996875 0.1944024640625 0.26682804843749997 0.21432727499999998 0.25048717656249997 0.22118678281249998 0.248122471875 0.22728285625 0.24834150312499997 0.24369829375 0.253724515625 0.2546382375 0.253232740625 0.2624368078125 0.25621059218750003 0.271740159375 0.253886346875 0.2855688984375 0.242908259375 0.29950201718749997 0.23043113437499999 0.30685029375 0.2306299359375 0.3193993984375 0.2350461421875 0.3236885953125 0.24594679843749997 0.32040436875 0.2575582625 0.32573700781250003 0.26017896875 0.3176748140625 0.26774811249999997 0.3138359125 0.3161038625 0.3184874125 0.3245421578125 0.328081815625 0.3268496625 0.336500965625 0.34155686093750004 0.34822073124999997 0.348930690625 0.357946946875 0.3517906546875 0.370166525 0.3575273296875 0.372357790625 0.36882210312499997 0.36805755156250003 0.37238938906249996 0.362779775 0.3627485140625 0.352367075 0.3514502546875 0.3305530921875 0.3484521734375 0.3173834078125 0.3413343453125 0.3056910734375 0.3344320609375 0.28429995468749997 0.3331890234375 0.2757489921875 0.33525726875 0.2638863734375 0.3445207703125 0.253067196875 0.34217280781250003 0.23691538125 0.3389591828125 0.2334444796875 0.3360992171875 0.2212249015625 0.3235411765625 0.21310784843750002 0.3097198671875 0.1925735 0.3046905140625 0.172884878125 0.3070552171875 0.166788803125
0 0.5498512984375 0.1150467078125 0.548453403125 0.127793528125 0.540254365625 0.13848089531250002 0.53980305 0.15401213125 0.5360202203125 0.16898869218749998 0.517392075 0.1712953828125 0.50736056875 0.1880129171875 0.5102407625 0.20409882656249997 0.525203965625 0.21385247343749997 0.5201411265625 0.2386596296875 0.506444675 0.2674375 0.494065209375 0.26800321718750003 0.4851149078125 0.2623410515625 0.476915875 0.27302841718750004 0.4766801 0.27886086875 0.467969059375 0.29348047187500004 0.47378665 0.31113706875 0.4722506375 0.32293378437500003 0.48151762500000006 0.3382288296875 0.486388634375 0.3531010109375 0.49835375624999995 0.3496849734375 0.506101475 0.35452884375 0.5114810015625 0.339354565625 0.5096450453125 0.3192705109375 0.5129360984375 0.3120925203125 0.5235605249999999 0.3069080796875 0.534107521875 0.31237253125 0.5359434796875 0.3324565828125 0.5437114249999999 0.3411667875 0.54937066875 0.35400694375 0.5595807500000001 0.34597218281250003 0.571862559375 0.35218902500000004 0.5791352468750001 0.3425835765625 0.5740284625000001 0.33354384531250003 0.57244850625 0.3114936734375 0.5685443046875001 0.3032722375 0.5664725734375 0.2890206359375 0.5666881187499999 0.2793218515625 0.5614634484375001 0.273198346875 0.5511619953125 0.1874251125 0.5527182359375 0.17949473124999998 0.5495213531250001 0.1537759421875 0.5506632484375 0.1429952375 0.557659703125 0.131489578125 0.572147871875 0.12679390625 0.568755675 0.11464023281249999 0.5636691218750001 0.10946683593749999 0.5540889328125 0.1106531328125 0.5498512984375 0.1150467078125
0 0.7537075828125 0.3209666 0.759740715625 0.32892441250000004 0.7619101046875 0.33639345625 0.769657821875 0.3412373265625 0.769166046875 0.3490358984375 0.7609265546875 0.351990596875 0.7583058484375 0.360052790625 0.7605966093750001 0.39071982968749996 0.7679906671875 0.40431237812500004 0.7789722390625 0.41649348281250004 0.7873700765625 0.418355221875 0.79659660625 0.4259176015625 0.8012485843749999 0.4243743453125 0.8008914390624999 0.4070088015625 0.8064495390624999 0.40051729687500004 0.804536153125 0.3910821328125 0.8639167296875 0.288942621875 0.8700475187500001 0.2901178765625 0.8758044234375 0.2961754765625 0.8957530359374999 0.29177085625 0.902473259375 0.27836498125000003 0.9029245765624999 0.2628337453125 0.895291259375 0.228959425 0.8920776359374999 0.225488525 0.8856706125 0.222413059375 0.86865939375 0.22838836406250002 0.8615617953125 0.2205623625 0.8531639578125001 0.21870062343750002 0.8408047203125 0.22313267187500002 0.8111915156249999 0.1871440375 0.8011802375 0.20772790468750002 0.7888851703124999 0.249873175 0.7821244890625 0.255546384375 0.758726478125 0.26231255625 0.7507649578125 0.2802245796875 0.744201334375 0.285389784375 0.74783279375 0.3178252265625 0.7537075828125 0.3209666
0 0.5293483578125 0.570353678125 0.5351659453125001 0.588010275 0.5415729687499999 0.5910857421875 0.550957840625 0.6034645624999999 0.5597700234375 0.6081766234375 0.5670831671875 0.606303840625 0.572226921875 0.5969620140624999 0.567295225 0.5704908328125 0.5687133515625 0.561610346875 0.56693808125 0.5531252906249999 0.5754133453125 0.5443381375 0.586138915625 0.558485359375 0.59226970625 0.5596606125 0.6042717984375 0.53786301875 0.6040123140625 0.5137149171875001 0.6105944203125 0.4993589328125 0.609765728125 0.4936582921875 0.58754658125 0.4712622046875 0.5647142875 0.43346669374999997 0.5588597281250001 0.43419165312499997 0.549084225 0.44894306562499997 0.5427211453125 0.4797144859375 0.538897859375 0.48695838281250003 0.526302846875 0.4972228828125 0.5163285390625 0.49942519374999994 0.506297034375 0.516142728125 0.5146376703125 0.532519690625 0.5222472734375 0.5364134546875 0.5293853281249999 0.5519721203125 0.5293483578125 0.570353678125
0 0.38354658750000004 0.5178017609375 0.38875102968749997 0.5200589328125 0.399651684375 0.5167747046875 0.3996314546875 0.5129083718749999 0.389300003125 0.4977451390625 0.3699945375 0.44693918281249995 0.36179201562499996 0.431512328125 0.3543407578125 0.4324350015625 0.3479944234375 0.44095853281249997 0.3275812359375 0.5092565 0.339627271875 0.5213057921875001 0.3520304546875 0.5507206296875 0.362577453125 0.5561850796875001 0.3704835140625 0.5658453890625 0.37606184374999996 0.563220215625 0.3758832703125 0.5545374437499999 0.37048002812499997 0.5397311671875 0.37678590624999997 0.523474971875 0.38354658750000004 0.5178017609375
0 0.08232855781250001 0.44193754375000005 0.0782088109375 0.4434148953125 0.074385525 0.4506587921875 0.073381746875 0.4623896 0.076912059375 0.4754933796875 0.079458821875 0.5041943 0.0886651234375 0.50789035 0.09406836406249999 0.522696625 0.10122316406250001 0.5160074015625 0.10920665468749999 0.5150188203125 0.11591013593749999 0.5238608359375 0.1324498078125 0.5295504328125 0.1360170921875 0.5242726546875 0.13650886874999998 0.5164740859375 0.140076153125 0.5111963078125 0.14486625 0.5106031578125 0.1590412171875 0.5223888296875 0.16440400156249999 0.5294624406249999 0.1681903171875 0.5406001015624999 0.1854205671875 0.5510402328125 0.18784595625 0.5565431578125 0.1923598203125 0.55404979375 0.1900320875 0.5417643109375 0.18252014218749998 0.5310879875000001 0.17522374375 0.5107128828125 0.174651053125 0.5030461234375 0.16593652812499998 0.4915515046875 0.15891635625 0.4730766109375 0.1465299171875 0.42141388593749995 0.1480861578125 0.413483503125 0.1448725328125 0.4100126015625 0.13846551093749998 0.4069371359375 0.123050990625 0.412714725 0.1172368890625 0.42117235 0.1128039390625 0.43913104374999995 0.10210208437499999 0.45496437500000003 0.08822357656249999 0.4489452515625 0.08232855781250001 0.44193754375000005
0 0 0.6545728000000001 0.0035676968750000004 0.679115271875 0.0185694359375 0.6742253015624999 0.021958146875 0.660264753125 0.0276341328125 0.65085701875 0.0371166640625 0.65645328125 0.05523629375 0.6841930515625 0.07431575625 0.6663551265625001 0.07334894843749999 0.6597043796875 0.065954890625 0.6461118296875 0.0339972109375 0.6200856 0.032339828125 0.6086843187500001 0.0363012296875 0.6023905296875001 0.0361428859375 0.597574090625 0.0285702546875 0.57529876875 0.021334540625000002 0.5665226609375 0.010137425 0.564040340625 0.0011299265625 0.5728933984375 0 0.5784153625 0 0.6545728000000001
0 0.155676909375 0.7191489328125 0.153369403125 0.7107297828125 0.1569366890625 0.7054520046875 0.16119455 0.7049247624999999 0.1697709609375 0.7154692734375 0.178916575 0.7075663234375 0.19314874375 0.70483676875 0.2091561828125 0.7105922734375001 0.2134545015625 0.7177976953125 0.22051164218750002 0.71789103125 0.22467184843750002 0.724146346875 0.2298560609375 0.7225371843749999 0.22084507343749998 0.7052760218749999 0.20962424375 0.672813146875 0.195007728125 0.6020823796875 0.18670755 0.59343808125 0.17965040625 0.5933447453125 0.17064290937499998 0.6021978031249999 0.155410446875 0.6427723859375 0.144018015625 0.653855184375 0.1345759421875 0.6559915890625 0.1314027734375 0.660253353125 0.1338483921875 0.6696226109375 0.142502234375 0.6695182328125 0.1476125015625 0.7046721828125 0.1459181453125 0.711652459375 0.1507486984375 0.718791975 0.155676909375 0.7191489328125
0 0.1531168890625 0.7388101234375 0.16080740468750002 0.75816921875 0.1654628703125 0.7827401843749999 0.16341485625000002 0.7984691374999999 0.1689562140625 0.81422551875 0.176191928125 0.8230016296875 0.1873688140625 0.821617615625 0.1884130515625 0.8176194734375001 0.194149725 0.8198107390624999 0.1946617296875 0.8158785 0.20209275781249997 0.8110894906249999 0.1972217484375 0.796217309375 0.2041777453125 0.7769789828125 0.2124374671875 0.7778906140624999 0.2126327828125 0.764325496875 0.2077617734375 0.7494533156250001 0.205531696875 0.7303852734375 0.207738059375 0.7194727609375 0.2113458 0.72192765 0.21359261875 0.7187478015625001 0.198983075 0.7002454765625 0.17276555625 0.7025247359375 0.16838980625 0.70596820625 0.1552995328125 0.69791705625 0.150822640625 0.6820288624999999 0.148161478125 0.6823583890625 0.1456788875 0.6913706875 0.146450378125 0.711586553125 0.1589107609375 0.726486165625 0.1531168890625 0.7388101234375
0 0.075586684375 0.8838198640625 0.0688560015625 0.8188830734374999 0.0595687859375 0.7997216953125 0.054815660937499996 0.7819332875 0.049867223437500004 0.7777099953125 0.0450973578125 0.7821694765625 0.037349640625 0.7773256078124999 0.0310033046875 0.7858491375 0.0301174109375 0.7946637203125 0.023376959375 0.8042032625 0.0217802609375 0.8044009796875 0.029307549999999998 0.8561818015625 0.0311114203125 0.8574092453125 0.030260546875 0.8627375390625 0.0343027234375 0.8905439984375001 0.0392972 0.895083990625 0.0494096234375 0.8938317859374999 0.049726310937500004 0.9034646671875001 0.05266370625 0.9050353531249999 0.072238428125 0.9055130796874999 0.0713895078125 0.89594610625 0.0756271421875 0.891552528125 0.075586684375 0.8838198640625
0 0.1830572390625 0.8627743046875 0.1855196 0.8498956734374999 0.173887909375 0.8406967015625 0.1344252578125 0.8562225921875 0.13541229375 0.8667396734375 0.1332261625 0.8815185187499999 0.1292647609375 0.8878123078125 0.1286551 0.8985271062500001 0.1317508375 0.9049142296875001 0.194476871875 0.9077862828125 0.198279928125 0.896676053125 0.19770723750000002 0.88900929375 0.1927183421875 0.8770533374999999 0.1830572390625 0.8627743046875
0 0.2432567390625 0.8408117687500001 0.2407336875 0.8420914015625 0.24335788125 0.86014343125 0.25345356093750004 0.88113911875 0.261042934375 0.88116655 0.2691240828125 0.873395409375 0.2715292453125 0.8750320015625 0.2716875890625 0.8798484406249999 0.27720871874999997 0.8917384921875 0.291777803125 0.9025081500000001 0.3095570296875 0.8906344875000001 0.3100690328125 0.8867022499999999 0.3027356609375 0.8847086984375 0.294947484375 0.8721321640624999 0.29331032968750004 0.8645972140625 0.2952606875 0.8556508218750001 0.3026142875 0.8615107046875 0.3022976 0.8518778250000001 0.29892562968749997 0.8435904859375001 0.28620924375 0.8306569906249999 0.2896181859375 0.820562775 0.2894396140625 0.81188 0.2660416015625 0.818646171875 0.2643674734375 0.8294927812499999 0.26618320156249997 0.8457105 0.250748453125 0.8476217578125 0.2432567390625 0.8408117687500001
0 0.29349867343749997 0.798803653125 0.2910160828125 0.807815953125 0.2711079265625 0.8199532359375 0.2710304984375 0.830602128125 0.274796584375 0.8378734546875 0.2887322921875 0.8293773578125 0.28989441718750003 0.8224629875 0.29843036875 0.8252748343749999 0.2988851734375 0.8358578203125001 0.30491830625 0.84381563125 0.31171944375 0.8458750859374999 0.3175537765625 0.8412837953125001 0.328218659375 0.84383201875 0.3249645765625 0.832628453125 0.3354474 0.800379684375 0.3410661875 0.8054871765625 0.3470386359375 0.801845990625 0.34534079218749997 0.7827120453124999 0.34664103125 0.7767477828125 0.34942008125 0.7735020265625 0.35462452187500004 0.7757592015625 0.3589430703125 0.7868309546875001 0.3725453484375 0.790949865625 0.376921096875 0.787506396875 0.3786154515625 0.780526121875 0.3769782953125 0.7729911734375 0.3614828609375 0.76330343125 0.3523539890625 0.7489584921875 0.3457481671875 0.733333921875 0.341527275 0.7154796078125 0.3354739140625 0.7036554625 0.3351572265625 0.6940225828125001 0.3386066234375 0.69166103125 0.3336784140625 0.6913040734375 0.3278643109375 0.699761696875 0.315228840625 0.7022935343750001 0.311270925 0.734701546875 0.2929594671875 0.746641115625 0.2981471640625 0.7711461749999999 0.29408810625 0.7842225234375 0.29349867343749997 0.798803653125
0 0.34162144687499996 0.6825828265625 0.3623785234375 0.6800125140625 0.3762200625 0.704413196875 0.3785680234375 0.7205650125 0.388050553125 0.7261612734375 0.400015675 0.7227452359375001 0.40275426875000003 0.711766815625 0.3959126703125 0.7019746953125 0.39397905624999996 0.6886732 0.3984322359375 0.674580840625 0.3951376953125 0.655644609375 0.389242675 0.6486369046875 0.3784396765625 0.645138571875 0.37662394843749997 0.6289208515625 0.37285786249999997 0.6216495234375 0.367276046875 0.598160475 0.3609869125 0.59216878125 0.3522151859375 0.5951893875 0.342203909375 0.6157732515625 0.33962366093749996 0.6315681093750001 0.331050734375 0.6471378203125 0.34394569375 0.6687540875 0.34162144687499996 0.6825828265625
0 0.47348053749999996 0.6914023984375001 0.5015744718749999 0.716939859375 0.508513725 0.7199494234375 0.5127715875 0.719422178125 0.514998175 0.7123759984375 0.520478846875 0.716533384375 0.5324641984375 0.7169836796875 0.5369173765624999 0.7028913171875 0.536344684375 0.6952245578125 0.5295030890625 0.6854324375 0.5233890406249999 0.66200929375 0.521317309375 0.6477576921875 0.5244095609375 0.6280305953124999 0.5206637046875 0.6246256 0.5167190453125 0.6086715 0.516796475 0.598022609375 0.5197136390625 0.5957269640625 0.5102513375 0.5939970359375 0.50548146875 0.5984565171875 0.4969683609375 0.6190966703125 0.4829156375 0.63703755 0.476987134375 0.6745256234375 0.47278996093750003 0.6866518640625 0.47348053749999996 0.6914023984375001
0 0.4296693375 0.7664665375 0.423046771875 0.7730898546875 0.41792324531249997 0.7862980140625 0.4170778109375 0.802845259375 0.4269949171875 0.8151581765625 0.42624713906249995 0.8249228656250001 0.429895340625 0.8351104171875001 0.43602613124999995 0.8362856703125001 0.44060067968750005 0.84539130625 0.455247196875 0.8455120765625 0.46758620625 0.8372136921875001 0.476138903125 0.81777765 0.48187208750000005 0.7938546921875 0.49015204062500006 0.7986326578125 0.495514825 0.8057062687500001 0.4976842140625 0.8131753140625 0.5024945359374999 0.8164484968749999 0.5075406328125001 0.8138892296875 0.5009550390624999 0.8021309890625 0.4897342078125 0.769668115625 0.4861634375 0.7488316703125 0.491435190625 0.7385067859375 0.49873821874999996 0.7347008359375 0.4999003421875 0.7277864671875001 0.4855265734375 0.703451690625 0.4701490234375 0.690847725 0.45926859531249997 0.697998284375 0.45111001875 0.716418315625 0.451682709375 0.7240850734375 0.4547784484375 0.7304722015625 0.45501770781250006 0.750753971875 0.4528113453125 0.761666484375 0.45070264375 0.7657964390625 0.4296693375 0.7664665375
0 0.3358080328125 0.8438594515625001 0.35364794375 0.8435847859375001 0.3630328171875 0.8559636062499999 0.3672739375 0.8776842515625001 0.36264218593750003 0.8830938406250001 0.3621706390625 0.8947587421875 0.35964759218750003 0.8960383765625 0.3714983125 0.9216527859375001 0.38283354687500004 0.9250852125 0.410785878125 0.9235583437500001 0.4178025609375 0.915919015625 0.4139185875 0.9115639140624999 0.415020025 0.8930505468750001 0.4102871296875 0.8791284718749999 0.408292828125 0.8542279765625 0.4040147375 0.8508888890625 0.3998140765625 0.8369009078125 0.4009762 0.8299865375 0.41445710468749997 0.810907453125 0.41502630937499996 0.792459990625 0.41035410156249996 0.7901369140625001 0.3523205046875 0.7934542718750001 0.343057003125 0.8042734484375 0.3329243515625 0.80165931875 0.3243716578125 0.8210953625 0.3269553921875 0.8314147249999999 0.3358080328125 0.8438594515625001
0 0.5032730015625 0.88889280625 0.5112767203125 0.89177055625 0.5135639953125 0.896323375 0.5178218578125 0.8957961328125 0.5200484453125 0.8887499515625 0.517208709375 0.8803967078125 0.512792503125 0.8761075093749999 0.5122198124999999 0.8684407515625001 0.5176397984375 0.8609991375 0.516534875 0.853398284375 0.5108958593749999 0.8444244578125 0.50884435625 0.8340391875 0.50296956875 0.830897815625 0.5028112250000001 0.826081375 0.4879289359375 0.8317930609375 0.46439629531250004 0.8637233468750001 0.46700025937499995 0.8779090437500001 0.4962193453125 0.9149136906249999 0.5002009765625 0.912486234375 0.499311596875 0.8951865953125001 0.5032730015625 0.88889280625
0 0.5104815140625 0.8415741390625 0.5158645265625 0.85251408125 0.5476234062499999 0.86599120625 0.5507393734375 0.876244665625 0.5610505953125 0.88754156875 0.569919978125 0.8777384046875 0.57411715625 0.8656121609375 0.581706528125 0.8656395937499999 0.5883123515625 0.8812641671874999 0.5983068874999999 0.8829281890624999 0.60246360625 0.8630692812499999 0.6075097015625001 0.8605100140624999 0.60802170625 0.8565777765625 0.6027565796875 0.8427216062499999 0.5890936140624999 0.8270036968750001 0.58522986875 0.826514928125 0.5718668515625 0.8426777875000001 0.5637047875000001 0.834983596875 0.5567048453125001 0.8203750359375 0.5513992625 0.7987862015625 0.5498799921875 0.7883350265625 0.5550237453125 0.7789931984375 0.5484988375000001 0.7788339578125 0.5429979390625 0.770810240625 0.5388781921875 0.7722875890625 0.5254175156249999 0.7952330078125 0.5203714203125 0.7977922765625001 0.5104815140625 0.8415741390625
0 0.568817853125 0.743432771875 0.556775303125 0.7574976999999999 0.5557917515625 0.7730948421875 0.5514362328125 0.7804046437500001 0.5560310109375 0.7933766125 0.5626738062500001 0.790619628125 0.5726885703125 0.7961499828124999 0.5775965515625 0.792640609375 0.5794290234374999 0.7866104421875 0.5851454671874999 0.784935375 0.5911786015625 0.7928931875 0.5947291453125 0.8098633 0.5988893484375 0.816118615625 0.6064584921875 0.8122797125 0.621027578125 0.8230493718749999 0.62950284375 0.8142622203125001 0.62443651875 0.8129551546875 0.6194678515625001 0.8048655312499999 0.6207680890625 0.79890126875 0.609884175 0.7799376062500001 0.602941434375 0.7508138234375 0.608893653125 0.7433063046874999 0.619875225 0.75548740625 0.6264573328124999 0.7411314265625 0.6260025296875 0.7305484390625 0.6219197546874999 0.713644234375 0.6137374609374999 0.7020837109375 0.602638003125 0.6928188328125 0.5937079328125 0.691023 0.5851147812499999 0.7027263765625 0.570630096875 0.733536271875 0.568817853125 0.743432771875
0 0.6772119609375 0.848010071875 0.678926546875 0.8448961296874999 0.6757129203125001 0.8414252281250001 0.676144009375 0.822027659375 0.6898641734375001 0.8232303453125001 0.6909084109375 0.8192322031250001 0.6897832578124999 0.8077650171874999 0.6728257531249999 0.773110875 0.662652646875 0.762764078125 0.65295456875 0.7668666015625 0.6382913140625 0.788993725 0.6236650265625 0.7927392906249999 0.6150921031250001 0.808309 0.6135358609375 0.8162393828125 0.6163755984375 0.8245926265625 0.6219943875 0.8297001187499999 0.6301934203124999 0.8190127546875001 0.63790068125 0.816123959375 0.6484476781249999 0.8215884093750001 0.64994671875 0.8281732515625 0.6585231281249999 0.8387177640625 0.6772119609375 0.848010071875
0 0.613104084375 0.6828179515625 0.6190395609375 0.697558321875 0.627181396875 0.70138618125 0.6281684328125 0.7119032609375 0.6256656125 0.7170492296875 0.627282540625 0.7207178437499999 0.6434483234374999 0.7312897875 0.6471537234375 0.7269621171875 0.6474871546875 0.71434710625 0.6497339703125 0.711167259375 0.6721686625000001 0.7238645625 0.6852017359375 0.7464309359375 0.6918849875 0.7514066171875 0.7004007109375 0.75035213125 0.7050324609375 0.7449425421875 0.7073567093750001 0.731113803125 0.7075317953125 0.7136823531250001 0.696944340625 0.7004852359375 0.69737543125 0.68108766875 0.6821157671875 0.665567475 0.6787437984375 0.6572801359375 0.675173028125 0.636443690625 0.6832036031250001 0.6190067203125 0.6883777015625 0.6154643921875 0.6783224796875 0.602201371875 0.6702008734375 0.6022398453125 0.6601289078125 0.6112247140625 0.6410124734375 0.647444196875 0.6259920718750001 0.6522057734375 0.62502875 0.67166925 0.61531044375 0.671905440625 0.613104084375 0.6828179515625
0 0.7906546640625 0.8382299953125001 0.7883269328125 0.8259445124999999 0.7741115062499999 0.8064261765625 0.77286846875 0.797875215625 0.77472116875 0.795711378125 0.761728553125 0.780877671875 0.757470690625 0.781404915625 0.7401260421875 0.7999952296874999 0.743339665625 0.8034661312500001 0.7421775421875 0.8103805 0.7327759265625 0.8202495687500001 0.7396579796875 0.83777435625 0.758484928125 0.848016771875 0.767532884375 0.8468963796875 0.7741554515625 0.8402730625 0.7872254953125 0.8444578796875 0.7906546640625 0.8382299953125001
0 0.7458111093750001 0.563292165625 0.7472494625 0.5582780109375001 0.7491593640625 0.5415989515625 0.7472055203125 0.5244311234375 0.760767340625 0.5208173687500001 0.7698927249999999 0.5090480859375 0.7744268203125 0.51042105625 0.7801062921875 0.527127546875 0.7968817375 0.5269846921875 0.8043936828125 0.5376610140625 0.8071929609374999 0.5382815937500001 0.8128689484375 0.5288738625 0.822152678125 0.52192101875 0.8100661828125 0.5021390609374999 0.8036996203125 0.5067962578125 0.801550459375 0.5031935468750001 0.7956958984375 0.50391850625 0.7767308374999999 0.492725984375 0.7549832375000001 0.45866499374999997 0.6989540578125 0.48881600937499997 0.6817743796875 0.48804171093750004 0.674875584375 0.4927648140625 0.673063340625 0.5026613140625 0.67428615 0.5073459421875001 0.7121590765625 0.5442462124999999 0.7190411296875 0.5617709984375 0.7263643859375 0.5618313828125 0.7378478484375 0.56814708125 0.7458111093750001 0.563292165625