0 0.2627716765625 0.93267495 0.269102171875 0.9370033718749999 0.26590883593750003 0.953735953125 0.27178128749999997 0.9646716812499999 0.28234651875 0.9691273703125001 0.3050844515625 0.9676037000000001 0.320662228125 0.9584161390625001 0.3283452484375 0.94706016875 0.3293304734375 0.9341235156250001 0.33480538125 0.926563471875 0.34286001875 0.925150275 0.350754775 0.9273186859375 0.3633423078125 0.9230070578125 0.3907514140625 0.9191408734375001 0.39429476406249997 0.9164885828125 0.38459376875 0.8817122953125001 0.3913823078125 0.8794334125000001 0.39365955625 0.8759154390624999 0.39441576093749997 0.8662824375 0.3847018 0.8610246968749999 0.3489182890625 0.8734672968750001 0.3442903296875 0.8675347765625 0.3217122796875 0.8654768374999999 0.2656279703125 0.8723435265624999 0.23396252343750001 0.8802199640625 0.20830780624999998 0.8995880390625001 0.20594413125000002 0.9196560921874999 0.20900782968749998 0.9277486250000001 0.2319791046875 0.9356118171875 0.23991707343750002 0.9295051890625 0.2627716765625 0.93267495
0 0.6203302265625 0.8071371234375 0.624755090625 0.8249262921874999 0.6188912765625 0.8393715953124999 0.6382241375000001 0.8410561265625001 0.6471300453125 0.8388408765625 0.654355021875 0.8340922093750001 0.6680487703125 0.8342278765625 0.672879825 0.828303753125 0.6973202953125 0.8251759796875 0.7051415921874999 0.8143759203125001 0.71984649375 0.8101279296874999 0.7236880046875 0.8044499437500001 0.7207841875 0.7927758015624999 0.697579571875 0.7755257484375 0.704636025 0.748977659375 0.720766909375 0.7420137453125 0.724884971875 0.73744758125 0.727386925 0.717935440625 0.6986382625 0.707967471875 0.6604824359375 0.715097096875 0.6484480109375 0.72163236875 0.64458489375 0.7314478734375001 0.6376364703124999 0.7373083640625 0.592787171875 0.7555478203125 0.5808910218750001 0.7626390046875 0.5693880984375 0.77553544375 0.5734197375 0.7875193578124999 0.5786224125 0.7915380078124999 0.589070971875 0.7913002671875 0.6203302265625 0.8071371234375
0 1 0.7735472171875 0.99541538125 0.7858561296875 0.9652493765625 0.8039851140625001 0.9577694515624999 0.8034844390625 0.9536297812500001 0.8121881203125 0.9565552046875 0.8197247453125 0.9679500953125 0.827515903125 1 0.8200879234375 1 0.7735472171875
0 1 0.5306182296874999 0.9822099515625 0.5299963046875 0.9505228984375 0.5420102609375 0.937019278125 0.5595364968750001 0.9398064234374999 0.56651720625 0.957415140625 0.5739433593750001 0.9555095078125 0.58740410625 0.9607121828125 0.5914227546874999 0.9767998546875001 0.5927338796875 0.9887694609375 0.598611165625 1 0.593475421875 1 0.5306182296874999
0 0.49688772812500004 0.6276930125 0.5052621312500001 0.6191165984375 0.5223825609375 0.611906546875 0.5325977796875 0.6022819421875 0.5725296 0.6065166875 0.6108237015625 0.5999429765625 0.6220803187499999 0.6071782234375 0.6385828203125 0.6101570828125 0.6447750390625 0.61392959375 0.682239478125 0.6040204124999999 0.68960273125 0.59982765625 0.698115415625 0.5918071546875 0.7036810671875 0.5803875484375001 0.6872649890625 0.5608586125 0.6758484921875 0.5572049734375 0.6544846890625 0.5389067296875 0.65581560625 0.5273598546875 0.6232038281250001 0.5272073921875 0.607297646875 0.5181771421875 0.5802083078125 0.5148801125 0.5742710375 0.51635694375 0.566173184375 0.52604518125 0.5377745359375 0.5301575046875 0.5287087453125 0.5359543625 0.5042553078124999 0.56860068125 0.5003273734375 0.59082874375 0.48656880625000004 0.6031056375 0.47257689531249997 0.605995665625 0.45375393124999996 0.6148098203125001 0.45454037812500003 0.6264203296875 0.4721490984375 0.633846478125 0.4814698359375 0.6332989671875 0.49688772812500004 0.6276930125
0 0.1408156515625 0.793001934375 0.15589217187499999 0.7986967171875 0.17566146875 0.7979114625 0.19222878906250002 0.7884777609375 0.205624378125 0.7916391234375 0.22430906718750002 0.782269059375 0.23915224375 0.7785769796875 0.25065516875 0.765680540625 0.2551146046875 0.7498136421875 0.2880893640625 0.7345278515625 0.30410357656250003 0.7228705046874999 0.30453137343750003 0.695019690625 0.2996052546875 0.6921128640624999 0.2901462390625 0.692104465625 0.2832626359375 0.6855524 0.2897962265625 0.6780241734375 0.2978206203125 0.6553674671875 0.2827873125 0.641397646875 0.2693917234375 0.6382362828125 0.2611988078125 0.63909356875 0.21949963125 0.648875484375 0.1295244765625 0.6842425734375001 0.10414631562500001 0.7047224703125 0.1081649875 0.746224934375 0.13562594375 0.7594647375 0.13632596875 0.787625321875 0.1408156515625 0.793001934375
0 0.11732154531250001 0.5337982421875 0.13317587343749998 0.525722503125 0.1426348890625 0.5257309 0.15009320625 0.5303690953125 0.17582138125 0.523969490625 0.18247164531249999 0.521134696875 0.197656196875 0.5061418796875 0.1944542171875 0.4974934359375 0.197902503125 0.48601019687499997 0.2079578390625 0.47996720000000004 0.21179935 0.474289215625 0.214949475 0.4658316703125 0.2123222125 0.45526935156250004 0.1960228046875 0.440433846875 0.17839248125 0.437145215625 0.16681609687500001 0.43707318281249996 0.1634110265625 0.44028138281249996 0.15068521562499998 0.4440370984375 0.13135235625 0.4423525671875 0.121128496875 0.42659614062499995 0.11240407968749999 0.42109226250000004 0.1012425296875 0.42268796406250003 0.0871339484375 0.4208845640625 0.06462935625 0.431795096875 0.059234389062500004 0.43756433437500003 0.043943970312500004 0.44579495781249995 0.0513806828125 0.4545706734375 0.050602871875 0.46834119375 0.027406896874999996 0.47647216718749996 0.024784996875 0.47799637187500005 0.0284223078125 0.5481445218750001 0.0316562484375 0.561145846875 0.041658067187499995 0.5591120859375 0.054915378125000004 0.5617175375000001 0.0619804734375 0.5605504781249999 0.0787076765625 0.5475351703125 0.11732154531250001 0.5337982421875
0 0.41021828437499996 0.43556016406250003 0.4342655296875 0.42662714062499996 0.446183284375 0.41539843750000005 0.4533866546875 0.4147872890625 0.47022188906249995 0.3810843828125 0.49622661875 0.3757966015625 0.4995884796875 0.3808634390625 0.507504840625 0.378894328125 0.5162508625 0.3802606890625 0.5222832000000001 0.3876148078125 0.5185799656250001 0.3938487046875 0.5213671125 0.4008294171875 0.525601846875 0.4009566828125 0.528665546875 0.40904921875 0.536560303125 0.4112176296875 0.5622668703125 0.40895554218749997 0.5815997328125 0.4106400734375 0.604635825 0.4060907078125 0.614116446875 0.40196158750000005 0.6405057609375 0.377098028125 0.6379433171875 0.35412315 0.6234631171875 0.342376975 0.6399353734375001 0.324112325 0.6438417015625 0.3060217828125 0.6382241984375 0.300335396875 0.6218815796875 0.29377492968749996 0.6008245750000001 0.2978320203125 0.5909507296875 0.2961558875 0.5946539640624999 0.2899219890625 0.60797609375 0.2801148828125 0.6106897828125 0.274127125 0.6094452890625 0.2691239203125 0.5966460203125 0.2599111640625 0.5915081671875 0.24347995781249998 0.582645471875 0.23742016562499998 0.5723567953125 0.2340762984375 0.542277215625 0.2356552046875 0.5168255921875 0.243166634375 0.5037800156250001 0.254085565625 0.48143530781250005 0.2614144890625 0.47050709687500003 0.2723970515625 0.47546346249999993 0.2965473875 0.47019597187500006 0.3049412984375 0.4581615453125 0.3114765703125 0.427209090625 0.317995046875 0.4206971046875 0.32138575 0.41273753125 0.3316298984375 0.41789699062499996 0.3439235890625 0.428898659375 0.3459094921875 0.4332500671875 0.3507301921875 0.41337273750000003 0.3722030453125 0.3941133328125 0.3834869828125 0.379983146875 0.3858211 0.3551797 0.40438712656250003 0.350072090625 0.409199428125 0.3531357890625 0.4172919640625 0.35831685625 0.42544813125000003 0.3781596125 0.43763134687500005 0.41021828437499996 0.43556016406250003
0 0.9379829328125 0.21278690781249998 0.91561661875 0.22425335156249998 0.8943565203125001 0.24016708750000001 0.8871099375 0.2490532734375 0.8812245171875001 0.2676360953125 0.8856709890625 0.281287746875 0.89566150625 0.287657309375 0.8975973843749999 0.2954400703125 0.8920317296875 0.30685967812500003 0.9072465265625 0.3131103703125 0.9115979328125 0.3179310703125 0.9272707718750001 0.317574459375 0.943263378125 0.31005463125 0.9553410171875001 0.295244321875 0.9941326703125 0.2822221359375 0.9634264 0.158774478125 0.9489673234374999 0.16401075625 0.944849259375 0.16857691875 0.9469234140625 0.1769155921875 0.9409429296875 0.1866674625 0.9522427578125001 0.1856276734375 0.9570089953125 0.19211610625 0.9507087437499999 0.20903119375 0.9379829328125 0.21278690781249998
0 0.8394055343750001 0 0.8469620859375 0.0158333578125 0.8442267906250001 0.0259586375 0.8601329734375 0.0349888890625 0.876103971875 0.0316065828125 0.8902125546875 0.0334099828125 0.9197822390624999 0.021332389062500002 0.9239953671875 0.0255971796875 0.9307622999999999 0.0274558171875 0.9239329625 0 0.8394055343750001 0
0 0.373595475 0 0.3710859265625 0.007876834374999999 0.3607756421875 0.0086704859375 0.3374529140625 0.005026859375 0.3084769984375 0.012234303125 0.29576381875 0.021889940625 0.2904963265625 0.030283851562500002 0.294826125 0.03924206875 0.2937717625 0.051900765625 0.313912678125 0.0610582859375 0.3250742296875 0.059462584375 0.330713340625 0.061011448437500004 0.33272267499999997 0.08176268125 0.3261674796875 0.09342842500000001 0.312728678125 0.0985421 0.3032264484375 0.1068087421875 0.28937281718749996 0.11025468281249999 0.2834139390625 0.115869034375 0.28523314843750003 0.11895836562499999 0.299021959375 0.1279249828125 0.323440825 0.1289347328125 0.33220845468750004 0.126163571875 0.335336971875 0.12184354687500001 0.35190429375 0.11240984843749999 0.3646084984375 0.1127916515625 0.3704074921875 0.11075890937499999 0.3976351078125 0.11461185 0.41445737656250003 0.1104274921875 0.44352580625 0.11323224375 0.45098412187500003 0.117870440625 0.4615709609375 0.118188609375 0.488608446875 0.10437965 0.49789893906250005 0.0825886265625 0.490877059375 0.075480646875 0.4789852375 0.027672254687499998 0.4569084421875 0.0107319734375 0.46829898593749997 0 0.373595475 0
0 0.060208834375 0.22392616875 0.049047282812499995 0.2255218703125 0.04540886875 0.21934321093750003 0.024213590625 0.2228443859375 0.012542143750000002 0.21394140312499998 0.012010640625000001 0.20758023906249998 0.0359196078125 0.198091303125 0.0359325765625 0.168572753125 0.01652625625 0.153919753125 0.007905140625 0.152456278125 0.0137172734375 0.2645474109375 0.0514066328125 0.2603533953125 0.059068046875 0.25313494375 0.06670785312500001 0.2500540109375 0.07310316875 0.24196987343749998 0.0713271734375 0.230605503125 0.060208834375 0.22392616875