0 0.9593523218750001 0.6285991046875 0.956056015625 0.621959715625 0.9525049781250001 0.6200648375 0.939284690625 0.6243980234375 0.9328518671875001 0.62137209375 0.9281072218749999 0.6001319390625001 0.9175540140624999 0.5888067718750001 0.9131289468749999 0.5880723125 0.9092232687499999 0.5965624828125 0.8928165124999999 0.607329396875 0.8951888359375 0.6179494734375 0.8946793718749999 0.627438496875 0.8885611609374999 0.6355614390625 0.8867131953125 0.643522815625 0.8889856109375 0.6597834265625 0.8929511703124999 0.6671866421875 0.8976958140625 0.688426796875 0.9063461374999999 0.7011767812499999 0.9129337859375 0.7050987359375 0.9158205374999999 0.7155866140625 0.9170541703125 0.713397971875 0.9241562468750001 0.717187728125 0.924006384375 0.7256485296874999 0.9337904328125 0.741850409375 0.939878546875 0.7739750390625 0.939523909375 0.7843600875 0.9314478968750001 0.7873712859374999 0.941906159375 0.813693815625 0.94770341875 0.8528751796874999 0.9598844609375 0.6473200890624999 0.9588977765625 0.6446246875 0.9593523218750001 0.6285991046875
0 0.6247918609374999 0.7712739984375 0.6371430796875 0.77745805625 0.6509925937500001 0.7954226156249999 0.6563016203125 0.8137103031249999 0.6541440046875 0.8198796328125001 0.648075746875 0.82518230625 0.6658458296875 0.8627271734375 0.6682131890624999 0.8639904250000001 0.6814784640625 0.8474801453125 0.6891349921875001 0.8296037828125 0.682752121875 0.8237575843749999 0.6875268640625001 0.8047501671875 0.6879814078125001 0.7887245843749999 0.6920869 0.7689533453124999 0.7077744499999999 0.760242875 0.709932065625 0.7540735453125 0.7093577578125 0.738312359375 0.7038988703125 0.7284854734375 0.7042035546875 0.72092069375 0.7011120265625 0.712357059375 0.7030599015625 0.6987551484375001 0.7133934375 0.6839340828125 0.725325171875 0.67525298125 0.724855734375 0.6632080859375 0.72048061875 0.6596533609375 0.7099872953124999 0.664221578125 0.6986149765625 0.6605933875 0.69625258125 0.6686869625 0.6890006453125 0.6733580109374999 0.64202796875 0.67513523125 0.633637340625 0.6669975625 0.631215065625 0.6591977499999999 0.6167012656249999 0.6498261953125 0.6093394921875 0.6414241265625 0.6062979171875 0.6300402234375 0.6006891703125 0.6286741421875 0.58983624375 0.634270578125 0.586494946875 0.6398082828125 0.5960692515625 0.64857758125 0.6075014546874999 0.668099153125 0.610697853125 0.680379078125 0.6178548484374999 0.6907053921874999 0.6250168046875 0.71038853125 0.6264102265625 0.7184527375 0.6246671312500001 0.7301304046875 0.61592683125 0.7417346046875 0.6185588484375 0.756966996875 0.621750284375 0.7598900953125 0.6247918609374999 0.7712739984375
0 0.39807789374999997 0.8926202484375001 0.40163389531250004 0.9038719499999999 0.4066782625 0.9081905000000001 0.4159379546875 0.9058109249999999 0.419948503125 0.9010370468750001 0.42102234687499995 0.8885955546875 0.4287337921875 0.87725575 0.42882873281249995 0.8622583890625 0.432165065625 0.8473638593749999 0.4501700234375 0.842736909375 0.45952465625 0.8253599749999999 0.45637821093750003 0.8102597812500001 0.44165963281250004 0.80281246875 0.446019853125 0.7782967171874999 0.458660865625 0.7488455218750001 0.47064751875 0.746700975 0.47944770156249994 0.750990159375 0.4871591484375 0.7396503546875 0.487259053125 0.7340098187499999 0.49538005625 0.718821525 0.48935182343749994 0.7025902796875 0.4905804921875 0.6910448109375 0.48126091875 0.6775310015625 0.47621158750000003 0.6638556265625 0.4646894078125 0.668688240625 0.4570729046875 0.6650306828125 0.452193290625 0.6803218078125 0.45441575468749995 0.6994026890625 0.4513841078125 0.7067324390625 0.4412004328125 0.7130927015624999 0.43085696718750005 0.7092001140625 0.4286345046875 0.690119234375 0.42091313125 0.6827453875 0.41514459375 0.67112645625 0.40542539062499994 0.6801747875 0.3933838203125 0.675782771875 0.3865464046875 0.68596215625 0.3916956421875 0.6939969984375 0.393713328125 0.715002121875 0.3976788859375 0.7224053359375 0.40000125468750003 0.73584568125 0.40000621875000003 0.7452025078125 0.40520541093749995 0.7504170796875 0.41708191875 0.8315879453124999 0.4157483796875 0.839417121875 0.419414215625 0.8637419421875 0.418545153125 0.8742591875000001 0.412017384375 0.8862306171875 0.39807789374999997 0.8926202484375001
0 0.21424303125000002 0.7863896390625 0.221564934375 0.7681313624999999 0.227812990625 0.762314578125 0.223577809375 0.7315853999999999 0.2178142375 0.7293232921875 0.21179096875 0.722448871875 0.2095235171875 0.715545084375 0.20190701406249997 0.7118875296875 0.20221170000000002 0.70432275 0.2101328875 0.7004155265625001 0.21249528125 0.6923219515625 0.20959860312499998 0.663120421875 0.202131959375 0.6510020609375 0.19121915 0.640705115625 0.183038265625 0.640000025 0.173928434375 0.633918796875 0.16945341249999998 0.63600460625 0.17018254531250002 0.6526618156249999 0.164938365625 0.6596243375 0.167001040625 0.6684523671875 0.111697309375 0.7743738296875 0.10572895625 0.7740359671875 0.1000153390625 0.7689535937499999 0.08077675 0.775769184375 0.0745586328125 0.7895326625 0.074463690625 0.8045300234375 0.0826095140625 0.8361258578124999 0.08580095 0.8390489578125001 0.09207895 0.841178865625 0.108435753125 0.8332322187500001 0.11548787499999999 0.83984224375 0.12366875937499999 0.84054733125 0.135550540625 0.8346864984375 0.16504758125000002 0.8654745046875 0.17429734531250002 0.8443812796874999 0.18528524062500001 0.8022535609375 0.1917130984375 0.795922665625 0.21424303125000002 0.7863896390625
0 0.453319296875 0.509604571875 0.4448737546875 0.49493034218750004 0.43741207343750005 0.49216880781250005 0.4301502078125 0.4781262046875 0.4297806765625 0.460440775 0.4237524453125 0.44420952812500003 0.4174744453125 0.44207962187499994 0.40810491875 0.4313860796875 0.39945956250000003 0.42799292031249997 0.3924124015625 0.4307397234375 0.387632696875 0.4403903140625 0.3929966421875 0.465214559375 0.391817925 0.47393976093749995 0.393725775 0.48187176875000004 0.3857046796875 0.49141952812499995 0.37499664843749997 0.4791983359375 0.369028296875 0.47886047343750004 0.35787565 0.50137851875 0.35865970156250004 0.524572284375 0.352596409375 0.539231784375 0.3535253578125 0.5446079234375001 0.375555753125 0.5632775703124999 0.3985200640625 0.5966801828125 0.40417876562500005 0.595225996875 0.41332862031250006 0.5797733078125 0.4188176046875 0.5493526203125 0.4223636796875 0.5418906734375 0.43434536718750005 0.530389303125 0.4439646625 0.5269815062500001 0.453319296875 0.509604571875
0 0.578515028125 0.44748559375 0.57887959375 0.45581419843750004 0.58444335 0.46935737343749995 0.5786897093750001 0.4858089203125 0.5722618484375 0.49213981562500003 0.5671675296875 0.490641534375 0.5566742046875001 0.49520975 0.5567790765625 0.49892604062499996 0.567127503125 0.512175453125 0.5869602609375 0.5585483484375 0.59525098125 0.5723265546875 0.6024529609375 0.570475775 0.6084163484375 0.5614568125 0.62669620625 0.493124125 0.6147545390625 0.483091578125 0.602083740625 0.45640182031250004 0.591740275 0.452509234375 0.5838640765625 0.4442393625 0.578515028125 0.44748559375
0 0.8325205765625 0.5506565609375 0.8364212875 0.532809565625 0.846445175 0.5161964546875 0.860030028125 0.520191871875 0.865898471875 0.52617026875 0.8698590656249999 0.5242166562499999 0.8734051390625 0.5167547078125 0.8741193781250001 0.5053414390625 0.870408553125 0.4931937140625 0.8673070953125 0.465916428125 0.8583021343749999 0.4635514890625 0.8527383765625001 0.45000831249999995 0.845950915625 0.4573674296875 0.8382345046875 0.45935040781250003 0.8315419859375 0.4517121640625 0.8153849953125001 0.44837774062499997 0.8120437 0.45391544375 0.8117390140625 0.46148022187500004 0.80839771875 0.4670179265625 0.8037678734375 0.46820771250000004 0.7897685 0.4587039578125 0.7844144828124999 0.45259336406250006 0.780498878125 0.44236988281249995 0.7635677656250001 0.43455534218749997 0.7610955359375 0.4295758 0.7567753374999999 0.4325576328125 0.7593024859375 0.44407373281250007 0.7668190828125 0.45337182499999995 0.7743406421875 0.47202674218749996 0.7750648124999999 0.479327125 0.7837650875 0.4892568421875 0.7909770015625 0.5061197125 0.8041222015624999 0.5542111921874999 0.8027886609375001 0.5620403703125 0.805980096875 0.56496346875 0.8122580953125 0.567093375 0.8270716171875 0.5595433265625 0.8325205765625 0.5506565609375
0 0.9513638406249999 0.3460552890625 0.95094435625 0.3311901265625 0.9429983468750001 0.2883132203125 0.940990590625 0.2860217453125 0.9225760781250001 0.29449718593749996 0.9195993484375 0.30836349375 0.9143052140625001 0.31814628125 0.9049906046875 0.3139892984375 0.8868159296875 0.2896497484375 0.86871603125 0.30927405937499997 0.869799803125 0.3155462203125 0.877266446875 0.32766458125 0.9088162328125 0.3485669671875 0.910674128125 0.35931924375 0.9069732296874999 0.36588516875 0.9072329234375 0.3704974828125 0.9150641359374999 0.39094444687499996 0.9222710828125 0.3984504921875 0.933178928125 0.3993906125 0.9417144499999999 0.3897106546875 0.9485369734375 0.35146079375 0.9513638406249999 0.3460552890625
0 0.8025547171875 0.3150466078125 0.7968262046875 0.28189375625 0.798314571875 0.2749606015625 0.7934749828125 0.2687178078125 0.7886903125 0.269011571875 0.7911125875 0.2768113828125 0.7877712921875 0.282349084375 0.7836558734375 0.2834066734375 0.7751104234375 0.27437297968749996 0.766420075 0.2831569140625 0.7526853609375 0.2876222984375 0.7370428 0.284155675 0.7327176375 0.27778068125 0.725875259375 0.27860324062499997 0.721704921875 0.273124271875 0.716715471875 0.27534228125000004 0.7258302671875 0.2907803328125 0.7374222578125 0.32055475625 0.753149525 0.38669889375 0.7613853265625 0.3939405421875 0.7682277078124999 0.3931179828125 0.7767632296875 0.383438025 0.7906329109375 0.3424413625 0.8014309203125001 0.330308365625 0.8105357874999999 0.3270327671875 0.8135174812500001 0.3225232859375 0.8109403796875 0.3138274515625 0.8025547171875 0.3150466078125
0 0.79678618125 0.303427675 0.79899375 0.294438078125 0.79780014375 0.2750928 0.785394003125 0.26237218281249997 0.7907380921875 0.24976912499999998 0.782856928125 0.23214243125 0.7778026328125 0.209110228125 0.7794408578125 0.193716271875 0.7737222765625 0.1792770734375 0.766515328125 0.171771028125 0.7557123531250001 0.174547196875 0.75478836875 0.178527884375 0.7491796234375 0.1771618015625 0.7487700671875 0.1810102921875 0.74167295625 0.1865773625 0.7467222859375 0.2002527375 0.7404042625 0.2196567484375 0.732378203125 0.21984768125 0.7324880390625 0.2329207984375 0.73753736875 0.246596171875 0.7401194359375001 0.26464883125 0.7382215140625 0.275430475 0.7346704765625 0.273535596875 0.7325628140625 0.276884659375 0.74713153125 0.2927927734375 0.772493296875 0.2872110671875 0.77665866875 0.283333209375 0.7895243171875 0.289385071875 0.7942140453125 0.3040886671875 0.79678618125 0.303427675
0 0.9182862875 0.160842921875 0.912198171875 0.1287182921875 0.9099307218750001 0.12181450625000001 0.9063796843749999 0.1199196296875 0.907558396875 0.111194428125 0.9031733546874999 0.0889260515625 0.8976145609374999 0.0847397015625 0.8878404421875 0.087251475 0.8873210484375 0.078026846875 0.8844392640625 0.07689579375 0.8654554062500001 0.0789668734375 0.8664892249999999 0.088059303125 0.8624786765625 0.09283318125 0.8626884203125 0.10026576250000001 0.8706443578125 0.1618563203125 0.8800688031250001 0.1790864203125 0.8850681796875 0.1955820640625 0.8899577234375 0.199004590625 0.894482696875 0.19409851250000001 0.9020992015625 0.19775606875 0.9080625859375001 0.188737103125 0.9087268749999999 0.1801441015625 0.9150498625000001 0.1700969171875 0.91916528125 0.1690393296875 0.9173123500000001 0.1676438796875 0.9182862875 0.160842921875
0 0.746922409375 0.0925831390625 0.74348120625 0.10376137968750002 0.7442053765625001 0.1110617625 0.7493046624999999 0.12191686875 0.758983840625 0.1344024578125 0.7568811390625 0.1471083453125 0.7683583296875 0.15445282656249998 0.8062661640625001 0.13441728125000002 0.8050775203124999 0.12442883125 0.8068705703125 0.10993089687499999 0.8105714687500001 0.10336496875000001 0.81092610625 0.0929799234375 0.807784625 0.08723655625 0.746922409375 0.0925831390625
0 0.6795221890625001 0.18757602812500002 0.6809056828125 0.176926584375 0.678788090625 0.16156199375 0.693706484375 0.15772823593750002 0.7011182093749999 0.1633100375 0.7035355203125 0.1617530203125 0.700593853125 0.144728584375 0.69034533125 0.1258386375 0.682988521875 0.12679339375 0.6753270312499999 0.13531293125 0.6729596734375 0.13404967968749998 0.672699978125 0.129437365625 0.667086265625 0.11871445624999999 0.6527272890625 0.1102389234375 0.63575615 0.123958303125 0.6353465953125 0.1278067890625 0.6424986234375 0.128776278125 0.6503248703125 0.13986641718749998 0.65207789375 0.1469024015625 0.6503847515625 0.1557598015625 0.6431278515625001 0.15107402187500002 0.6436472421875 0.1602986484375 0.6470983734375 0.1678340625 0.6597092890625 0.1786304359375 0.6566276890625 0.188780453125 0.6569922578125 0.19710905625 0.6795221890625001 0.18757602812500002
0 0.6375336859375 0.27416694218750004 0.6550192515625 0.2603153640625 0.6494505296875 0.2374153609375 0.653096509375 0.22431287812499998 0.653346278125 0.21021154062499997 0.6555538453125 0.20122194375000002 0.6745826953125 0.18697376875 0.67442290625 0.1767209203125 0.670612171875 0.17021373125 0.6572919781250001 0.1801874515625 0.656318040625 0.18698840625 0.6479823328125 0.18538729375000002 0.6473081171875 0.17526664375 0.64128485 0.1683922234375 0.634647246875 0.1672905359375 0.629093415625 0.1724610125 0.6187 0.17138869375000002 0.6221011765625 0.1817443734375 0.6126515984375 0.21411867031249998 0.6070928046875 0.2099323203125 0.6013841515625 0.2142067734375 0.6034517890625 0.23239162812499997 0.6023230265625 0.23829656093749998 0.5997009375 0.2417778234375 0.5946066171875 0.240279540625 0.590176584375 0.2301882578125 0.57690138125 0.227984884375 0.572736009375 0.231862740625 0.5712476453125 0.2387958953125 0.57300066875 0.24583188125 0.5882336765625 0.25314699375 0.597398425 0.26576478125 0.6041458625 0.27993958281250003 0.6086308125000001 0.296567425 0.6147589515624999 0.3071581359375 0.61527834375 0.3163827625 0.6119870015625 0.31910019843750004 0.616771671875 0.3188064328125 0.62222063125 0.30991966875 0.6344120625 0.3058508796875 0.6375336859375 0.27416694218750004
0 0.6101737859374999 0.39255935468750003 0.6123264374999999 0.37703319999999996 0.6202926140625 0.3609488828125 0.6073171296875 0.341823903125 0.609265003125 0.32822199375 0.5892023375 0.3333777390625 0.5752479546875 0.311696890625 0.572615934375 0.2964645 0.5633013250000001 0.2923075171875 0.5517791453124999 0.297140128125 0.5493667984374999 0.3080539703125 0.5562141406250001 0.3165882375 0.5583816859375 0.32913255937499997 0.554376103125 0.343263265625 0.5579870234375 0.3610515265625 0.5638554671875 0.367029921875 0.5744037093750001 0.36899826562500004 0.5765213015625 0.38436285468750003 0.580332034375 0.39087004531249997 0.5862603609375 0.412741828125 0.59248840625 0.41769200156249997 0.6009240218749999 0.41365258125000004 0.6101737859374999 0.39255935468750003
0 0.460090925 0.4093703640625 0.47331625468749994 0.39029687343749997 0.47823589218749996 0.3534718296875 0.4820366984375 0.34126536875 0.48126257499999997 0.3367852546875 0.45346860468749994 0.3158535 0.44667617968749995 0.3138557921875 0.44256075937499995 0.3149133796875 0.44055796718750007 0.3219787328125 0.4351539984375 0.3186884046875 0.42352694843750005 0.319804728125 0.419521365625 0.33393543124999997 0.42024553437499995 0.341235815625 0.427092878125 0.34977008125000003 0.43353563125 0.3715096640625 0.43585799999999997 0.384950009375 0.43329579375 0.4043246546875 0.4370016546875 0.40711555468749994 0.44117695625 0.42195134999999995 0.44133674687499996 0.4322042 0.43855983125 0.4347894375 0.44776956874999996 0.43523012968749997 0.45229454375 0.43032405 0.460090925 0.4093703640625
0 0.49852846875 0.2967874421875 0.49784928749999996 0.2773099671875 0.499747209375 0.2665283234375 0.5017000453125 0.262283240625 0.5220723625 0.258919540625 0.528345396875 0.251692621875 0.53302023125 0.23832574062499998 0.533474778125 0.22230015937499997 0.523590821875 0.21173881562500002 0.5241002859375 0.20224979062499998 0.5203395046875 0.19292233281249999 0.51437115625 0.192584471875 0.5097363453125 0.1844174328125 0.49553715781249996 0.1861947484375 0.4837602453125 0.1957718734375 0.47589893906249997 0.21557248125 0.47086946718749995 0.239324409375 0.46273853593750003 0.2357990515625 0.45738451874999997 0.22968845624999998 0.45511706875 0.2227846671875 0.4503823515625 0.220258165625 0.4455477265625 0.22337219687499998 0.45219029375 0.233830709375 0.463782284375 0.26360513124999996 0.4677028515625 0.28318543906250004 0.46282075625 0.29379815 0.45582603437499997 0.2984030984375 0.4548520984375 0.3052040546875 0.46932090937500004 0.3267527046875 0.4845039625 0.336888084375 0.49489241718750004 0.32860357812499996 0.5023941203125 0.30983119375 0.5016699499999999 0.302530809375 0.49852846875 0.2967874421875
0 0.605189921875 0.2113571359375 0.6150689109374999 0.21256165624999998 0.62293021875 0.192761046875 0.6201982921875 0.1831691921875 0.6113431921875 0.17234345 0.594057440625 0.17491395781250002 0.5846879109375 0.164220415625 0.5800980921875001 0.143876284375 0.5844682421875 0.13807418437500002 0.5846680546874999 0.1267931140625 0.5870853671875 0.12523609687499998 0.5750338671875 0.10213043125000001 0.5639711968750001 0.1002942875 0.5369113249999999 0.10537656875000001 0.5302786875 0.11363170781250001 0.534139375 0.1173186296875 0.5334800515625 0.135268459375 0.5383745578125 0.1480478109375 0.540856715625 0.1717410046875 0.54507700625 0.17439970625 0.5494570859375 0.1873112578125 0.54848315 0.1941122125 0.535837171875 0.214206584375 0.5356922765625 0.2320242125 0.5402721671874999 0.2336546953125 0.59644961875 0.22296133906249999 0.605189921875 0.2113571359375
0 0.4834307390625 0.156552525 0.4542933015625 0.1247362953125 0.45048753281250004 0.1275859296875 0.45173109375 0.14411094062500002 0.4480301953125 0.1506768640625 0.4402089125 0.14894355312500002 0.437891509375 0.144860034375 0.433776090625 0.145917621875 0.43177329843749995 0.152982975 0.434710003125 0.1606505875 0.4390851171875 0.16420531249999998 0.4398092875 0.17150569375 0.43471993124999997 0.1793642390625 0.435958528125 0.1865324234375 0.4416221921875 0.1944350640625 0.44383969062500006 0.20415911874999998 0.44960326406249995 0.206421225 0.44986296093749994 0.2110335375 0.46416205312500003 0.2036156890625 0.4862675375 0.16986067031250002 0.4834307390625 0.156552525
0 0.41212980625 0.26939240781249996 0.41609040156250005 0.267438796875 0.4286315078125 0.24362813437500003 0.4334661296875 0.240514103125 0.44208666562500004 0.1971231328125 0.4366277796875 0.187296246875 0.405547434375 0.178438753125 0.4023010796875 0.1689790984375 0.392057521875 0.159445975 0.3836768234375 0.1700219546875 0.37987601875 0.1822284171875 0.3725192125 0.18318317343749999 0.365771775 0.1690083703125 0.3560476078125 0.16869987656250002 0.35245654531250004 0.18833891875 0.3476219203125 0.1914529515625 0.347212365625 0.1953014375 0.35262129999999997 0.20794859375 0.3662111171875 0.2213008359375 0.36996693125 0.22127146875 0.38256295625000003 0.20399736562499998 0.3906439328125 0.210342990625 0.3977509734375 0.2234895703125 0.40336964843749995 0.24356930625 0.40507272031249997 0.2534255609375 0.4002930125 0.26307615 0.406620965625 0.2623857890625 0.41212980625 0.26939240781249996
0 0.356042021875 0.3521201015625 0.364737334375 0.3526929953125 0.37280838437499997 0.3403249671875 0.3861686015625 0.308817328125 0.3877069203125 0.29906390625 0.3990693078125 0.28397844375000003 0.399678678125 0.268848884375 0.40373918125 0.26125473593750004 0.3989994984375 0.2493714078125 0.3926215921875 0.252882034375 0.38279255624999997 0.24885725 0.37811275625 0.25286730468749996 0.3764695671875 0.2589044359375 0.370965690625 0.26125464374999996 0.3649424234375 0.2543802234375 0.361126725 0.2385162078125 0.3569563890625 0.2330372359375 0.349704453125 0.23770828437499997 0.3353454765625 0.22923275156249998 0.32732438125 0.2387805109375 0.3322638765625 0.23938276875 0.3372582890625 0.2465215859375 0.33612952812499997 0.25242651875 0.3470972546875 0.269260021875 0.3544689546875 0.2963757421875 0.348865171875 0.30436648593750004 0.3379523625 0.2940695390625 0.33188907031250003 0.30872903906250004 0.3325632859375 0.3188496890625 0.3368934125 0.33458150781249996 0.345079259375 0.344643425 0.356042021875 0.3521201015625
0 0.319143496875 0.2380754203125 0.3088000328125 0.23418283281250002 0.30720183125 0.228042871875 0.29865638125 0.219009175 0.280336809375 0.212487253125 0.278743575 0.21570411875 0.2819350109375 0.21862721718749997 0.281944940625 0.23734086875 0.26861978125 0.23795776562499998 0.2676957984375 0.241938453125 0.26903926562499997 0.2528229265625 0.286240003125 0.28396343281249997 0.2963287375 0.2926005328125 0.3056383828125 0.2874006890625 0.3193631671875 0.264221653125 0.3334574828125 0.258728046875 0.3414236609375 0.2426437296875 0.3427572015625 0.23481455312500002 0.3398204984375 0.22714694062500002 0.3342617046875 0.222960590625 0.326550259375 0.23430039531250002 0.319143496875 0.2380754203125
0 0.3198471890625 0.40072555000000004 0.3343011078125 0.3942037234375 0.33480560625 0.375357871875 0.3442201234375 0.37387432187499997 0.34611804375 0.363092678125 0.3400398578125 0.3496817015625 0.332063753125 0.347052365625 0.33087510781249996 0.3370639125 0.3331875484375 0.33179060625 0.331539396875 0.3284709109375 0.3156371390625 0.3203919734375 0.31214101875 0.3250336546875 0.312096028125 0.3372107484375 0.309988365625 0.3405598109375 0.28796293125 0.331246990625 0.274832625 0.3112259890625 0.2682449765625 0.307304034375 0.2600141375 0.3094192109375 0.2556439875 0.31522131249999996 0.2536961140625 0.32882322343750003 0.2539108203125 0.34561263124999997 0.2644640265625 0.3569377984375 0.26447395625 0.37565145 0.27960705625000004 0.38860709843749996 0.2830581875 0.39614251093749997 0.2869787578125 0.41572281875000006 0.2795794421875 0.43353308281249997 0.27464242968749997 0.4376092359375 0.284681209375 0.449066603125 0.2925524421875 0.447979646875 0.3021168203125 0.4380352921875 0.3198471890625 0.40072555000000004
0 0.2015606734375 0.2229876515625 0.19281541093750001 0.225235025 0.18654237499999998 0.2324619453125 0.173781596875 0.230126375 0.170595128125 0.2365601 0.1731222765625 0.2480762 0.18733139062499998 0.2650125390625 0.1887248125 0.2730767453125 0.186976753125 0.275397584375 0.19989731875 0.2879860046875 0.20401273749999999 0.286928415625 0.22041452968750003 0.266804678125 0.2172230953125 0.263881578125 0.21819703281249997 0.2570806234375 0.22709215624999998 0.24637244374999998 0.22003507031249997 0.2304055953125 0.2015606734375 0.2229876515625
0 0.2531622671875 0.50918621875 0.24610518125 0.49321937031249996 0.23900558749999998 0.494108028125 0.2277356578125 0.489517715625 0.22012411875 0.4952169859375 0.21884053125 0.500225896875 0.2173571328125 0.516515875 0.21962954687499997 0.5327764875 0.20656408593750003 0.5380056984375 0.1979786109375 0.5505059218749999 0.1935535421875 0.549771465625 0.187680134375 0.5344362421875 0.1714232390625 0.5367423515625 0.163906640625 0.527444259375 0.1611796796875 0.5272092296875 0.155885546875 0.5369920203125 0.1470403734375 0.5448799296875 0.15919178125 0.562345059375 0.1652600390625 0.5570423859375 0.16742261875 0.5602298828125 0.1730813203125 0.558775696875 0.19171054062499998 0.5670896671875 0.21354112343749998 0.597040384375 0.2671839796875 0.5607956890625 0.283852915625 0.5593195046874999 0.2904356 0.55388463125 0.29197391875 0.5441312093749999 0.29068536875 0.5397832921875 0.2531622671875 0.50918621875