0 0.224819040625 0.7134997609375 0.19566677500000001 0.7233501343750001 0.1858432578125 0.7317370171875 0.1867653546875 0.7374369859375001 0.1994333203125 0.7408738500000001 0.212263265625 0.739552740625 0.2227574015625 0.7353112890625 0.24117539687499998 0.7397365 0.25408916875 0.73893356875 0.26074995156249997 0.7340332187499999 0.2601574875 0.724611634375 0.25773785 0.721173109375 0.24048776093750002 0.7182080703125 0.2313178421875 0.7133573875 0.224819040625 0.7134997609375
0 0.31073398281250003 0.711501571875 0.298071690625 0.7138590375 0.28043083125 0.7372747687500001 0.281855890625 0.7460838109375 0.2898579046875 0.7494743203125 0.3061020671875 0.7462212140625 0.317009665625 0.7387763234375 0.3172135609375 0.7342774375000001 0.32574910468749996 0.7294474453124999 0.33991461093750003 0.730622865625 0.3504087453125 0.7263814140625 0.3570695265625 0.7214810609375 0.3545603890625 0.7117300281250001 0.342976503125 0.7092351546875 0.322150215625 0.7129600859375 0.31073398281250003 0.711501571875
0 0.422140990625 0.6917768875 0.3955760171875 0.7061021375000001 0.39199981875 0.712792109375 0.3936706890625 0.7173613546875 0.399839853125 0.720940596875 0.410255834375 0.721975296875 0.4399892140625 0.7099578453125 0.45830069062499995 0.690687546875 0.4547913015625 0.6805126984375 0.44237481562500003 0.678630371875 0.429215234375 0.6836730984375 0.422140990625 0.6917768875
0 0.52084815625 0.6054176734375 0.5119353890625 0.6079158609374999 0.49328860625 0.62511344375 0.49388106875000004 0.6345350296875 0.5078121109375 0.6515389109374999 0.5173954937499999 0.6531861546875 0.5283087640625 0.6515355984375 0.5335501578125 0.6436205375 0.5336979562499999 0.6243767296875 0.5392718234375 0.6156372203125 0.5350974890625 0.6071112734375 0.52084815625 0.6054176734375
0 0.381381246875 0.6183568296875 0.38377031875 0.6331249296875 0.378241203125 0.6450206953125 0.3797500921875 0.654347915625 0.388836184375 0.65868041875 0.401582303125 0.6568411328125 0.4146467125 0.6396915609375 0.4150545 0.6306937875 0.40879016406249996 0.6150077015625001 0.3999555515625 0.6122297359375 0.3889584546875 0.613362115625 0.381381246875 0.6183568296875
0 0.28659305625 0.6486628609375 0.2739307640625 0.6510203296875 0.2666050390625 0.6575695828125 0.2687788703125 0.6652479 0.2766970578125 0.6681202328125 0.31527072343749996 0.66467508125 0.328089325 0.65176530625 0.32100373437499996 0.6482804296875 0.32308239375 0.6438519046875 0.31174998593750003 0.64291156875 0.3017588140625 0.6502620953125 0.28659305625 0.6486628609375
0 0.17388983281249998 0.6776527531250001 0.1675586875 0.6788314875 0.16631829843749998 0.688441803125 0.1695705359375 0.69126778125 0.1783213203125 0.6935275703125 0.18556889062499998 0.6922544703125 0.2168779671875 0.6726994203125 0.2129324234375 0.642550678125 0.1997671671875 0.641799071875 0.18685906875 0.6483963375 0.1858701640625 0.6595611890625 0.1917096921875 0.6668620484375001 0.1785501109375 0.671904775 0.17388983281249998 0.6776527531250001
0 0.15515228125 0.6021410078125 0.141825046875 0.6061473796875 0.13974071562499998 0.604781571875 0.1437644140625 0.629654159375 0.145183803125 0.6326688671875 0.162919834375 0.6213599828125 0.1705027140625 0.6221595984375 0.1770071859375 0.62781155625 0.1827572171875 0.628799903125 0.194251603125 0.6249822640625 0.20466758281250003 0.6260169656250001 0.21824629843749999 0.6235651328125 0.2324842875 0.613670065625 0.23172984375 0.6090064546875 0.22606364218750002 0.6085362859375001 0.22072707343750003 0.6043445015625 0.20756182031249998 0.6035928968750001 0.1958159515625 0.605855996875 0.1708153296875 0.6010549828125 0.15515228125 0.6021410078125
0 0.2658833671875 0.601275153125 0.250807109375 0.60598843125 0.24614683125 0.6117364109375 0.24932091406249998 0.61983854375 0.2645705 0.62195595625 0.2923985484375 0.621197721875 0.30888852187500004 0.6137048203125001 0.32321600781250004 0.6101222625 0.327792459375 0.6038561062500001 0.326451228125 0.5955652437500001 0.32036588906249996 0.59250418125 0.30553543906249997 0.5929776640625 0.28354691875000004 0.60103675625 0.2658833671875 0.601275153125
0 0.379592515625 0.578503409375 0.35111086875 0.5924992109375 0.3482834390625 0.598058459375 0.35120604218749996 0.6046060546875001 0.3562073 0.606725125 0.37087009531250004 0.605215284375 0.38877378125 0.5949427593750001 0.40302311562500004 0.59663635625 0.4321810515625 0.59258031875 0.4346731734375 0.58494835625 0.425251771875 0.578543134375 0.41450048281249996 0.5754357171875 0.39084109375 0.578925565625 0.379592515625 0.578503409375
0 0.4942656328125 0.573560296875 0.47952468281250005 0.5803462890625 0.47878158437499996 0.5872713453125 0.487879021875 0.6031925171875 0.498133021875 0.608985190625 0.51096296875 0.6076640828125 0.5160423828125 0.6045069984375 0.5189536375 0.599465928125 0.5156900546875 0.5850512828125 0.529592734375 0.5730835 0.5283353281250001 0.5653108171875 0.522249990625 0.5622497531249999 0.5146671125 0.5614501375 0.500507278125 0.5660690500000001 0.4942656328125 0.573560296875
0 0.5713959453124999 0.549286996875 0.5589851359375 0.5531990015625 0.551575584375 0.559230075 0.5578455921875001 0.5807104937500001 0.565266490625 0.5862680859375 0.5846790640624999 0.585322778125 0.58809328125 0.5833907828125 0.598593090625 0.5849436625 0.597514684375 0.589796003125 0.61042845625 0.5889930718749999 0.610087475 0.5811260234375 0.626661275 0.5741513 0.6340708265624999 0.568120225 0.635311215625 0.558509909375 0.63163984375 0.5530930374999999 0.6235540015625001 0.549184346875 0.6069745296875 0.5503647375 0.599145840625 0.5538049171874999 0.5713959453124999 0.549286996875
0 0.6229343765625 0.61346320625 0.6171005203125 0.6119566812499999 0.5706200140625 0.6241181640625 0.5704637046875 0.6346704734374999 0.58396426875 0.6374947953125 0.60945650625 0.6338162171875 0.6148769 0.6385261812499999 0.6236276859375 0.64078596875 0.6391230796875 0.6386635859375 0.6439510125 0.6339519640625 0.6229343765625 0.61346320625
0 0.7444064515625 0.6454395484375001 0.7361586296875 0.6462888343750001 0.7249157234375 0.6516610093749999 0.7252567062499999 0.659528059375 0.734510453125 0.6648969203124999 0.7532580828125 0.665600515625 0.76067898125 0.6711581062499999 0.7684295140625 0.6729940828125 0.7766773359375 0.672144796875 0.7845060234375001 0.668704615625 0.7894959375 0.659235021875 0.8049018296874999 0.6508001250000001 0.8063936984375 0.6427443453125 0.802973809375 0.6388820109375 0.795139446875 0.6365278578125 0.778643803125 0.6382264265625001 0.767400896875 0.6435986015624999 0.7644896421875 0.648639671875 0.7444064515625 0.6454395484375001
0 0.720382940625 0.5890859046875 0.7036358140625001 0.5892299375000001 0.6935608156249999 0.5960622843750001 0.6968187234375 0.604682596875 0.7095705171875 0.6086376390625 0.7220651546875 0.605243815625 0.729648034375 0.60604343125 0.73665546875 0.6148044625 0.7483231828125 0.617817515625 0.760236703125 0.6165907703125 0.768730334375 0.6115016890625 0.7686408359375 0.6051891765625 0.764136865625 0.6003848484375001 0.74087959375 0.5890825890625 0.727300875 0.5915344234375 0.720382940625 0.5890859046875
0 0.7087086546875 0.5226802984375001 0.7002931796875 0.5224932234375 0.689882871875 0.52725285625 0.6913079296875 0.5360618968749999 0.6958119 0.5408662265624999 0.7056467640624999 0.5440680078125 0.7197397890625 0.556313915625 0.7324077531250001 0.55975078125 0.741572 0.55880713125 0.74814895625 0.5533886015625 0.7473945125 0.548724990625 0.7332958140625 0.53068475 0.7087086546875 0.5226802984375001
0 0.5913329078125 0.4882312796875 0.5980050359375 0.49491959531249996 0.5906849828125 0.5072631796875 0.592277696875 0.5171085796875 0.6023640421875001 0.5218648984375001 0.6214413078125001 0.518846875 0.6261797375 0.50782274375 0.6399147625 0.49481860156249996 0.6369921625 0.48827100625000003 0.620563325 0.47310475625 0.6079791890624999 0.47018606875 0.594568125 0.47367425937499996 0.5907404453125 0.47880969375 0.5913329078125 0.4882312796875
0 0.4790204546875 0.4908404 0.47170040156250004 0.5031839875 0.462541828125 0.5099219703125 0.4639668875 0.5187310109375 0.47671867968750004 0.5226860546875 0.48889502656249995 0.5346025140624999 0.5028928796875001 0.5347415765625 0.5133870140625 0.5305001218750001 0.5132918421875 0.518393278125 0.5043677296875 0.5093027984375 0.508105909375 0.4978548515625 0.5025121890625 0.4863141953125 0.49034718593750004 0.48598640312499997 0.4790204546875 0.4908404
0 0.411984321875 0.50055580625 0.3809878640625 0.499006240625 0.34541495 0.5037228328125 0.34693518437500004 0.5246387203125 0.35703287499999997 0.5409837046875 0.3561221234375 0.546872403125 0.3712040546875 0.5479534562499999 0.38303374843750004 0.5462085328125 0.39261145625 0.5420614453125 0.3931087484375 0.539376184375 0.4172654265625 0.5332010781250001 0.411984321875 0.50055580625
0 0.24162449375 0.5302145406250001 0.2438153421875 0.5552758578125 0.25214699375 0.5549447515625 0.26482062968750003 0.56417595 0.27632069062500003 0.56615264375 0.2888991546875 0.5632769953125 0.2937270875 0.5585653749999999 0.292385853125 0.5502745140624999 0.28854115468749997 0.53802695 0.2818747015625 0.5371329671875 0.273358378125 0.5190447171875 0.265440190625 0.516172384375 0.2552756921875 0.51669221875 0.2450330390625 0.522488209375 0.24162449375 0.5302145406250001
0 0.1401585015625 0.548037921875 0.129999675 0.554352090625 0.127099765625 0.5709818265625 0.1300280390625 0.58332375625 0.13419670156250002 0.5860553687500001 0.141695753125 0.5863368078125 0.1863490828125 0.5801583875 0.1845105609375 0.574552784375 0.189668128125 0.56611954375 0.1868180078125 0.5485014625 0.181229959375 0.542755140625 0.161141096875 0.5337606828125 0.14647830312500001 0.5352705234374999 0.1371520734375 0.540972146875 0.1401585015625 0.548037921875
0 0.152803278125 0.4729823890625 0.14514224375 0.4774589265625 0.14373420312500002 0.48603288281249996 0.15290979531249999 0.4966779 0.1345237796875 0.501682465625 0.13562318125 0.5159770046875 0.165058809375 0.510544790625 0.17582041406249999 0.4943187765625 0.175054625 0.4780664984375 0.1726349875 0.4746279765625 0.161967525 0.47203874062500006 0.152803278125 0.4729823890625
0 0.23794695156249998 0.4636882671875 0.22762047187499998 0.4689660765625 0.21645572031250002 0.4690620984375 0.21855706874999997 0.4878109046875 0.23039243593749997 0.491860315625 0.23123070625 0.4970421046875 0.2675523890625 0.4911947890625 0.2717210484375 0.49392640312499997 0.29079831562499997 0.49090837968749995 0.2961235375 0.4835114984375 0.309702253125 0.481059665625 0.3105235046875 0.46885845625 0.298185175 0.46169997343749997 0.23794695156249998 0.4636882671875
0 0.370029025 0.456581665625 0.34778335 0.4572918875 0.33854095 0.46351169218750005 0.3399660078125 0.47232073281250003 0.3508849515625 0.47646450781249994 0.364379840625 0.473494496875 0.3819595640625 0.47273791875000004 0.393537778125 0.4694384578125 0.407524284375 0.4579888546875 0.4060153984375 0.44866163437499995 0.4009303125 0.44602438749999995 0.39168223750000003 0.44644985625 0.370029025 0.456581665625
0 0.48357619218750003 0.43856789531249996 0.46817597031249997 0.45279712187500004 0.4619399984375 0.466082703125 0.46311357812500004 0.4733372078125 0.4760330234375 0.478328609375 0.485946040625 0.4762542359375 0.4926068234375 0.47135388593750005 0.49775871718750003 0.4571263140625 0.508001371875 0.451330325 0.5109126265625 0.44628925312499995 0.5085711421875 0.4375745765625 0.49748454375 0.4323944453125 0.48357619218750003 0.43856789531249996
0 0.55283594375 0.4268750359375 0.5481813390625 0.4384173484375 0.550953303125 0.4613115875 0.555708753125 0.4676704515625 0.5923657421875 0.46389585312500003 0.5881970828124999 0.4611642390625 0.598937025 0.45268299062499995 0.623842475 0.4453771609375 0.6195843125 0.43633303437500004 0.6217467984375 0.4324226875 0.6162425765624999 0.4271945453125 0.5989143343750001 0.4295056578125 0.5919068968750001 0.4207446265625 0.58524044375 0.41985064687499996 0.55283594375 0.4268750359375
0 0.699019834375 0.416910303125 0.6837759203125 0.4205872234375 0.6798644140625 0.42520448125000004 0.683463303125 0.4416918390625 0.6863020796875 0.44772125625000003 0.6942202640625 0.4505935890625 0.7082181171874999 0.45073265156250003 0.71604680625 0.447292471875 0.7187009062499999 0.43490253125 0.7267754015625 0.42722255625 0.730345928125 0.41473825 0.7265964031250001 0.41459753125 0.7235174921875 0.4186022453125 0.7119392796875 0.42190170625 0.699019834375 0.416910303125
0 0.5617452015625 0.3688819234375 0.5557493640625 0.372133375 0.5536763796875 0.3823562328125 0.5580126937500001 0.38612420468750003 0.5834437984374999 0.40510478125000005 0.5944465671875 0.4097667328125 0.6205199218749999 0.40392107499999996 0.6385912640625 0.39468490625 0.6379149734375 0.3847451421875 0.6279906093750001 0.3752308484375 0.5843261859375 0.37024441874999997 0.5811577765625 0.3679366171875 0.5617452015625 0.3688819234375
0 0.46060884687500003 0.38298369062500004 0.44236417968749997 0.38538916875 0.43670365 0.390713334375 0.4386259984375 0.396837115625 0.46705218281249994 0.41129480156250003 0.504625596875 0.40742583593750004 0.5116216875 0.40459820156250004 0.5152817140625 0.39842640625 0.50935835625 0.390607371875 0.49602544843749996 0.38881940625 0.4828658671875 0.393862134375 0.47519915937499996 0.3925443375 0.47136013437499996 0.38609110625 0.46060884687500003 0.38298369062500004
0 0.35139799374999997 0.40476543125 0.3399036078125 0.40858307031249996 0.3319129390625 0.416781225 0.333332325 0.419795934375 0.33866889218749996 0.42398772031250004 0.361333703125 0.425868390625 0.38474161093750003 0.42082400781249996 0.40480778125 0.4066411328125 0.40596434375 0.3965126375 0.39287724218750003 0.3904848765625 0.37513553593750004 0.3959994296875 0.3621379375 0.3962841828125 0.36247891718749997 0.4041512296875 0.35139799374999997 0.40476543125
0 0.23790628906250003 0.394325715625 0.22341114687500002 0.3968719140625 0.219918775 0.4040800625 0.2216734703125 0.4091674875 0.23201129687500002 0.4154783421875 0.2401028109375 0.42518136562500003 0.24685309218749998 0.42659352500000003 0.257682534375 0.42442478906250003 0.287343434375 0.423477825 0.296753490625 0.418294378125 0.2988321484375 0.413865853125 0.29390904375 0.40647062968750003 0.281492559375 0.4045883015625 0.26783001562500003 0.4065219546875 0.23790628906250003 0.394325715625
0 0.143531559375 0.42142830781249996 0.1122111375 0.429394690625 0.1074670328125 0.43462449062499997 0.1105572875 0.4422084453125 0.1248066203125 0.44390204375 0.1556297546875 0.43862092031250005 0.1615474375 0.440645625 0.1773781390625 0.44059595625 0.18778844687500001 0.4358363234375 0.1892803140625 0.4277805453125 0.1810268203125 0.422835496875 0.1733601125 0.42151770156249996 0.143531559375 0.42142830781249996
0 0.1134842953125 0.368153559375 0.1104053859375 0.372158271875 0.11174661875 0.380449134375 0.11599910625000001 0.38369892656250004 0.1474928578125 0.38256323281250004 0.1731470765625 0.3741266796875 0.188726296875 0.372522475 0.19744871718749998 0.3458105984375 0.1991807203125 0.3277206921875 0.18226594062499998 0.32682836718749997 0.16523392812499998 0.3338502734375 0.118043728125 0.344504403125 0.125799934375 0.352134709375 0.12138546406249999 0.3536428921875 0.11864186406249999 0.35972032187499997 0.12064803906249999 0.3663622828125 0.1134842953125 0.368153559375
0 0.2243433234375 0.32776373125 0.2210967625 0.3307320859375 0.219023775 0.3409549453125 0.22203587656249998 0.353815053125 0.23329580156250002 0.3658258765625 0.2432144921875 0.369545834375 0.25171379531250004 0.37025108906250004 0.2640407796875 0.3658209046875 0.2647782046875 0.35310151562500003 0.250690853125 0.3466499421875 0.2505956796875 0.334543096875 0.24458849531250001 0.32620588125 0.2243433234375 0.32776373125
0 0.44763267031250004 0.320048959375 0.4396363296875 0.32245277968749997 0.4367250734375 0.32749385000000003 0.4386474234375 0.33361763125 0.4518240234375 0.3459579046875 0.462988775 0.34586188125 0.47957392031249996 0.3504758234375 0.4875702609375 0.3480720015625 0.487899896875 0.344350384375 0.4838150625 0.34213695 0.486642490625 0.3365777015625 0.479389246875 0.33205646718750004 0.474723296875 0.3320101140625 0.4579648234375 0.32056547968750004 0.44763267031250004 0.320048959375
0 0.5813525281249999 0.3115478234375 0.582771915625 0.3145625328125 0.563789821875 0.3296874015625 0.56123089375 0.3541841859375 0.5693167359375 0.358092875 0.5812302578125 0.35686613125 0.5905564875 0.3511645046875 0.5968182328125 0.3361204125 0.60852698125 0.32402715937500004 0.608353653125 0.31719646875 0.601765353125 0.31102633125 0.5813525281249999 0.3115478234375
0 0.6956156953125 0.34403415000000004 0.6968731 0.3518068328125 0.687060928125 0.371782384375 0.6874857359375001 0.38016761093749996 0.700902471875 0.3824737546875 0.7076584265625 0.38968024843750004 0.719326140625 0.3926933 0.7267413656249999 0.3924565578125 0.738068096875 0.3876025609375 0.736967 0.3692775703125 0.740297390625 0.36682739375 0.7344521890625 0.353732203125 0.734105534375 0.3400708203125 0.7222758390624999 0.34181574531250003 0.7182748328125 0.3401204890625 0.6956156953125 0.34403415000000004
0 0.728198328125 0.2903665671875 0.7292099249999999 0.30237904531250004 0.7187271375 0.3182091671875 0.723404434375 0.329844184375 0.7503217328125 0.3349746484375 0.753981759375 0.32880285625 0.7687227078125 0.3220168609375 0.7707175375 0.31707015781250003 0.7844639078125 0.31565468281250003 0.78813528125 0.32107155625 0.79280123125 0.321117909375 0.7982046078125 0.308444875 0.7906047093749999 0.290262259375 0.7923480609375 0.28376101875000004 0.799925265625 0.27876630156250004 0.7854187796875001 0.2697238328125 0.770336846875 0.2686427796875 0.7231913953125 0.2824531625 0.721196565625 0.28739986875 0.728198328125 0.2903665671875
0 0.6849391578125 0.224688803125 0.6763617 0.22925970625 0.671293634375 0.24400545624999997 0.6736351171875 0.25272013125 0.70264241875 0.2650107359375 0.71372334375 0.264396534375 0.7231334 0.259213090625 0.7227085921875 0.2508278625 0.7132871890625 0.24442264218749998 0.7060226000000001 0.228312740625 0.6978529328125 0.2238858734375 0.6849391578125 0.224688803125
0 0.5759592328124999 0.2494127109375 0.5777252734375 0.2660888 0.5865598859375 0.2688667671875 0.5920641062499999 0.274094909375 0.5998984671875001 0.2764490640625 0.61289606875 0.2761643125 0.62122204375 0.2700388734375 0.6190482140625 0.26236055468749997 0.6056258046874999 0.2542600796875 0.607536809375 0.2487951953125 0.6042789 0.240174884375 0.5946116906250001 0.2380094609375 0.5811168 0.24097947187500002 0.5759592328124999 0.2494127109375
0 0.47446487499999995 0.238264428125 0.4675582875 0.24740457500000002 0.4705760609375 0.266059015625 0.481584503125 0.27651530156250004 0.49150319375 0.2802352625 0.5016676921875 0.27971542656250004 0.5087476109375 0.27740597031249997 0.5125752890624999 0.272270534375 0.51023380625 0.263555859375 0.5016450015625 0.25653809375000003 0.500046615625 0.2408983625 0.4927095453125 0.23585894999999998 0.4870433421875 0.23538878125 0.47446487499999995 0.238264428125
0 0.7659590703125 0.145931553125 0.755962225 0.1474877484375 0.752631834375 0.1499379234375 0.7553981265624999 0.1670378265625 0.7619139453125 0.18427845 0.79415079375 0.1762177015625 0.8035665218749999 0.1768285875 0.8131442296875001 0.1726814984375 0.8237335390625 0.180546890625 0.8319813609375 0.17969760625 0.8354737328124999 0.17248945625 0.8487171421875 0.1679649078125 0.8533774203125001 0.162216928125 0.8512035890625 0.154538609375 0.8436988640624999 0.1484628390625 0.8295333578124999 0.14728741875 0.8079412828124999 0.134760075 0.7929431765625 0.1341971984375 0.7825328687499999 0.1389568296875 0.7741173921875 0.1387697578125 0.7659590703125 0.145931553125
0 0.7653484546875 0.207922075 0.7630239875 0.21659039687499998 0.7554467812500001 0.22158511406249998 0.7572071499999999 0.23246686875 0.768791034375 0.23496174375 0.8063644515625 0.231092778125 0.8252683890625001 0.221244065625 0.8344269625 0.2145060828125 0.8354215437500001 0.20913556406249997 0.8316549984374999 0.1916118453125 0.8238987921875 0.1839815390625 0.8173218375 0.18940006874999998 0.7974119749999999 0.193030634375 0.793248984375 0.1960933546875 0.78191658125 0.1951530171875 0.766840321875 0.1998662953125 0.7619285625 0.2040597390625 0.7653484546875 0.207922075
0 0.6691761374999999 0.16331960625 0.6544295140624999 0.164311265625 0.6441868609375 0.17010725468750001 0.6446954984375 0.1790106609375 0.653116646875 0.1849920671875 0.6737027984374999 0.191301265625 0.7190210734375 0.1834739453125 0.733605715625 0.1872402578125 0.737684875 0.183659359375 0.7361703171875 0.16853780625 0.7302469609375 0.16071876875 0.7209150578125 0.16062605937500002 0.6830958359375 0.1687348203125 0.6691761374999999 0.16331960625
0 0.566410378125 0.16158991250000002 0.5504290421875 0.177986221875 0.547433959375 0.1825091125 0.5517872921875 0.20366008125 0.5620412906250001 0.20945275937500002 0.5747874093750001 0.20761347031250002 0.5831133875 0.20148803124999998 0.5854378546875 0.19281970937499998 0.5817664828125 0.1874028359375 0.5954958359375 0.1686043625 0.5944899109375 0.162386215625 0.589320996875 0.1592307875 0.566410378125 0.16158991250000002