0 0.86859155625 0.13696469687499999 0.8635400015625001 0.13167051406250002 0.8689656812500001 0.11760856875 0.865332371875 0.10657579218749999 0.8564805265625001 0.10018877343749999 0.8357395500000001 0.096273165625 0.8202910796875 0.10079425 0.8116336765625001 0.1090609265625 0.80877710625 0.12027624374999998 0.8026888124999999 0.1256962921875 0.7952087031249999 0.12508186875 0.7884176359375 0.121336271875 0.77640803125 0.1222364328125 0.751097403125 0.11931166093750001 0.747497903125 0.120837578125 0.7509578796875 0.1538452375 0.7444880796875 0.15428965 0.7418988921875 0.1568744046875 0.73975144375 0.165220421875 0.74771345625 0.17211985937500002 0.7818822796875 0.169396709375 0.7851541625 0.1757157265625 0.8052060953125 0.18276250624999998 0.8568376625 0.189670890625 0.88659746875 0.190033578125 0.9126838078124999 0.17883973749999998 0.9178685359375001 0.1616352859375 0.916336165625 0.153767684375 0.8968126421875 0.141494725 0.88872380625 0.145058978125 0.86859155625 0.13696469687499999
0 0.5269836265625 0.16524369218749999 0.52569855625 0.148483653125 0.533185015625 0.137063134375 0.5160033828125 0.13109785937500001 0.5076334375 0.130995853125 0.5003942765625 0.1335239375 0.48806340625000005 0.1302340875 0.48280471093750005 0.13435609375 0.4602840640625 0.1314653234375 0.45158650156249996 0.13920824999999998 0.43767675156249997 0.13956199062500002 0.4333480484375 0.1436953296875 0.43419137656249995 0.15469410625 0.452497446875 0.1753244140625 0.44209418125 0.1971746234375 0.426485075 0.199600703125 0.42207605625 0.20268653906249998 0.41685117031249996 0.21936724062500002 0.44126561249999996 0.2348393734375 0.476766015625 0.2373650703125 0.4886149875 0.2343699046875 0.493592575 0.226581640625 0.500751415625 0.22300605624999997 0.543979228125 0.2172537390625 0.555788040625 0.213734821875 0.5681252625 0.20498972656249997 0.5663117828125 0.19345586875 0.5622303796875 0.1886967703125 0.5527698078125 0.186488425 0.5269836265625 0.16524369218749999
0 0.0788597296875 0.1372820734375 0.10510035 0.14021818125000002 0.1357499921875 0.1400684515625 0.1606188765625 0.1372319625 0.177686384375 0.1295910390625 0.1801952578125 0.12595878437500002 0.17717067656250002 0.11074733125 0.18542649375 0.0972431390625 0.21539344218749998 0.088189640625 0.222064034375 0.0903639828125 0.22712193749999998 0.083623221875 0.22562972499999998 0.07627937031250001 0.21653692656249998 0.06674984218749999 0.1839469796875 0.0658294015625 0.1786481265625 0.06942765625 0.16566837031249998 0.06979273124999999 0.15584002187499998 0.0749055703125 0.1429004234375 0.0757943953125 0.1379629953125 0.0841064109375 0.130603359375 0.0850632421875 0.11346188593749999 0.0796217171875 0.1053392390625 0.070627275 0.0789781421875 0.0661199140625 0.0711767640625 0.061315481250000005 0.055045601562500004 0.05693279375 0.040165696875000004 0.05675145 0.0277143515625 0.05189034687500001 0.003240403125 0.054681790625000004 0.008512365625 0.14364617500000001 0.0278643453125 0.150788653125 0.036883176562499995 0.14723573437499998 0.040850453125000005 0.13838863437499999 0.058118753125 0.13336646875 0.07020867343750001 0.1335138109375 0.0788597296875 0.1372820734375
0 0.0630814125 0.3071498625 0.0612953921875 0.3202096390625 0.0469375484375 0.3268370625 0.048269128125 0.33208590625 0.06290172968749999 0.3411596890625 0.07669100625 0.33923469375000004 0.10694541093750001 0.3218125078125 0.141624715625 0.32171188906250003 0.15841634531249998 0.3266258890625 0.1888250359375 0.3233336515625 0.2036711296875 0.3109562984375 0.202219075 0.30413619999999997 0.1874659984375 0.293491165625 0.1912324828125 0.2820253109375 0.18715108125 0.2772662140625 0.172839746875 0.27238244218749996 0.162937428125 0.26441283437499996 0.1519381359375 0.2663718296875 0.15060020937500002 0.273157928125 0.1320806453125 0.27397875156249996 0.1263400484375 0.2718157421875 0.10212004687500001 0.27099730625 0.08845124843749999 0.2744935546875 0.081620021875 0.2702242078125 0.0846974625 0.261889525 0.068405665625 0.2554118328125 0.0642037890625 0.2490814828125 0.0535722703125 0.24371929531249997 0.0195302703125 0.2359787546875 0.0140263296875 0.23669432499999998 0.01758224375 0.29670036093749996 0.03290311875 0.29527031406250004 0.041008859375 0.297985409375 0.035910796875 0.3042024203125 0.0388614109375 0.3063314265625 0.04339090625 0.30481684375 0.0630814125 0.3071498625
0 0.6110295796874999 0.3525491703125 0.6021713828124999 0.35819709375 0.585632284375 0.3606118390625 0.5749542578125 0.36676084531250003 0.53958068125 0.3537714609375 0.5040401203125 0.3507220125 0.49498748125 0.3417162359375 0.4805556703125 0.3352612109375 0.475544275 0.33049078125000003 0.44024466406249996 0.3305838390625 0.4329653453125 0.332588171875 0.4240669921875 0.3377123453125 0.417309734375 0.34652544375 0.42914600468749997 0.3676001640625 0.4388876875 0.3734747671875 0.45537392812500005 0.394606159375 0.45241696249999996 0.404512096875 0.48180899374999997 0.41219596718749996 0.4947823984375 0.4238658359375 0.518714940625 0.4330529578125 0.52429490625 0.43312096093749997 0.533072784375 0.426425534375 0.55931340625 0.4293616421875 0.5683723953125 0.42633247656249995 0.5953950765625 0.40311502499999996 0.60231931875 0.38436198906249996 0.61659684375 0.3766870640625 0.6296569171875 0.37736949062499997 0.6479756859375 0.3739299125 0.6490325046875001 0.36347755625 0.6342794281249999 0.352832521875 0.62578900625 0.3511592625 0.6110295796874999 0.3525491703125
0 0.9573466859374999 0.288745765625 0.9446142296875 0.2802184046875 0.9266632359375 0.2763368 0.910284771875 0.280846546875 0.8986831015625001 0.274949278125 0.880404490625 0.2789126078125 0.86645458125 0.278742596875 0.8541173593750001 0.2874876921875 0.8476813703125 0.3004907984375 0.8156134843749999 0.306379125 0.799395653125 0.312983878125 0.79477314375 0.337520846875 0.7987742265625 0.341232440625 0.80730480625 0.343429453125 0.8125169953125001 0.3508186390625 0.8054786265624999 0.355965478125 0.794794253125 0.3741494296875 0.8062289390625 0.389986640625 0.8178306093750001 0.39588391093749997 0.8253508765625 0.397022084375 0.8644507796875001 0.39802186562499997 0.9509867234374999 0.3875647328125 0.9769927453125 0.37532339062500003 0.9796813015625 0.3376813078125 0.956926053125 0.31961308437499997 0.9605784109375 0.29454103125 0.9573466859374999 0.288745765625
0 1 0.513382603125 0.9996443390625 0.5132173 0.9930942234375 0.512614209375 0.976026715625 0.5202551328125 0.9391080671875001 0.52346803125 0.9235792796875 0.5269416109375 0.9150487 0.5247446 0.9090269937500001 0.5189153328125 0.8848471515625 0.5186206484375 0.8784175109374999 0.5195888156249999 0.8624406312499999 0.529336075 0.864013159375 0.537727428125 0.8591560484375 0.547086946875 0.8491670671874999 0.5501047796874999 0.8448383640625 0.5542381171875 0.8407104546875 0.5609902156250001 0.8414734640624999 0.5709414875000001 0.8539184625 0.587837534375 0.8693204250000001 0.59482764375 0.87975115 0.5975710750000001 0.8833104921875 0.5955214046874999 0.8953602546875 0.5951449953125 0.9125418875 0.6011102703125 0.9193667640625 0.6174145625 0.92639878125 0.6243026656249999 0.9367090328125001 0.6254748421875 0.949160378125 0.6303359453125 0.9711188078124999 0.6258942000000001 0.9768625796875 0.6220397375 0.991906290625 0.6182986140625 0.9865334671875001 0.608814421875 0.9893297999999999 0.5968134796875 1 0.5959356671875 1 0.513382603125
0 0.659976715625 0.5425664671875 0.6369276578124999 0.5449018718749999 0.6244699609375 0.5520757140625 0.6178796859375 0.5509488734375 0.5975677546875 0.5768644171874999 0.573307596875 0.5755222296875 0.571046025 0.5702620515625 0.563606071875 0.570171378125 0.555925171875 0.5669382 0.55160281875 0.5590365953124999 0.5558913624999999 0.5543795046875 0.5544393078125001 0.5475594046875 0.5506390140625 0.5464665671875 0.54910664375 0.538598965625 0.542315578125 0.5348533671875 0.518784621875 0.5309037609375 0.5016029875 0.5249384859374999 0.48013280937499997 0.5236303015625 0.4709533453125 0.5250882140625001 0.4433684453125 0.5409731484375 0.44218480312499997 0.56188919375 0.45345885468749997 0.5756314 0.4358227796875 0.5879747484375 0.42954742343749996 0.6030728609375 0.4337493015625 0.6094032125 0.4474920671875 0.618989409375 0.46710225625 0.620274925 0.4757533109375 0.624043190625 0.47146476875000004 0.6287002828125 0.45795660156249995 0.634291534375 0.45459805312499996 0.6389599609375 0.454959478125 0.64367371875 0.46510274531249995 0.6547858359375 0.4672374921875 0.6705097062500001 0.47430966718749995 0.677921559375 0.483081196875 0.6832610765625 0.51045260625 0.6888272765625 0.5345521328125 0.6880744578125 0.5479799796875 0.6814357015625 0.569249365625 0.6801251296874999 0.58077706875 0.67293995625 0.5799802484375001 0.6504299890625 0.5860083046875 0.644224309375 0.597857275 0.6412291453125001 0.6267674046875 0.6426280015625 0.6331568859375001 0.6411360859374999 0.6418946062499999 0.633916909375 0.6391109734375 0.6218479640625 0.6294897671874999 0.617544615625 0.6262982015625 0.6122731 0.64749361875 0.59788008125 0.666581746875 0.5923568328125 0.67968198125 0.5935630125 0.7048784828125 0.5828815875 0.7102174953125 0.579807084375 0.7086851249999999 0.5719394828125 0.705252609375 0.5635254609375 0.689208109375 0.54815533125 0.659976715625 0.5425664671875
0 0.077663053125 0.6427383765625 0.087036959375 0.6559341640625 0.10781809375 0.6603735203125 0.13272713593750002 0.6580607828125 0.1371361546875 0.6549749453125 0.136533778125 0.647118678125 0.1434115109375 0.6398768312499999 0.13306110468750001 0.6381809046875 0.1297490625 0.6313381375 0.13800488125000002 0.6178339453125 0.15005464375 0.6174575359375 0.17197291406249998 0.6124920390625 0.193569915625 0.603336534375 0.20145795937500002 0.597153525 0.20959330468749998 0.5820780812499999 0.2076593484375 0.5689729671875 0.1996170203125 0.5610260265625 0.19905480312499998 0.5536935093750001 0.20581206093749999 0.5448804109375 0.19303944687500002 0.5358292984374999 0.1898478796875 0.530557784375 0.1756570203125 0.5272452671875001 0.1600880734375 0.5301950953125 0.1469413328125 0.5405001109375001 0.101652740625 0.5436110046875 0.0907401125 0.534582559375 0.078529715625 0.5328639625 0.05722652499999999 0.521615840625 0.04695643125 0.5209674140625 0.0354752375 0.5166413984375 0.0308587328125 0.5170211874999999 0.037966778125 0.6097251515625 0.0425832828125 0.6093453625 0.0496618078125 0.6047222734375 0.0619123625 0.60696461875 0.06984056562499999 0.6013053609375001 0.0775214671875 0.604538540625 0.0789333625 0.610834890625 0.0738289515625 0.6290868421875 0.077663053125 0.6427383765625
0 0.1399597796875 0.8978028281249999 0.149540828125 0.901582425 0.1569807796875 0.9016730953125001 0.16785959687500002 0.898142846875 0.17291750156250002 0.8914020859375 0.1955248140625 0.883305415625 0.21115296875 0.8447745078125 0.2021933453125 0.81274634375 0.206200778125 0.8044229953125 0.193227371875 0.7927531265625001 0.17830731093750002 0.79204803125 0.1658559625 0.7871869296875 0.13734741875 0.7910255859374999 0.1341960109375 0.786277821875 0.12158403124999999 0.7793217140625 0.1209816546875 0.7714654453125 0.1121298078125 0.7650784265625 0.1149261390625 0.7530774828125 0.109754109375 0.746212046875 0.1040135109375 0.7440490390625001 0.0715038828125 0.7441761015624999 0.0548781171875 0.7575782859375 0.049435840625 0.759306 0.0554959421875 0.838342553125 0.057382701562500006 0.8387143874999999 0.0619861625 0.85028225 0.0565438859375 0.8520099640625001 0.0620466375 0.9237774828124999 0.0711275296875 0.9210339984375 0.076185434375 0.9142932374999999 0.07393021093749999 0.8969981140625001 0.0844877609375 0.8892778531250001 0.09087724375 0.8877859375 0.10312779999999999 0.890028284375 0.1159405703125 0.8996031484375001 0.1399597796875 0.8978028281249999
0 0.6832749640625 0.8343072218750001 0.679795940625 0.83740439375 0.6634174749999999 0.8419141421875 0.652016596875 0.838635628125 0.6464767921875 0.8390913734375 0.6225040921875 0.8293805031250001 0.6066941953125 0.829187825 0.580901665625 0.8199780375 0.574879959375 0.8141487703125 0.5653792265625001 0.8114166718750001 0.53889130625 0.8173730015625 0.52719661875 0.834498115625 0.5324489640625 0.842411053125 0.5359025921875 0.88745365625 0.5532385093750001 0.90754888125 0.5398909781250001 0.915235140625 0.5375427390625 0.9209624 0.5246834578125 0.9228987296875 0.5169158890625 0.9306529921875001 0.5224028374999999 0.95374338125 0.5364267125 0.9669958359375 0.562058609375 0.9741106203125 0.5916979390625 0.9729020546875 0.6024161234375 0.9672767999999999 0.60557388125 0.9599896187500001 0.6155628625 0.9569717843750001 0.6302145140625 0.9299407328125 0.6396349296875 0.9316253281250001 0.6626776359375001 0.941324865625 0.6849974890625 0.9415968828124999 0.7002853265625 0.93498079375 0.7063133828125 0.9287751171874999 0.703770703125 0.919848678125 0.7066473484375 0.9088952390625 0.68987365 0.8961325312499999 0.6795633999999999 0.89496035625 0.6747126390625 0.892284928125 0.676056915625 0.8734638890624999 0.6837441671875 0.8646621234375 0.69664360625 0.8632495468749999 0.7064719546875 0.8581367078125 0.7194918703125001 0.858295384375 0.72572071875 0.8547084625 0.7245497734375 0.851554621875 0.7134765125 0.8404311718749999 0.6916047515625 0.8338854781249999 0.6832749640625 0.8343072218750001
0 1 0.7847745546875 0.996427209375 0.7863207437499999 0.956965878125 0.7806072046875 0.9489573578125 0.7852189609375 0.9415977249999999 0.786175790625 0.9345995140625 0.79184638125 0.9344726906249999 0.8023100718749999 0.943485171875 0.8107920984374999 0.953795421875 0.8119642734375001 0.9561373109375 0.81827195625 0.975787659375 0.8200812234375 0.9849607734375001 0.8306582546874999 0.984472521875 0.8364081828125001 0.961463625 0.839267340625 0.9569615890625001 0.8653755625 0.972236728125 0.8828293625000001 0.9895388359374999 0.8903658921875 1 0.88975364375 1 0.7847745546875