0 0.86593579375 0.9167552640625001 0.8685292812500001 0.908515165625 0.8652554015625 0.88942469375 0.8393225484375 0.874152603125 0.8080893265625001 0.8708056140625 0.7531132640625 0.871728728125 0.731214671875 0.8767643296875001 0.726992596875 0.8831263015624999 0.6915261625 0.8759184687499999 0.68231606875 0.8823137890625 0.6835189046875 0.8915285718750001 0.68590786875 0.8946239140625 0.6926323062499999 0.89591238125 0.684862984375 0.9308554906250001 0.68844365 0.9329428 0.71533583125 0.9329852593749999 0.72780866875 0.9354576015625 0.7353957453125 0.932295565625 0.7433118828125 0.9325760000000001 0.7490119359375 0.9391494375 0.7505977453125 0.951528534375 0.7565143375 0.9588528921874999 0.8087479984374999 0.9561444796874999 0.8117535265625 0.94956404375 0.8078326656250001 0.933811446875 0.8137911546875 0.9287712859375 0.8359054078125 0.9226230578125 0.8439349421875001 0.9274585875 0.86593579375 0.9167552640625001
0 0.362526859375 0.871895240625 0.3770596046875 0.87402045625 0.3852025390625 0.88341108125 0.4091666046875 0.8831397593749999 0.4141601953125 0.8882178218749999 0.4274956703125 0.8862396609375001 0.43476482812499995 0.8898579718749999 0.4435491734375 0.8907993125000001 0.4623039890625 0.8865625546875 0.4558919046875 0.873382334375 0.4593424609375 0.8555803265625 0.48903264999999996 0.8360472484375 0.4992243515625 0.83486793125 0.5040989734375 0.830279490625 0.5074472703125 0.8181452046875 0.49561584375 0.8072235796875 0.48368215625 0.8019696765625 0.439102315625 0.7903780328125001 0.43204882031249997 0.785647096875 0.42781003906250004 0.7766748453125001 0.4157685203125 0.771977253125 0.37824774843750003 0.7702279546875 0.350719725 0.7837461875 0.3541014359375 0.802280346875 0.35833464843749996 0.8061411906249999 0.3743881484375 0.8107008421874999 0.382547790625 0.835425690625 0.3607737359375 0.8552392062499999 0.358509309375 0.866921771875 0.362526859375 0.871895240625
0 0 0.9043629234375 0.005590490625 0.9040611296875 0.01523190625 0.8954405609375 0.03387889375 0.8917601156250001 0.0414715390625 0.8937094875 0.0456024890625 0.9032380515625 0.059051365625 0.9058149859375 0.0687094875 0.9125286406249999 0.08226619375000001 0.9145492609374999 0.0873676140625 0.9190710125000001 0.12163678124999999 0.9221754687500001 0.1323620640625 0.91310318125 0.134847721875 0.9054193953125 0.1303932796875 0.8975597703125 0.12312969375 0.8990528671875 0.09286136874999999 0.88558765625 0.0859045625 0.8700775890625 0.09098370781250001 0.8541537078125 0.0888104015625 0.8499457375 0.071883125 0.839613771875 0.0461770703125 0.8334518734374999 0.0140756390625 0.8294439765625 0 0.8293697046874999 0 0.9043629234375
0 0 0.6986575687500001 0.00796678125 0.6964761265625 0.0057879062500000005 0.6871567468750001 0.0134828125 0.6834384 0.027368576562500004 0.688901490625 0.0528534015625 0.6910646078125 0.059140950000000005 0.6894669171875 0.0784460546875 0.6926714125 0.07899634375 0.7001126640625001 0.0902774828125 0.7035930359375 0.10165531406249999 0.6962942796875 0.11726635468749999 0.692856365625 0.122140978125 0.688267925 0.1196330453125 0.675506078125 0.13643021718749998 0.6659487265624999 0.1388080421875 0.6588212546875 0.1248033109375 0.6436916609375001 0.09334885781249999 0.6363458890625 0.075134721875 0.63950485 0.038804115625 0.63504375 0.0092850328125 0.6125729421874999 0 0.6100936546875 0 0.6986575687500001
0 0.38221162343750004 0.6264142828125 0.3671620078125 0.6475162625 0.37313720625 0.6578103265624999 0.3818192875 0.6644193890625 0.389196275 0.6674813859375 0.4261779 0.6720122500000001 0.43202855781249994 0.6675284031250001 0.44796309218749997 0.6624215515625 0.45858054375 0.6539055765625 0.49620914687499995 0.6550985625 0.5349104796875 0.645617015625 0.5453289796874999 0.6535478875 0.56235851875 0.658212134375 0.570932771875 0.6653775093750001 0.5862258921875 0.66871994375 0.595333728125 0.6679923453125001 0.6121308984375 0.658434990625 0.6123354203125 0.64709955 0.5935694640625 0.64111349375 0.5797971000000001 0.640205496875 0.5657979359375 0.6301873109375 0.56089546875 0.6092187140624999 0.535490628125 0.5809422453125 0.526377225 0.576558434375 0.49850900468750003 0.57641138125 0.4901504109375 0.5681333828125 0.48429418125 0.567505821875 0.45806011562500004 0.5743483015625 0.4429993625 0.5852274671875 0.41123255781249995 0.5897734484375 0.41308794375 0.6007617640625 0.3931581359375 0.6213407765625 0.38221162343750004 0.6264142828125
0 0.7818704296875 0.6925247859375 0.7754806203125 0.699790196875 0.7662649578125 0.70107410625 0.76160599375 0.704549921875 0.7633702578125 0.7314287734375 0.7795371578125 0.74054351875 0.8124045359375 0.75088004375 0.8175170968750001 0.765624609375 0.829348521875 0.7765462328125 0.8439890953125 0.778115134375 0.8626472218749999 0.7846575046875001 0.875545809375 0.7797931859375 0.8921440296875 0.7866826812500001 0.9114435640625 0.7847757671875 0.9236398359375 0.778394678125 0.9294045890625 0.7486533453125 0.9292911890625 0.74409825 0.9304266296874999 0.7433804671875001 0.9431250125 0.6778673484375 0.931596615625 0.6705224765625 0.8422212796874999 0.6484518125000001 0.8011198437499999 0.6446152015625 0.7930958765625 0.6448910796875 0.7801972890625 0.6497553984375 0.7662259734375 0.665294253125 0.7751404234375 0.6861249109374999 0.7818704296875 0.6925247859375
0 0.9181127874999999 0.43681956250000004 0.899357971875 0.441056321875 0.8867773046874999 0.43914029374999997 0.8833044687499999 0.43649666875 0.8720288999999999 0.43812770468749995 0.8550105 0.443686275 0.839847484375 0.4602331609375 0.8377987156250001 0.4708031015625 0.8412771187500001 0.47855813437499994 0.8452946703125 0.483531603125 0.8553841125 0.4880200078125 0.8592994046875001 0.498661196875 0.8565980874999999 0.50745760625 0.8721180078125 0.5199102296875 0.8787346156250001 0.521755009375 0.904111609375 0.5244744390625 0.9111539671875001 0.518982559375 0.9203696296875 0.51769865 0.936207471875 0.5233709265625001 0.9716226890625 0.5308430093750001 0.9800240421874999 0.48749900156250003 0.9826125078124999 0.417610440625 0.9826112968749999 0.417609378125 0.9601568468749999 0.41009232031250004 0.94649788125 0.4137394203125 0.9355458015625 0.41370151718750003 0.9273117453124999 0.42020142812500005 0.9181127874999999 0.43681956250000004
0 0.5682673640625 0.309038709375 0.5461419734375 0.304964121875 0.5329031875 0.29616315625 0.5077418546875 0.2923311015625 0.478358446875 0.29486101875 0.468495803125 0.2994828046875 0.460153915625 0.306539028125 0.4559429796875 0.323123815625 0.44391817031249997 0.33376045 0.4429477015625 0.3387672640625 0.4458813859375 0.344192453125 0.45933582968750003 0.3518807921875 0.463245553125 0.3574105734375 0.4537063984375 0.36036342499999996 0.4329939359375 0.3592795859375 0.41738846250000006 0.3678289078125 0.4121903515625 0.374086284375 0.416871590625 0.3910561015625 0.4338044375 0.4064994765625 0.4202644390625 0.41981307812499996 0.418879359375 0.4423793671875 0.4457938171875 0.46286745781249994 0.45523071093749995 0.4655823296875 0.4778952484375 0.466875353125 0.4966500671875 0.46263859687500003 0.52180583125 0.4613592421875 0.5293929078125 0.458197209375 0.5319863953125 0.4499571109375 0.5361062078125001 0.4492628578125 0.5384840343749999 0.44213538750000003 0.5345743140625 0.43660560625 0.5400959140625 0.42867928906249997 0.5485511984375 0.42617816093750005 0.55635950625 0.42701490781249996 0.5593898796875 0.4216609671875 0.5849825359375 0.42326777031249996 0.603015959375 0.4535936484375 0.6100638859374999 0.45321317812500006 0.6222188015625 0.4624658640625 0.6460806078125 0.4678622625 0.6774160921875 0.46554153125 0.6961597703125 0.4510819578125 0.700813165625 0.44249473593750005 0.703406653125 0.43425463750000004 0.698197403125 0.4302892015625 0.6731327578124999 0.41567801718749997 0.6592525640625 0.4153263375 0.6399418890625 0.40701043437499995 0.6195362078125 0.3889234359375 0.623542621875 0.3836740890625 0.6341656453125 0.38026952187499996 0.638597809375 0.367683515625 0.6303470453125 0.358849203125 0.623838265625 0.3564481109375 0.593365421875 0.354318340625 0.5813239046875001 0.3496207484375 0.5757855937499999 0.34221284218750003 0.579446240625 0.3181868015625 0.5682673640625 0.309038709375
0 0 0.414298078125 0.0009360375000000001 0.414060228125 0.011780289062500001 0.4146544421875 0.0355175578125 0.40527293125 0.0485295453125 0.40496370625000006 0.061099075 0.39665691875000003 0.10817013906249999 0.40567618593750004 0.1206541140625 0.418371340625 0.136599784375 0.42348730625000003 0.1518873375 0.42171833124999997 0.15589375156250002 0.41646898437499996 0.1704153578125 0.4083713828125 0.16444015781250002 0.39807731875 0.165949778125 0.3902889421875 0.1753755328125 0.382780996875 0.1790473171875 0.368977775 0.172414003125 0.3517987703125 0.164923615625 0.3441816765625 0.1434396375 0.33165780625 0.12109301718750001 0.3235844375 0.10851235 0.321668409375 0.10155554687499999 0.30615834375 0.10588545 0.299240059375 0.11694535937499999 0.29872164843750004 0.11064667343750001 0.29009652343750003 0.1122641203125 0.2817518328125 0.108030909375 0.277890990625 0.08221702656249999 0.2722854015625 0.05988154531249999 0.2744348484375 0.048401453125 0.2874013265625 0.0426697609375 0.30155167656250004 0.0457279828125 0.321754775 0.0434579875 0.3283259328125 0.0350027015625 0.3308270625 0.027404484375 0.3237662828125 0.014284670312500001 0.32463181875 0.0100110203125 0.3209795921875 0 0.372628146875 0 0.414298078125
0 0.0722263828125 0 0.04059569375 0.1631880796875 0.0546798796875 0.17790775781249998 0.0887333890625 0.182124840625 0.0950209375 0.18052715156250002 0.10130291875 0.173818053125 0.09987885156250001 0.1606044875 0.1099571546875 0.1548700734375 0.111574603125 0.146525384375 0.125664890625 0.1406530328125 0.12956347343750002 0.13596 0.1589580203125 0.143652896875 0.1726169859375 0.1400057984375 0.18834142812500002 0.14112297812500002 0.20340218281250003 0.130243815625 0.20024726875 0.12081984375000002 0.21365716250000003 0.087616921875 0.2021158078125 0.0443579125 0.17944013125 0.0328420734375 0.1749856890625 0.0249824484375 0.164028040625 0.0198331375 0.156219734375 0.0189963890625 0.145704540625 0.021844646875000002 0.1207588671875 0.0168999640625 0.10612943281250001 0.025553878125000002 0.093009615625 0.026419415624999998 0.08650083750000001 0.0240183234375 0.07640582812499999 0.0144185109375 0.07998754218750001 0 0.0722263828125 0
0 0.5665297234375 0 0.5535194375 0.0098955265625 0.54487076875 0.033954912500000003 0.5520376640625 0.0432409453125 0.5652708796875 0.046930503125 0.5670128671875 0.053363723437499996 0.580035990625 0.0632773171875 0.55934580625 0.08263910937499999 0.550072434375 0.130482003125 0.5435747937500001 0.138303728125 0.55368094375 0.1581263546875 0.58069209375 0.167835315625 0.590991625 0.16609968749999998 0.5980339828125001 0.16060780937500002 0.626220125 0.1539745140625 0.642812775 0.155752603125 0.66915466875 0.148353809375 0.6749030671875 0.14953768437499998 0.68726250625 0.1474549296875 0.7038607265625 0.154344425 0.7071179 0.158100675 0.7157944125 0.1595983296875 0.7395372515624999 0.15532822500000001 0.7525381 0.144796184375 0.75416111875 0.141562903125 0.748083659375 0.1369365609375 0.734419125 0.135472253125 0.724761003125 0.12875859843749998 0.71141995625 0.12562535156250002 0.7044687203125 0.11522669375000001 0.7054224812500001 0.09488565624999999 0.7108418234375 0.092627059375 0.7217939046875 0.0926649609375 0.740974471875 0.081091546875 0.7393347453125 0.0689906046875 0.7431199296875 0.059742474999999996 0.737581621875 0.05233456875 0.7223907609375 0.043324415625 0.6989658421875 0.040814173437500004 0.6735999859375 0.048317559375 0.6635161140625 0.048940564062500004 0.65155458125 0.01812961875 0.6414651390625 0.013641217187499999 0.639070603125 0.0054344640625 0.6313135390625 0 0.5665297234375 0