0 0 0.8138690140625 0.001004340625 0.8136775109375 0.018190351562500002 0.82563446875 0.021513521875 0.8317534359375 0.011958240625 0.8440554390624999 0.0121584203125 0.855361659375 0.0188576140625 0.8633218671874999 0.037904071875 0.8714127250000001 0.054344853125 0.870330678125 0.0652961265625 0.8642450015625001 0.0714823171875 0.85412499375 0.0790645015625 0.8502213109375001 0.0861752953125 0.8523768234375 0.0916648 0.8573804546874999 0.10365332499999999 0.8590380718749999 0.12745793125 0.8671400265625 0.1314318625 0.8664363203125 0.1380617046875 0.8341641828125 0.1445078640625 0.8350959 0.14781716250000002 0.8331683984374999 0.1524418546875 0.825642015625 0.14676604375 0.8173786328125001 0.11260806875 0.8128174078124999 0.11133165625000001 0.8060920906250001 0.093906484375 0.7951531140625 0.0456326359375 0.7777254109375 0.0167111359375 0.771139325 0 0.774169209375 0 0.8138690140625
0 0.35919466093749997 0.8169573874999999 0.34660823125 0.8178447156249999 0.33192218906250004 0.823616121875 0.33019519062499997 0.8350196984375 0.3327341453125 0.8404238640624999 0.3412937875 0.8445179734374999 0.36000924375 0.8702287375 0.356182634375 0.8865163921875 0.3454176703125 0.8958618203125001 0.360370615625 0.9051653749999999 0.3685047875 0.9070177109375 0.37633307031249996 0.9061192859375 0.38736493906249997 0.9118488171875001 0.3937443734375 0.9090117937500001 0.4148375890625 0.9164963046875 0.42566928125 0.9109196171875 0.439345815625 0.9134978546875001 0.444821453125 0.9104550171874999 0.447332665625 0.8997662421875001 0.435728 0.8762109890625001 0.45249978593750007 0.8575090375000001 0.46846224062499997 0.858462946875 0.47369871406249997 0.8564380875 0.48385190156249996 0.8415911375 0.46472484375 0.8216850703125 0.430858890625 0.8118281390625001 0.41839204218750004 0.8122064765625 0.41117553593749995 0.8186064249999999 0.4031080921875 0.8205228281249999 0.35919466093749997 0.8169573874999999
0 0.7195764328124999 0.7987512609375 0.7189256703125 0.805573934375 0.7300909921875001 0.8188409484375001 0.7229412125 0.8290096359374999 0.7254801671875 0.8344137999999999 0.7379608859375 0.8420819296875001 0.74520513125 0.8517749203125 0.75652901875 0.8522087468749999 0.759891175 0.8460035140625 0.7782062734374999 0.8491018406249999 0.7831507296875 0.8523726875 0.8065298656250001 0.85823286875 0.8209238890625 0.8577571718750001 0.8262938140625 0.8632697921875 0.8207653234375 0.8705903609375 0.834694890625 0.8801970875 0.8368750984375 0.8871282203125 0.8456210484375 0.894482078125 0.87648359375 0.9090172750000001 0.8876879015625001 0.9099600875 0.901320196875 0.8519353125 0.8814102390624999 0.8495462437500001 0.8743258734375001 0.8452518703124999 0.8811836328125 0.8403788890625 0.8789505671875 0.8377254859375001 0.8740728390625 0.8382233781249999 0.8555714328124999 0.831865303125 0.8612723624999999 0.81975801875 0.8772876703125 0.8164341984375 0.877579690625 0.8111384921875 0.8660556234375001 0.799398446875 0.8520203437499999 0.7983471765625 0.8172254796875 0.8086550984375 0.7833644484375 0.8014803890625 0.7684733031250001 0.7932633499999999 0.7378109375 0.7900343765625 0.7195764328124999 0.7987512609375
0 0.336681071875 0.6493556578125 0.3241474984375 0.6459652578124999 0.305234490625 0.645411878125 0.301035265625 0.655180034375 0.3122005875 0.6684470453125 0.319976015625 0.67182635 0.334795509375 0.6735924234375 0.345148875 0.6700516953125 0.3620151265625 0.6712114203125 0.374295665625 0.6675733312500001 0.40486619375000005 0.687404234375 0.43861256718749997 0.69777015625 0.44471385156250004 0.708275309375 0.4568358265625 0.7174704078125 0.4602785765625 0.7230803859375 0.4947424390625 0.7303923718750001 0.5024511390625 0.7300029375 0.5126849234375 0.7269711953125 0.521948184375 0.7199648984375 0.5167896796875 0.6973413625 0.509067109375 0.6896843296874999 0.49938962187499997 0.6660317171875 0.5052768578125 0.65718418125 0.478933296875 0.6436780609375 0.46981473124999995 0.6298047015625 0.4492526984375 0.61600650625 0.44382991718750003 0.6147716140624999 0.4332373875 0.619330325 0.40852898125000003 0.611022553125 0.398773525 0.6120183375 0.365374653125 0.628542584375 0.352935546875 0.6450138609375 0.336681071875 0.6493556578125
0 0 0.6785237000000001 0.0037858234375 0.6802557421875 0.0211303984375 0.6793795109375 0.0306605640625 0.687448175 0.049693154687500005 0.6874925625 0.06325010625000001 0.690579790625 0.07793614843749999 0.6848083843749999 0.0881560625 0.673730175 0.12122393125 0.6748258328125 0.139046834375 0.6719136453125001 0.1509937453125 0.64943185625 0.148215628125 0.6450456703125 0.14055978125 0.6411573781250001 0.137714940625 0.633002453125 0.14614113125 0.62955908125 0.16207584375 0.6144200546875 0.1557215234375 0.5968864093749999 0.146191359375 0.5888177453125001 0.13920014687499999 0.586153246875 0.101360259375 0.577000021875 0.013772562499999998 0.5688511625 0 0.5718098421875 0 0.6785237000000001
0 0 0.435116921875 0.004393084375 0.4385584921875 0.01060008125 0.4405081875 0.02956594375 0.4367838359375 0.0665548890625 0.44145351718750003 0.08275650625 0.4413894515625 0.0904123515625 0.44527774375 0.0945197359375 0.4521115171875 0.11801845312499999 0.4574627109375 0.12458419375 0.4578854375 0.14312458749999998 0.451919315625 0.14413409375 0.4435696703125 0.15170934375 0.43564275468749997 0.1623685984375 0.43485278593750004 0.167844234375 0.43180994687499996 0.1739177796875 0.42622216249999995 0.176189828125 0.41655136718749997 0.169170875 0.3977939296875 0.1562646875 0.3878840265625 0.1469208296875 0.3830751125 0.142827315625 0.3842878109375 0.13095837500000002 0.382121203125 0.116005428125 0.3728176484375 0.1142896765625 0.355804090625 0.1095176578125 0.3477465234375 0.0998150546875 0.34446457812500003 0.0891419296875 0.33720807812500003 0.0663745703125 0.33684941875 0.059603029687499996 0.3393290390625 0.043793521875000005 0.339750509375 0.0461600375 0.3499413921875 0.0397944734375 0.36082488437500004 0.0176250234375 0.35792127812499996 0 0.3589699484375 0 0.435116921875
0 0.3408784078125 0.42885233593749994 0.313060884375 0.4337782859375 0.3069206140625 0.43559733281249996 0.3060306859375 0.44343798593750006 0.30682877343750004 0.4521992609375 0.3178216578125 0.470252990625 0.34464354531249997 0.481723153125 0.3678363734375 0.48432358593749997 0.382163671875 0.480079146875 0.3882510859375 0.48253783125 0.41592128749999996 0.46202793125 0.43918084375 0.46839710468750007 0.439792621875 0.4738986265625 0.447022996875 0.47554514843750006 0.45353588125 0.4802456046875 0.45535734687499996 0.4887037046875 0.44976212968749996 0.49225553125 0.44911136406249996 0.499078209375 0.45248738906249997 0.5009194453125 0.4515974625 0.5087601 0.4570869703125 0.5137637328125 0.47884482031250003 0.5224720359374999 0.4937977671875 0.531775590625 0.5143459328125 0.537527315625 0.5237426453125 0.5380585 0.555467375 0.5286601015625 0.5629620281250001 0.5089179781250001 0.55612938125 0.49342029062500004 0.5770752765625 0.4853208515625 0.5877735171875 0.47220668281249994 0.5855933062500001 0.46527555156249994 0.5750926187500001 0.45323233281249997 0.5563520484375 0.44789223749999996 0.549054946875 0.44247697500000005 0.5546501640625 0.4389251484375 0.5695225140625 0.43641349375000005 0.5742139374999999 0.43265585156249997 0.5752901703125 0.4280749484375 0.5687634140625 0.415328021875 0.5714470640625 0.3998525296875 0.566794628125 0.3912859734375 0.559856271875 0.3843437453125 0.534841978125 0.3732852109375 0.511104096875 0.368951996875 0.49599258281249997 0.3724816296875 0.4748465109375 0.3692748484375 0.4614230109375 0.373725103125 0.45537720625 0.395405825 0.4476156515625 0.400072990625 0.43514880156249997 0.40045132812500006 0.4073702640625 0.3930530828125 0.400684940625 0.39313934375000004 0.3899728296875 0.398207040625 0.3890300484375 0.410325425 0.3971113640625 0.41645549062500004 0.398626940625 0.4221628296875 0.37358753125 0.4314749640625 0.35329240156249997 0.43275172812499996 0.3408784078125 0.42885233593749994
0 0.9475903750000001 0.5455656531249999 0.9381408062500001 0.5493121984375 0.9316279203125 0.5446117421875 0.9321591031249999 0.53829805625 0.9426710343750001 0.5219241375 0.9430687640625001 0.5080729703125 0.9379241296874999 0.493495903125 0.9189972531249999 0.48489605625000004 0.8939968296874999 0.48188399375 0.88876035625 0.483908853125 0.8869666328125 0.4915436921875 0.8780621171874999 0.497023021875 0.8876451375000001 0.5008139546875 0.8888019671875 0.508048259375 0.876654878125 0.5192238296875 0.8647859390624999 0.5170572234375 0.8418989984374999 0.5172075515625 0.8180554062500001 0.52142979375 0.8084862562499999 0.5256853296874999 0.7959804218750001 0.5383878671875 0.7938946812500001 0.5513184140625 0.79933133125 0.560599771875 0.7976571906250001 0.567725621875 0.7883939296875 0.5747319203125001 0.798110403125 0.58606033125 0.7996259765625 0.591767671875 0.812465440625 0.597908834375 0.8285474781250001 0.59835375625 0.8444960609375001 0.5912611984375 0.889619178125 0.597783215625 0.89752805625 0.6086999984375 0.9089186703125 0.6129025625 0.9262909890625 0.6281192703125 0.9361131734375 0.6308922265625 0.946002084375 0.637433921875 0.9515444453124999 0.6381598234375 0.960486525 0.6000985796875 0.9643198296875 0.5483489703125 0.9588614078125 0.55027720625 0.9475903750000001 0.5455656531249999
0 0.9596107390625 0.2512366953125 0.9514098421874999 0.24561561875 0.944179465625 0.24396909687499999 0.932496834375 0.2450622390625 0.9255194937500001 0.250444209375 0.9010112671874999 0.253442659375 0.8740862953124999 0.2869915625 0.8731183984375 0.3194806125 0.866686109375 0.3265953640625 0.8758046734375 0.3404687265625 0.8901458421875 0.34427075625 0.9008189671875 0.35152725625 0.929793321875 0.3538356109375 0.9314284796875001 0.3590339609375 0.941623278125 0.36832641875 0.93982955625 0.3759612578125 0.9465287484375 0.3839214640625 0.9401631859374999 0.39480495625 0.9431276093750001 0.4024508921875 0.9480720640625 0.40572174062500005 0.9744725015625001 0.4112878859375 0.9858737124999999 0.257371540625 0.9835877828124999 0.25455193125000003 0.9596107390625 0.2512366953125
0 0.3949405109375 0.17037205625000001 0.382287353125 0.16749064375 0.3751237046875 0.1696128609375 0.3753100125 0.1728726125 0.382740565625 0.18582535312499998 0.40209291562500005 0.1966669734375 0.41034666875000003 0.198010321875 0.41467934531250006 0.195779646875 0.43202392031250003 0.194903415625 0.44215199531250005 0.20042713124999997 0.4476943578125 0.201153034375 0.4681368109375 0.21546021875000002 0.48350135937500005 0.218959078125 0.5058709875 0.23316890156249998 0.5099783703125 0.240002675 0.51841843125 0.2446057734375 0.54606351875 0.244466540625 0.562662865625 0.23055130781250002 0.5599376046875 0.22188739375000002 0.57022161875 0.17811431718749998 0.5594011703125 0.1552738671875 0.574751846875 0.1507262546875 0.5787786328125 0.1457448203125 0.591910115625 0.1465902734375 0.6018380109375 0.140807771875 0.6034844109375 0.11758898437500001 0.5938207921875 0.10198283906250001 0.5709728375 0.0898089703125 0.54169259375 0.0847498546875 0.529531634375 0.0878789546875 0.52424230625 0.0941815421875 0.51358305 0.0949715125 0.49109646875 0.11773428281250001 0.48241724374999995 0.1141491625 0.4628785875 0.1000477921875 0.44118746093750005 0.0951082296875 0.4242683546875 0.09822623124999999 0.4165067984375 0.10289339687500001 0.41628150625 0.11195784375 0.41015510624999996 0.1218233578125 0.42264969687500004 0.1375379578125 0.43235229999999997 0.14081990312499998 0.43627337656250004 0.14439392499999998 0.4292570484375 0.1621000921875 0.419089990625 0.168900575 0.406078090625 0.1675461296875 0.3949405109375 0.17037205625000001
0 0.09031336718750001 0.17821729375 0.1270770203125 0.191951421875 0.136287425 0.189222853125 0.1437569640625 0.189851396875 0.1523027359375 0.18589903593749998 0.1555981640625 0.17592506562500002 0.149377296875 0.165928903125 0.13967469375 0.1626469578125 0.139302078125 0.15612745625 0.12068109062500001 0.15027836875 0.1149385484375 0.13824625 0.1171577421875 0.1328531828125 0.140470153125 0.1349446265625 0.1527758078125 0.1109358671875 0.14316504531250002 0.0910519953125 0.12857084531250002 0.0802214734375 0.11387093125 0.077946409375 0.09946303749999999 0.0703756390625 0.091089703125 0.06954128125 0.0803108671875 0.0708402390625 0.06707367343750001 0.0785502421875 0.055391040625 0.0796433859375 0.0342251078125 0.169734484375 0.042545587499999996 0.174846571875 0.0582160234375 0.181096190625 0.0733942609375 0.1813352953125 0.09031336718750001 0.17821729375