0 0.9517771500000001 0.6541767468749999 0.91960226875 0.65191054375 0.9132922046875 0.6534193546875 0.9065104375 0.6605026703125 0.8911654812500001 0.6677862046875 0.8902826812500001 0.6717723 0.893670278125 0.681162840625 0.9021346515625 0.684279346875 0.9148918125 0.68179119375 0.930746684375 0.672779346875 0.942621046875 0.6742772921875 0.955515240625 0.6723186078125 0.966255128125 0.6657346046875 0.9647477703125 0.6599104437500001 0.9517771500000001 0.6541767468749999
0 0.8761036375 0.689334140625 0.8493019875 0.6708437390624999 0.836133728125 0.6717434843750001 0.8257667234375001 0.6760697046875 0.8041723078125 0.6776991328124999 0.7940793687500001 0.683084290625 0.7957619734375 0.6932841125 0.8042263437500001 0.69640061875 0.8161007046875 0.6978985625 0.82923075 0.693152625 0.839468634375 0.6957245859375 0.8415544234375 0.70008516875 0.8551719953125 0.7046200218750001 0.8721613406250001 0.703690121875 0.8784331921874999 0.6983351203125 0.8761036375 0.689334140625
0 0.6957202546875 0.6728961453125 0.6845692718749999 0.677891740625 0.6854678921875 0.6887609375 0.7111732859375001 0.7030155875 0.744817309375 0.7072597593750001 0.7544003328125 0.7036029171875 0.7588301546875 0.6985277265625001 0.758517875 0.6936225984375 0.7522684171875 0.6879684968750001 0.7207022703125 0.6806572562500001 0.710494690625 0.674503840625 0.6957202546875 0.6728961453125
0 0.5760695765625 0.635693659375 0.5851011828125 0.6428511390625 0.59332641875 0.6616870984375 0.601691971875 0.6681203250000001 0.6128811703125 0.666970921875 0.621406146875 0.662924515625 0.627662175 0.64271421875 0.624274575 0.6333236765625 0.5991173125 0.62118690625 0.5894960765625 0.6209975578125 0.5765030640625 0.6262729640625 0.5760695765625 0.635693659375
0 0.7086266 0.5970136140625 0.7012967031249999 0.6019790515625 0.7018606562499999 0.6189522249999999 0.7060322359375 0.6276733906249999 0.7258004484375 0.64117906875 0.738831675 0.639749853125 0.745750475 0.63319600625 0.7432838890625 0.6236655578125 0.7329695796875 0.6134012156249999 0.7290641531250001 0.5983113421875 0.7196787671875 0.5953347421874999 0.7086266 0.5970136140625
0 0.80634631875 0.604731253125 0.7958422828125 0.608528003125 0.7997015859375 0.612344040625 0.79435075 0.6175591359375 0.8121016859375001 0.6269689640625 0.8506472359374999 0.6205634421874999 0.8570561187499999 0.6157379093750001 0.8559216453125 0.6076559640625 0.8461251624999999 0.60309095625 0.8329569031249999 0.6039907 0.8190428781250001 0.6094060140625001 0.80634631875 0.604731253125
0 0.9535267234375 0.60383503125 0.946630315625 0.599379775 0.9318558796874999 0.5977720796875 0.9344054609375 0.589130509375 0.9287647359375001 0.578431371875 0.9135792031250001 0.57523526875 0.9012331390625 0.57931183125 0.9101020390624999 0.6098811453125 0.948427559375 0.6211181703124999 0.955932703125 0.620528390625 0.96339963125 0.6160924203125 0.9653404796875 0.6124958890625 0.960110853125 0.6033851593749999 0.9535267234375 0.60383503125
0 0.93347519375 0.548550721875 0.94043220625 0.545843065625 0.9622400828125001 0.5524354875 0.9623389015624999 0.5491187656250001 0.9557613421875001 0.5237042390625 0.9543304109375 0.5255724578125001 0.9398300390625 0.5250237015625 0.9243098375000001 0.5279315734375001 0.9022819312499999 0.5389817 0.8900346859375 0.539741540625 0.8776886234375001 0.5438181015625 0.8743168453125 0.5492828546874999 0.8690648281250001 0.5511812296875 0.8702981203125001 0.555946453125 0.8881478765624999 0.5620395609375 0.9022371484375 0.5609999078125 0.9118201734375001 0.557343065625 0.9244785156249999 0.5581716343750001 0.9295935015625 0.555743790625 0.93347519375 0.548550721875
0 0.832970040625 0.552261903125 0.815881875 0.556508525 0.7913491703125 0.5541820125 0.7768870140625 0.5574794484375001 0.772320159375 0.56202516875 0.7745126796874999 0.5704966781249999 0.78154611875 0.5754814046875001 0.796830471875 0.5753607859375001 0.8158370921874999 0.578526734375 0.842919378125 0.5722116765624999 0.8566963734374999 0.5662668953125001 0.8563458796875001 0.5575155734374999 0.849449471875 0.5530603171874999 0.832970040625 0.552261903125
0 0.7140446109374999 0.5587712046875 0.7034035421875 0.562038484375 0.6791831171875 0.564617103125 0.6701482249999999 0.5703918234375001 0.6637775546875 0.5790635484375 0.669380065625 0.58591649375 0.6991265734375001 0.582498440625 0.7121195874999999 0.577223034375 0.7336533984375 0.5827565171875 0.7483896203125 0.5805180203125 0.7523095265624999 0.57717114375 0.75237013125 0.57000823125 0.7473157515625 0.5652731625 0.7140446109374999 0.5587712046875
0 0.6187083046875 0.585926821875 0.6016807453124999 0.58301053125 0.5925312109374999 0.5772466781250001 0.57697279375 0.5763083578125 0.57001578125 0.5790160140625 0.5654489265625 0.5835617359375 0.5675044140625001 0.591503775 0.5859023 0.5997147578125 0.5888181953125 0.614679803125 0.59373554375 0.6188854046875 0.5999467890625 0.620693315625 0.612840984375 0.6187346296875 0.6202696999999999 0.6104524703124999 0.62233175625 0.5925301109375 0.6187083046875 0.585926821875
0 0.519665728125 0.6174803718749999 0.5387329546874999 0.6134834078125 0.5435356609374999 0.606150434375 0.5405433359375 0.58349300625 0.5308838859375 0.5794574671875 0.51730453125 0.5787688046875 0.49251358281249996 0.5902386500000001 0.48353929687499997 0.58885045625 0.4670980796875 0.591898234375 0.46096326249999997 0.5977827062500001 0.4597075765625 0.6040265875 0.46493720468750005 0.613137315625 0.47459665468749995 0.617172853125 0.4934662421875 0.6198093328125001 0.49644274375 0.627611465625 0.50919990625 0.6251233125 0.5061245859375 0.6206379015625 0.5155705765625 0.6164515890625 0.519665728125 0.6174803718749999
0 0.505503178125 0.681755615625 0.5129701078125 0.677319646875 0.5162048515625 0.671325421875 0.5422673062500001 0.66846699375 0.5540652390624999 0.6622725546875 0.5494825609375 0.65196298125 0.499671384375 0.6518255234375 0.49469343125 0.6547828359375 0.483086565625 0.6802082296874999 0.4897089078125 0.6836045484375 0.505503178125 0.681755615625
0 0.3912533359375 0.73897386875 0.40898845 0.7335284015625 0.415633184375 0.7259156171875001 0.41265668125 0.7181134828125 0.3995872421875 0.7156965046875 0.39129811875 0.716955659375 0.37332715156249996 0.7251883796875 0.368409803125 0.7209827796875 0.3553403625 0.718565803125 0.3387621140625 0.7210841109375 0.3322161984375 0.725380175 0.330549415625 0.7300356484375 0.335367946875 0.7375579703125 0.35372761875 0.7419227625 0.36250426875 0.7499443984374999 0.3714785546875 0.751332590625 0.37976767968749997 0.7500734375 0.3864506296875 0.74630684375 0.3912533359375 0.73897386875
0 0.41945900625 0.655631490625 0.40689948125 0.6514862 0.39073232812500003 0.655592915625 0.385107428125 0.6597490734375 0.3710181546875 0.6607887265625 0.35339768125000004 0.677772765625 0.35108395 0.6836270828125001 0.35364935468750003 0.6898408078125 0.36395575468749997 0.692677503125 0.3759289359375 0.690858725 0.385884840625 0.6849440984374999 0.3889443390625 0.6745742140625001 0.3959013515625 0.6718665578125 0.409343675 0.6720257515625 0.41994653125000003 0.6649122796875 0.41945900625 0.655631490625
0 0.3537827171875 0.6015911328125 0.3478007515625 0.6228603703125 0.34903404375 0.62762559375 0.35763544999999997 0.63127156875 0.36684558749999996 0.629872509375 0.377585475 0.6232885078125 0.385995809375 0.607703528125 0.39410968749999997 0.6020687140625001 0.39642341718749996 0.596214396875 0.39409386562500004 0.5872134171875001 0.3820824703125 0.5851860046875 0.3740674125 0.5875040984375001 0.3537827171875 0.6015911328125
0 0.47248444375 0.5239452359375 0.46909684687500003 0.5145546953125 0.463258484375 0.5104890015625 0.448895146875 0.510469715625 0.4380182265625 0.516524246875 0.4285880578125 0.5355658531249999 0.42852745312499996 0.5427287671875 0.4471994046875 0.551998690625 0.456387153125 0.561608734375 0.47600250781250003 0.5597296468749999 0.4837052875 0.5525064234375 0.481101671875 0.54244650625 0.4688768171875 0.5321972421875001 0.47248444375 0.5239452359375
0 0.5815975703125 0.49801563125000003 0.5686651625 0.496128125 0.557103078125 0.49953531093750003 0.5565707718749999 0.512272728125 0.5649745375 0.5225521468750001 0.5602100437499999 0.5337313124999999 0.5652038203124999 0.54562929375 0.57707818125 0.5471272375 0.5904822921874999 0.5434402390625 0.5971876328125 0.528664540625 0.6077904875 0.5215510703125 0.605460934375 0.512550090625 0.5938224234375 0.5082648953125 0.5815975703125 0.49801563125000003
0 0.6846104562499999 0.5238254578125 0.68621663125 0.5263328984375 0.69716998125 0.527970746875 0.70928019375 0.5266814390625 0.72333125 0.5217955953125 0.719981865625 0.516251246875 0.722827903125 0.49765951093750005 0.715504575 0.4767605515625 0.6793109703125 0.48115794687499996 0.6501508046875 0.49054006875 0.6587838546875 0.523896634375 0.6846104562499999 0.5238254578125
0 0.83487275 0.501550246875 0.8264531609375 0.47641553437499995 0.819929634375 0.46970249375 0.8076441750000001 0.46661614218749997 0.79765005625 0.46868457656249995 0.791241171875 0.4735101109375 0.7906482609375 0.49341043906250004 0.7846122609374999 0.495978190625 0.7860590140625 0.508965265625 0.7882515328124999 0.517436775 0.7948738765625001 0.5208330937500001 0.8081791687500001 0.5204628171875 0.8184091390624999 0.5156071296875 0.82672065625 0.503338871875 0.83487275 0.501550246875
0 0.9439476593749999 0.47177445 0.9315251671875 0.46815862968750005 0.931448740625 0.4604662484375 0.9200842937499999 0.45723999062500004 0.905348071875 0.45947848750000003 0.8898054796875 0.4733954609375 0.8868448000000001 0.4804486234375 0.89150390625 0.4984505796875 0.9000064906249999 0.505413278125 0.900592834375 0.5113773453125 0.9461336109375 0.5061103609375001 0.9532276578125 0.5039321734375 0.956089515625 0.500195734375 0.95372175 0.4873485640625 0.9439476593749999 0.47177445
0 0.869455896875 0.40439930156250004 0.8685730968750001 0.408385396875 0.874663134375 0.42451913281250003 0.891828684375 0.43770314531250004 0.9224203046874999 0.43556434375 0.91747344375 0.42126604375000004 0.89768848125 0.4210214828125 0.9020418765624999 0.4082539109375 0.8970863140625 0.4002021203125 0.8878379625000001 0.3977549890625 0.8786278234375 0.3991540484375 0.869455896875 0.40439930156250004
0 0.802046640625 0.410236778125 0.743277 0.42356642187500004 0.734417353125 0.433716803125 0.74033214375 0.44547487812500003 0.754421415625 0.44443522656249995 0.762649934375 0.4503389875 0.7822652921875 0.4484599 0.7851271515625 0.444723459375 0.8225158359375 0.441245096875 0.8211455109375001 0.435950403125 0.8308273515625 0.42897683750000004 0.8249731671875 0.4100558484375 0.8141950671875 0.41279366093750003 0.802046640625 0.410236778125
0 0.6469500234375001 0.43232571562500005 0.6378769171875 0.43425424531249995 0.6340940421875 0.438130590625 0.636560628125 0.44766103749999997 0.6548214828125001 0.45534255312500005 0.6673427921874999 0.4556416515625 0.6845679890625 0.4519244984375 0.6987942953124999 0.4514143171875 0.7075551234375 0.44458065781249995 0.705225571875 0.43557967968750005 0.69372409375 0.431823953125 0.6720308578124999 0.4367701046875 0.6469500234375001 0.43232571562500005
0 0.5392902203125 0.445377996875 0.5308034578124999 0.4532705953125 0.5322119953125 0.4624114796875 0.53712934375 0.4666170796875 0.5494148046875 0.46970342968749995 0.5603457609375 0.482350384375 0.56881013125 0.485466890625 0.5792153484375 0.4849868625 0.5895441390625 0.476814453125 0.5876256828125 0.46940188281250006 0.576047778125 0.4579537734375 0.5552597359375 0.447904725 0.5392902203125 0.445377996875
0 0.49306210000000006 0.46414443437499997 0.4837373203125 0.454004921875 0.4496215921875 0.45533525468749997 0.44358559375000006 0.45790300312500004 0.44052609531250003 0.46827288593749994 0.4228898015625 0.47040163125 0.41979208906250004 0.47692532343750005 0.4235143578125 0.48021188906249995 0.423217903125 0.49016205468749996 0.4502395828125 0.4910099109375 0.46413121718749994 0.496603703125 0.46126935781249995 0.50034014375 0.4981099109375 0.494743903125 0.5000125453125001 0.48730117812499996 0.49306210000000006 0.46414443437499997
0 0.355163875 0.4810515796875 0.33895850781250003 0.48131210468749996 0.32862971875 0.48948451562499995 0.316108409375 0.48918541718749997 0.3114651265625 0.48603875468749996 0.307918103125 0.4871278484375 0.316595934375 0.49846620625 0.32758749531250003 0.503950246875 0.3353443140625 0.5154285125 0.3443186 0.5168167046875001 0.35772271093749997 0.51312970625 0.36413159375 0.508304171875 0.36432923125 0.501670728125 0.3608652046875 0.48458780468749996 0.355163875 0.4810515796875
0 0.4317423734375 0.403384759375 0.4296644953125 0.40645182343749997 0.3897644421875 0.422417946875 0.3842159671875 0.43426648593749995 0.3877406 0.444186496875 0.409000346875 0.44866104218749997 0.4365319421875 0.44778058437499996 0.44515573750000004 0.4404174546875 0.4616417359375 0.41535146875000006 0.4642295328125 0.410556090625 0.457941859375 0.40105579843749994 0.4508095984375 0.39938779375 0.4317423734375 0.403384759375
0 0.5540013671875 0.3875645125 0.5449664734375 0.39333923125000003 0.5439848546875 0.40064204999999997 0.5371648734375001 0.40387917656249994 0.5223904359375 0.40227148125 0.5103184374999999 0.40740698125 0.5079058890625 0.4165780203125 0.5140183171875 0.421702653125 0.52193455625 0.42270128125 0.5596961265625 0.416965134375 0.5809624421875 0.3955752796875 0.580239065625 0.3890817421875 0.572558675 0.3852958625 0.5540013671875 0.3875645125
0 0.66818469375 0.3812252703125 0.657269559375 0.3834336109375 0.6542930578124999 0.375631478125 0.6416729296875 0.37864909999999996 0.622293425 0.3777409375 0.6122386984375 0.3869722859375 0.6176053578125 0.39661248437499996 0.6428614390625 0.40543253281249997 0.6674929609375 0.40444232343750003 0.688501034375 0.396848825 0.6918728125 0.3913840703125 0.69197163125 0.38806735 0.6808430375000001 0.3820538390625 0.66818469375 0.3812252703125
0 0.7879612781249999 0.3410192828125 0.7729509921875 0.342198840625 0.74929451875 0.361750628125 0.735342278125 0.36331975 0.7241912921875 0.3683153421875 0.722562725 0.3768170078125 0.726422028125 0.38063304375 0.737649440625 0.38332983125000003 0.7665737515625 0.3767349625 0.7778999859375 0.3761150296875 0.7837989515625 0.373017809375 0.7875053984375 0.36144908125 0.79479708125 0.352637453125 0.7943477703124999 0.347202853125 0.7879612781249999 0.3410192828125
0 0.8464502843749999 0.35249509687499997 0.8396303046875 0.355732221875 0.8337695515625001 0.3626756328125 0.83858808125 0.3701979546875 0.8505994749999999 0.3722253671875 0.8658456109375001 0.3682585578125 0.870686534375 0.364771775 0.9025491359375 0.36213284843750004 0.9155421468749999 0.356857440625 0.9153286859374999 0.348635590625 0.9085693109375 0.3447098015625 0.875100534375 0.3448412875 0.8464502843749999 0.35249509687499997
0 0.8857323484374999 0.3008543140625 0.8884571765624999 0.2965884046875 0.8862646562500001 0.2881168984375 0.8816213718749999 0.2849702375 0.8739791968749999 0.28503054687499996 0.8731187890625 0.278007540625 0.8679273765625 0.2727430015625 0.863048240625 0.2723835921875 0.86730281875 0.26293274218749996 0.81744223125 0.26445364531250004 0.7981121375 0.26188711875 0.7822190499999999 0.2670527734375 0.7914832234375 0.2843552 0.8110920125 0.30834051093750003 0.826749246875 0.3059621078125 0.85496600625 0.307728996875 0.8857323484374999 0.3008543140625
0 0.7379115640625 0.277084984375 0.73563605 0.2867854921875 0.740629825 0.2986834734375 0.7297911187499999 0.308584196875 0.735842940625 0.3208717421875 0.7495593281249999 0.3220898734375 0.75743735625 0.3192423109375 0.765414203125 0.3130780265625 0.7711985296874999 0.2984422375 0.7686937296874999 0.2850655984375 0.76240605625 0.2755653046875 0.7580368375 0.27347758125 0.7379115640625 0.277084984375
0 0.5487466624999999 0.32287879375 0.5400464390625 0.32254954062499996 0.530326384375 0.3256769140625 0.5190159765625 0.34115214374999997 0.5145479390625 0.3423811421875 0.5094711671875001 0.3486551765625 0.5145255484375 0.3533902453125 0.5115266546874999 0.356597215625 0.5134068953125001 0.36016359531250003 0.5221071203125 0.36049284843749996 0.536119965625 0.351760815625 0.546898065625 0.34902300468749997 0.5543873875 0.33357793125 0.5536640109375 0.32708439375 0.5487466624999999 0.32287879375
0 0.3842738875 0.3605194828125 0.3869763234375 0.367262675 0.40331688593750004 0.3761532171875 0.41565821718749996 0.3893194578125 0.42702266250000004 0.39254571562499996 0.4389958421875 0.3907269375 0.4451306609375 0.384842465625 0.43238006875 0.36146621875 0.40777093593749997 0.3514473265625 0.40786975468750003 0.3481306046875 0.3880185484375 0.3527969453125 0.3842738875 0.3605194828125
0 0.331504715625 0.43401927812499996 0.313677353125 0.41691706875 0.31162186406250003 0.408975028125 0.2881854203125 0.4108842703125 0.2850494953125 0.413561771875 0.27293928125 0.41485107968749996 0.27834415625000003 0.4283374703125 0.27822294531249997 0.4426632953125 0.28245513125 0.44422154843749995 0.289093296875 0.4624731625 0.3020257046875 0.46436066875000004 0.3092567828125 0.4627119515625 0.3192126890625 0.456797325 0.322683284375 0.44801585 0.33461825156249997 0.4423508796875 0.331504715625 0.43401927812499996
0 0.23206269218750003 0.40592536875 0.24909025156250003 0.40884166093749996 0.2552026796875 0.4139662921875 0.2789355796875 0.40210688437500003 0.2785468734375 0.38950937343750003 0.26181577031250003 0.3766429171875 0.25774300625 0.36460502968749997 0.2632308765625 0.3599194015625 0.25923454375 0.3555738953125 0.2080912546875 0.3539879359375 0.1940401953125 0.358873778125 0.1838866515625 0.37142185 0.1932720375 0.37439845 0.19767946875 0.3803323625 0.1980075703125 0.40009278750000005 0.20852742812499997 0.41115133437500007 0.21299546406249997 0.40992233437500003 0.21425115 0.4036784546875 0.2280663578125 0.4015798640625 0.23206269218750003 0.40592536875
0 0.253005821875 0.29812050625 0.25278579218749997 0.3157630546875 0.2464151234375 0.324434778125 0.24952865625 0.33276638125 0.2607560703125 0.3354631671875 0.2716712046875 0.3332548265625 0.2944066625 0.31384294375 0.2929981234375 0.3047020609375 0.281930134375 0.2915256375 0.27176076875 0.2892184109375 0.2590036078125 0.2917065640625 0.253005821875 0.29812050625
0 0.386957815625 0.2858232875 0.37845523124999997 0.278860590625 0.3642289265625 0.2793707734375 0.3558409828125 0.2839466484375 0.3563285078125 0.2932274375 0.36046187343749997 0.29810241249999997 0.350955278125 0.3094516390625 0.352089753125 0.317533584375 0.3626702171875 0.3214292171875 0.375290346875 0.31841159375 0.38183626249999997 0.3141155296875 0.3849339734375 0.3075918390625 0.3922638703125 0.30262639999999996 0.386957815625 0.2858232875
0 0.47988796562499997 0.249145103125 0.466582675 0.24951537968749998 0.4613306578125 0.2514137546875 0.4563909171875 0.2582172578125 0.46142290625 0.2739614328125 0.4561102828125 0.28302272031250003 0.4575188234375 0.29216360468749997 0.4633571859375 0.2962292984375 0.47113639375 0.2966984578125 0.48113051249999994 0.294630021875 0.489107359375 0.28846573750000004 0.4953027828125 0.27541835312499996 0.4903696125 0.25635745781249997 0.47988796562499997 0.249145103125
0 0.1266138109375 0.2707317625 0.137567159375 0.2723696125 0.1463662 0.26938214375 0.1807559921875 0.26911075156250003 0.17978094218750001 0.25054917187500003 0.1752588703125 0.233076684375 0.171026684375 0.23151843125 0.160758496875 0.23252792812499998 0.1499039703125 0.22757335781250002 0.141888909375 0.2298914484375 0.1298775171875 0.2278640375 0.1156894234375 0.232220409375 0.10018504375 0.24998357656249998 0.0870549984375 0.2547295140625 0.082389325 0.26259195625 0.08352379843749999 0.27067389999999997 0.09042020625 0.2751291578125 0.105057609375 0.2762073828125 0.1114441015625 0.2823909546875 0.1197332265625 0.2811318015625 0.1266138109375 0.2707317625
0 0.19543070625 0.3205630140625 0.205523646875 0.31517785625 0.20264596406250002 0.30405899999999997 0.193260578125 0.3010824 0.18738400156249999 0.293170515625 0.189050784375 0.28851504375000003 0.182565471875 0.28564819531249996 0.1660860421875 0.2848497828125 0.15558200625000002 0.28864653125 0.150291775 0.2866987140625 0.1296183703125 0.2881882390625 0.12101696875000001 0.2845422625 0.116762390625 0.29399311250000004 0.1205004828125 0.312134975 0.1237128359375 0.31714985625000003 0.13535134531249998 0.321435053125 0.1576691390625 0.326299159375 0.19543070625 0.3205630140625
0 0.26114368906249996 0.2250319484375 0.25003091875 0.233873734375 0.2102520765625 0.2355140328125 0.201316003125 0.23797203125 0.198903453125 0.24714306718749998 0.2037984109375 0.262357771875 0.20922567500000003 0.264835059375 0.2216705578125 0.257441775 0.2685434453125 0.253623290625 0.2856922171875 0.2422137546875 0.2912789046875 0.23421140624999998 0.28802833906249997 0.225350334375 0.275742878125 0.222263984375 0.26114368906249996 0.2250319484375
0 0.33622741875 0.200766240625 0.3325815765625 0.20517205624999998 0.3342259671875 0.2115256875 0.3553262890625 0.226479865625 0.35407060625 0.232723746875 0.35994718125 0.24063563124999998 0.37052764374999997 0.2445312640625 0.383558871875 0.24310205 0.3909875875 0.2348198890625 0.38629026718750004 0.21297174062500002 0.381509953125 0.20929561093750002 0.3592527640625 0.197268590625 0.33622741875 0.200766240625