0 0.7910647171875 0.20229492656249998 0.8207785812499999 0.18839333125 0.831062059375 0.17863794375 0.8304433421875 0.173062140625 0.817943603125 0.17138060625 0.8050275109375 0.17448266875000001 0.7942940562499999 0.180182928125 0.7760901078125 0.17831017656249998 0.76311776875 0.1809053484375 0.7561871203125 0.186733084375 0.756276990625 0.196078703125 0.7585158765625 0.1991837921875 0.775628503125 0.19975744687500002 0.7845504234375 0.20333906562499998 0.7910647171875 0.20229492656249998
0 0.7049387578124999 0.2162146296875 0.7177423578125001 0.2120987859375 0.7366555234375001 0.186219996875 0.735699321875 0.17760284375 0.727868721875 0.17532032343749998 0.711431059375 0.1808293640625 0.7001125078125 0.189792546875 0.6996680296875 0.1943226984375 0.6908641046875 0.200340140625 0.676744196875 0.2011293234375 0.6660107421875 0.20682958281250002 0.6590800953125 0.212657321875 0.661071365625 0.2220666796875 0.67253603125 0.22295600625 0.6935865859375 0.2163390859375 0.7049387578124999 0.2162146296875
0 0.5923428234375 0.2514094296875 0.619705309375 0.23338896875 0.623643234375 0.22619839531250002 0.6222144328125 0.2218579484375 0.6162289890625 0.2191322734375 0.605855640625 0.21954204531250002 0.5754441875 0.235692778125 0.55608104375 0.2575164375 0.559051140625 0.267211109375 0.5713821390625 0.26737197031250004 0.5848270796875 0.2605000921875 0.5923428234375 0.2514094296875
0 0.48890244843749997 0.351520821875 0.4979594875 0.3477843875 0.5175476171875 0.32798829375 0.5174577499999999 0.3186426765625 0.5044181671875 0.30356039375 0.49491114999999997 0.303241696875 0.4838964609375 0.3064074984375 0.47822587343749995 0.31505500937500003 0.47704986875 0.33433205625 0.4710023609375 0.3438506890625 0.47472629531250005 0.35180311406250003 0.48890244843749997 0.351520821875
0 0.6292298453125 0.3192228921875 0.62762680625 0.30477649218749997 0.6337981171875 0.2921057234375 0.6327856703125 0.2829816796875 0.623919996875 0.27990695 0.6110601515625 0.2835159046875 0.5970637375 0.30248943437500003 0.59617478125 0.3115497375 0.60160875 0.3263770625 0.6103056828125 0.3279311171875 0.62137661875 0.3252722046875 0.6292298453125 0.3192228921875
0 0.7257520625 0.2757455078125 0.7385556609374999 0.2716296609375 0.7462401468750001 0.2640596734375 0.7444738625 0.2566778796875 0.7366995078125 0.25490225 0.697894984375 0.2637015484375 0.68437116875 0.27839837031250003 0.6912791921875 0.28090246875 0.688961434375 0.285622328125 0.700257359375 0.28499098125 0.7106533328125 0.276249375 0.7257520625 0.2757455078125
0 0.8401407453124999 0.2310995265625 0.84654254375 0.229041603125 0.84829783125 0.21925283125 0.845192615625 0.21687621250000003 0.83655193125 0.2158290484375 0.8292275531250001 0.2181085484375 0.7968358234374999 0.2420204859375 0.7991755734375 0.27164175468749996 0.8123166562499999 0.2705672578125 0.8255928562499999 0.262174703125 0.8271794015625 0.250865259375 0.8217228046875 0.24436977187500003 0.835167746875 0.23749789375 0.8401407453124999 0.2310995265625
0 0.8548671078125001 0.3040615078125 0.86842454375 0.2982034140625 0.8704384390625 0.299280934375 0.86773858125 0.2749501546875 0.8664785203125 0.2721303828125 0.8481168296874999 0.2859075203125 0.8405674624999999 0.28615945468750004 0.8343570296875 0.281406215625 0.8286528203125 0.281214996875 0.816940540625 0.286629940625 0.80656719375 0.28703971093749997 0.79284101875 0.2913771328125 0.77805714375 0.3032541828125 0.7785633671875 0.30781620468750004 0.7842113296875 0.3075005328125 0.7893304421875 0.31095467499999996 0.8024715234375 0.30988017343749996 0.8143525453124999 0.30598590625 0.8391270343749999 0.3073214078125 0.8548671078125001 0.3040615078125
0 0.743955378125 0.3202912203125 0.759301721875 0.31348308281250004 0.7642747187500001 0.30708471406250004 0.7615296109374999 0.29941760624999997 0.7463746312499999 0.299414584375 0.7184723046875 0.30403429531250004 0.7015620375 0.31382004375 0.6870257765625001 0.3193928234375 0.6821090265625 0.3262980828125 0.6830089796875 0.33440834375 0.6889381765625 0.336627125 0.70381191875 0.33409569375000003 0.726257653125 0.3229804921875 0.743955378125 0.3202912203125
0 0.62889173125 0.3588545078125 0.6581556171875 0.34089778437499996 0.6612834609375 0.33494256875 0.6587070921875 0.328796134375 0.6538129671874999 0.3273695578125 0.6390517171875 0.33091477343750003 0.6205775328125 0.343678128125 0.6064013796875 0.34396041875 0.576991375 0.3520646328125 0.574088521875 0.3600474125 0.5831791843749999 0.365149709375 0.59377751875 0.366767503125 0.6176520531249999 0.3599927453125 0.62889173125 0.3588545078125
0 0.5138153734375 0.37971110937499997 0.5289367296874999 0.37087540625000004 0.530050675 0.36384266875 0.521792725 0.3491731796875 0.5118357312499999 0.344799353125 0.4989196390625 0.3479014171875 0.49366540625 0.3517653265625 0.490481315625 0.357213653125 0.4929788109375 0.37118503281250004 0.47841992656250004 0.38508964843750004 0.4792636328125 0.3926930171875 0.48519282812500003 0.3949118 0.4927421953125 0.3946598671875 0.5071659609375 0.388073303125 0.5138153734375 0.37971110937499997
0 0.43529474218750003 0.414701846875 0.44792959843749997 0.4090653265625 0.45567033125 0.40200223125 0.450540221875 0.381377525 0.4434072109375 0.3768458625 0.4239205765625 0.380485175 0.42039900625 0.3828921515625 0.4099694109375 0.38279503125000003 0.41130834375 0.37778985781249996 0.39833600625 0.38038503125 0.3982571328125 0.388209975 0.3812906203125 0.3974888296875 0.37354988906250003 0.4045519265625 0.3717946 0.4143406984375 0.375181053125 0.41925177343750003 0.3830679015625 0.4220411859375 0.3997305515625 0.4185597125 0.4077525203125 0.41403107187500005 0.43529474218750003 0.414701846875
0 0.38712213125 0.357633828125 0.3928825859375 0.3583319359375 0.44006918749999996 0.3397135109375 0.440789403125 0.3291325328125 0.4274233328125 0.328179465625 0.4017036421875 0.335397375 0.39652828125 0.33143634375 0.387887596875 0.3303891796875 0.3722600171875 0.33466286093750003 0.367174525 0.340047446875 0.38712213125 0.357633828125
0 0.2672108453125 0.3424898625 0.2755140484375 0.34049567812500003 0.2870575875 0.3335600609375 0.287136459375 0.3257351171875 0.27815829375 0.3216466046875 0.25942549531250003 0.32354366875 0.25229248437499996 0.3190120046875 0.24463062500000002 0.31825015625 0.236327421875 0.3202443390625 0.22830545624999998 0.32477298125 0.22280360781250003 0.3349411625 0.20692841562500003 0.3455191171875 0.2050043875 0.3537872125 0.2082220984375 0.3571776140625 0.2159402046875 0.358446353125 0.232546609375 0.3544579875 0.2440901484375 0.347522371875 0.24727423593750003 0.3420740453125 0.2672108453125 0.3424898625
0 0.288253034375 0.395547671875 0.30502817968749996 0.3930799796875 0.3154804 0.384845265625 0.31267904375 0.37667126562500003 0.3001230578125 0.374482840625 0.287431953125 0.37961246875 0.27988258906249996 0.3798644015625 0.2733346734375 0.372069815625 0.2618137578125 0.370673596875 0.24982024531250002 0.373554084375 0.241044440625 0.3798249734375 0.240796828125 0.3861292453125 0.245049609375 0.390311853125 0.267731328125 0.398394778125 0.28145750468749997 0.39405735625 0.288253034375 0.395547671875
0 0.29639402187499997 0.46037747968750004 0.3048097171875 0.459397078125 0.3154869234375 0.45318992812500003 0.314530725 0.44457277656249994 0.31027794218750004 0.44039016875000003 0.300602184375 0.438550796875 0.287146246875 0.42825211249999995 0.274646509375 0.42657057812500004 0.2654207296875 0.42878633749999995 0.258546328125 0.435120965625 0.25905255 0.4396829875 0.272204628125 0.455779053125 0.29639402187499997 0.46037747968750004
0 0.4120719140625 0.478564096875 0.405748984375 0.472797075 0.41373733125 0.459429709375 0.41266863750000005 0.449798775 0.40282413906250003 0.4464387296875 0.3835624953125 0.45210560781250003 0.37822938906250003 0.4637944640625 0.36378299687500004 0.4787128640625 0.36635936562500004 0.484859296875 0.3819979421875 0.49775617812500006 0.39444143125000003 0.498930821875 0.40805511406250006 0.49357961718750004 0.41216178281250004 0.487909715625 0.4120719140625 0.478564096875
0 0.5246600578125 0.4603705578125 0.5326484046875 0.447003190625 0.54217804375 0.43899005312500006 0.54122184375 0.43037289999999995 0.528665859375 0.4281844765625 0.5171113234375 0.41794952968750004 0.5031039125000001 0.4197524953125 0.492370459375 0.4254527546875 0.49181898437499993 0.43755440468750006 0.5002683015625 0.44541273124999997 0.495914021875 0.4573869015625 0.500898015625 0.46815909843750003 0.5130602718749999 0.46679928437499996 0.5246600578125 0.4603705578125
0 0.5922965578125 0.44134785625 0.6232478546875 0.438597871875 0.65911590625 0.428942625 0.6587111812499999 0.40822382343749997 0.6494744031249999 0.3932690203125 0.650700840625 0.3872500640625 0.635658359375 0.3882608234375 0.6237210906249999 0.3916482015625 0.613910215625 0.3971268859375 0.613268871875 0.39988291875000004 0.58875299375 0.40941370624999995 0.5922965578125 0.44134785625
0 0.7644475484375 0.388033078125 0.7635928484375001 0.3632591453125 0.755233396875 0.36474643906250004 0.74303751875 0.35726752500000003 0.7316291015624999 0.3568850875 0.71888175 0.361507825 0.7137962578125 0.36689241250000004 0.7146962109375 0.3750026703125 0.7178912953125 0.386724909375 0.7245180828125 0.3866945515625 0.7320784453125 0.40361318125 0.7398528 0.40538881250000003 0.7500574046875 0.40345836718749994 0.7606221171875001 0.3962374359375 0.7644475484375 0.388033078125
0 0.8669888328124999 0.3561200953125 0.8774972999999999 0.34839226874999996 0.881289109375 0.3313491859375 0.8790166015624999 0.319405371875 0.87498880625 0.317250328125 0.8674956890625 0.318009153125 0.82245810625 0.330387046875 0.8239993999999999 0.33574127656249997 0.8183850609375 0.34489567656250003 0.820297459375 0.3621299796875 0.8255853140625 0.36710479375 0.8452180640625 0.37331799062500004 0.8599793124999999 0.36977277656249996 0.869621446875 0.36277341875 0.8669888328124999 0.3561200953125
0 0.8503191515624999 0.43297967656249997 0.8582286265624999 0.4274372546875 0.86009640625 0.4186622671875 0.851478346875 0.40928326562499995 0.8701540281250001 0.4017244375 0.8698169234375 0.387572975 0.8400553765625001 0.3970928046875 0.828413896875 0.4148226640625 0.8283123984375 0.4309794453125 0.830551284375 0.43408453125 0.841093371875 0.4351954359375 0.8503191515624999 0.43297967656249997
0 0.764575640625 0.45409313281249997 0.7751966 0.447379090625 0.78638003125 0.44573396093750006 0.785277715625 0.42726430000000004 0.7736443078125 0.4248542984375 0.7730818375 0.4197853859375 0.7364037046874999 0.4306759875 0.732375909375 0.42852094375 0.7131142640625 0.434187821875 0.7073874296875 0.442328440625 0.6936612531249999 0.4466658625 0.6921872015625 0.458989090625 0.7041580921875 0.46444043749999997 0.764575640625 0.45409313281249997
0 0.6319536234375 0.47953004374999997 0.6542642359374999 0.47573289374999994 0.6638501234375 0.468226646875 0.662893925 0.4596094953125 0.6521830953125 0.45697791875 0.6385131656249999 0.46182223125000005 0.6208716890625 0.46501839218749996 0.6091031625000001 0.46992644375000003 0.5944880296874999 0.48332416875 0.5955004765624999 0.4924482109375 0.6004508484375 0.494381678125 0.6097328765625 0.49267281093750004 0.6319536234375 0.47953004374999997
0 0.517306328125 0.513309734375 0.5334853828125 0.49693440000000005 0.54043865625 0.4827748265625 0.5396511984375 0.4756783484375 0.52698271875 0.4724761421875 0.5169468546875 0.47592725937499997 0.51001620625 0.481754996875 0.5040980046875 0.4967067765625 0.493533290625 0.503927709375 0.49034920312499997 0.509376034375 0.49222797968750004 0.5177716109375 0.5030513046875 0.5214169703125 0.517306328125 0.513309734375
0 0.447337875 0.5346197109374999 0.452614734375 0.5224239625 0.45106244218749997 0.49989917031250003 0.44664091875 0.4941958875 0.4097377953125 0.5030589265625001 0.4137655890625 0.5052139703125 0.402559534375 0.5151909328125 0.377233571875 0.52595708125 0.381013753125 0.534416396875 0.37863974843750003 0.5386293640625001 0.38387135625 0.5430972875 0.40134409218749995 0.538380453125 0.4078920078125 0.546175040625 0.4145187953125 0.54614468125 0.447337875 0.5346197109374999
0 0.3004442390625 0.5648731890625001 0.31590307812499996 0.559078834375 0.3200659921875 0.5539158234375 0.317343509375 0.5379168812499999 0.3148233875 0.5322773375 0.3070490359375 0.5305017046875 0.2930416234375 0.5323046703125 0.2850196546875 0.5368333109375001 0.281700446875 0.549599690625 0.273205878125 0.5584050359375 0.2689640921875 0.5713929906249999 0.27271065 0.5710135765625 0.276007234375 0.566579034375 0.287775759375 0.5616709828124999 0.3004442390625 0.5648731890625001
0 0.43531974062499995 0.5938873015625 0.441496553125 0.5898018125 0.4441181703125 0.579284575 0.43997788125000004 0.5761157484375 0.415529878125 0.56065103125 0.404762803125 0.5575125625 0.3783455234375 0.5669796125000001 0.35975884062499996 0.578729184375 0.3599049578125 0.5885816953125 0.3693331015625 0.5967253359375 0.4127841375 0.5956568843750001 0.41583310781250005 0.5975266125 0.43531974062499995 0.5938873015625
0 0.537332175 0.5657441296875 0.5557274890625 0.560805721875 0.5616793109375 0.5546926671875 0.5600817703125001 0.5488315484374999 0.5323934312499999 0.5383082640625 0.4945677328125 0.5473928781249999 0.48741209531249996 0.55119305 0.483417921875 0.5578767359375 0.488930765625 0.5648791140625 0.5021843406250001 0.5648183984374999 0.5156292812500001 0.5579465203125 0.5232348953125 0.558201478125 0.5267338406250001 0.5641263375000001 0.537332175 0.5657441296875
0 0.6478391796875 0.5287956171875 0.659551459375 0.5233806734375 0.6679897796875001 0.5140684359375001 0.6667297203125 0.5112486640625 0.66161060625 0.507794521875 0.63901875625 0.5090572156250001 0.6153129625 0.5173526453124999 0.5944647703125 0.5343289671875 0.5927657296875 0.5446246296874999 0.6055467046875 0.54884061875 0.6236045359375 0.5408608625 0.636633121875 0.53877258125 0.6367119953125 0.5309476359375 0.6478391796875 0.5287956171875
0 0.760910921875 0.523495934375 0.7755596765625 0.5189369359375 0.77944135625 0.5112394703125 0.77795630625 0.506392134375 0.7679430671875 0.5015114171875 0.7603600796875 0.492924621875 0.7536770453125 0.49244809062500006 0.7427186031249999 0.49612078281249994 0.7129711171875 0.5011836484375001 0.703272734375 0.507676115625 0.7009549749999999 0.512395971875 0.7054889953125 0.5191130359375 0.717819990625 0.5192738968749999 0.7316024140625 0.515443365625 0.760910921875 0.523495934375
0 0.85684804375 0.4832814734375 0.8886320515625 0.47096429375 0.8936612953124999 0.46507281718750004 0.890972434375 0.4579125984375 0.8767962812500001 0.458194890625 0.8456536140625 0.46775603749999994 0.8398369109375 0.46655103750000004 0.8239843421874999 0.46879715468749994 0.8133071359375 0.47500430624999995 0.8113831078124999 0.48327240156249995 0.81938245 0.48707559843750003 0.8269880625000001 0.4873305546875 0.85684804375 0.4832814734375
0 0.8840857718749999 0.5324225890625 0.8873823546875 0.527988046875 0.886482403125 0.5198777875 0.8823983609375 0.5172158515625 0.8508057171875001 0.5227218703125 0.824669671875 0.5347233765625 0.8089858453125001 0.5384901671875 0.7988258578125 0.5664299015625 0.7961253671875 0.5847720828125 0.8130130078125 0.5833181734374999 0.830440809375 0.5739285296875 0.8782574390625 0.5567199890625 0.8708994406249999 0.550160759375 0.8753998359375 0.548039096875 0.8784714296875 0.5415769906250001 0.8768176406249999 0.5352089796875 0.8840857718749999 0.5324225890625
0 0.770934525 0.5882201796875 0.7743436 0.5847994187500001 0.7769652203125 0.57428218125 0.774636465625 0.561831475 0.7640045093750001 0.5513749546875 0.7542725046875 0.5490286921875 0.7458005609375 0.5495022015625 0.7332219515625 0.5556456125 0.7318041453124999 0.5684757312500001 0.74556394375 0.5729770359375 0.7450124703125 0.5850786875 0.7505815609375001 0.5925879562499999 0.770934525 0.5882201796875
0 0.5469620484375 0.6269201359375 0.555096509375 0.6234052796875 0.5582805984375 0.617956953125 0.55668305625 0.612095834375 0.5441496953125 0.6015755734375 0.532966265625 0.603220703125 0.516607475 0.6009048 0.5084730125 0.6044196562499999 0.5079441640625 0.6081894703125 0.5119157125 0.6098376234375 0.5087878703125 0.6157928390625 0.5158083875 0.6193107203125 0.5204775234375 0.6187097328125 0.53664495 0.6278367968749999 0.5469620484375 0.6269201359375
0 0.412625759375 0.6539797375 0.41136570156249996 0.651159965625 0.43117881875 0.6333914375 0.43504950156250005 0.6085234078124999 0.4271626546875 0.6057339953125 0.4151691390625 0.60861448125 0.405527003125 0.6156138390625 0.398453984375 0.6315366640625 0.3860849875 0.6452624421875 0.385893621875 0.6520736015625 0.39216030156250004 0.6573337359375 0.412625759375 0.6539797375
0 0.299959378125 0.6373252593750001 0.299115671875 0.6297218906250001 0.31000686875 0.608371740625 0.31002949687500003 0.6000399046875 0.296719671875 0.5995937296875 0.2903405 0.5933198156249999 0.2788195859375 0.591923596875 0.271382715625 0.5931893140625 0.25978292812500003 0.599618040625 0.25990641875 0.6178023859375 0.256441096875 0.620716253125 0.26159383125 0.6330091234374999 0.2612110984375 0.6466314484375 0.273148365625 0.64324406875 0.277063665625 0.64438533125 0.299959378125 0.6373252593750001
0 0.26447021249999997 0.6955489984375001 0.264099109375 0.683668925 0.275440284375 0.66637390625 0.27137886875 0.655380134375 0.244702975 0.65398089375 0.2407088015625 0.660664575 0.22558744687500001 0.66950028125 0.2233259375 0.6747270296875 0.20948726718750002 0.67805066875 0.20610081406249997 0.6731395921875001 0.20143167812499999 0.6737405812499999 0.195344734375 0.6871716875 0.20198251875 0.70431189375 0.19988974843750001 0.7110593140625 0.192036521875 0.7171086296875 0.2060775546875 0.7241443921874999 0.22112004062500001 0.7231336328125 0.2690604765625 0.70277295625 0.27132198750000003 0.6975462078125 0.26447021249999997 0.6955489984375001
0 0.3042732984375 0.7552682625 0.31310535 0.7495042656249999 0.318967303125 0.73404559375 0.317088525 0.72565001875 0.2887025984375 0.7173758734375 0.2775754140625 0.7195278953125 0.2678770328125 0.726020359375 0.26785440625 0.734352196875 0.27694506875 0.739454490625 0.28335786406249996 0.7545671296875 0.2913009578125 0.757863434375 0.3042732984375 0.7552682625
0 0.41470626875 0.715407675 0.4138289421875 0.6989655796875 0.40513200937500005 0.6974115234375 0.399900403125 0.6929436 0.3921822953125 0.6916748609375001 0.3791537078125 0.6937631421875 0.3704904 0.7010478124999999 0.3722566828125 0.70842960625 0.38526264375 0.7146731625 0.3830573796875 0.720406803125 0.3858587359375 0.7285808015625 0.3954219984375 0.7294063890625 0.40909192812499995 0.7245620749999999 0.41470626875 0.715407675
0 0.51572825 0.712481590625 0.5231315000000001 0.7023771484375 0.5211066062499999 0.6841290625 0.5106433906250001 0.6751932140625 0.5009113859375 0.6728469515625 0.49070678125 0.6747773953125 0.483494896875 0.6780706765625 0.47938823125 0.6837405796875 0.48126700624999996 0.6921361546875 0.4894913390625 0.697966915625 0.49025617187500004 0.713395228125 0.49733293593749994 0.71742 0.502980896875 0.7171043265625 0.51572825 0.712481590625
0 0.218947746875 0.8453186593750001 0.229039859375 0.84237443125 0.2325051828125 0.8394605625 0.23064903124999997 0.82273315 0.2250463203125 0.806385153125 0.1923397328125 0.8189239078125 0.1829452109375 0.81961899375 0.173134334375 0.8250976765625 0.1629523546875 0.8186962843750001 0.154649153125 0.8206904671874999 0.150767475 0.828387934375 0.137266284375 0.8347529203124999 0.1322932859375 0.8411512890624999 0.1340595703125 0.8485330828125001 0.141248828125 0.8535716375 0.1553687359375 0.8527824546874999 0.176317790625 0.8623223140625 0.1913040296875 0.8608046640625 0.2019812359375 0.8545975140625 0.21039693124999997 0.8536171140625 0.218947746875 0.8453186593750001
0 0.2228707140625 0.783202403125 0.22566107343750003 0.7742058359375 0.2335143 0.7681565234375001 0.23233311250000002 0.7575118078124999 0.220868446875 0.7566224796875 0.1830427453125 0.76570709375 0.1635897328125 0.7781851328125 0.15406009375000002 0.7861982734375 0.15277740625 0.7917103375 0.155612384375 0.8087230640625 0.162970384375 0.8152822937499999 0.16984478593750002 0.8089476640625 0.18997276093749998 0.8025523203124999 0.194304415625 0.7989099828125 0.205600340625 0.7982786374999999 0.2209466859375 0.7914704984375 0.226088425 0.786592803125 0.2228707140625 0.783202403125
0 0.3167770328125 0.814491040625 0.3315945296875 0.81145271875 0.3421592421875 0.804231784375 0.34212561875 0.7953930578125 0.334013784375 0.7905760796875 0.31373969218750003 0.7871189125 0.26794827187500003 0.8012390578125 0.25354713125 0.799493784375 0.2492717234375 0.8036430125 0.24998030937500001 0.8185644359375001 0.25549315156249996 0.825566815625 0.26483142656249997 0.8243648390624999 0.303129728125 0.81100351875 0.3167770328125 0.814491040625
0 0.4195751125 0.8019637359375 0.43645175468749997 0.7833392609375001 0.43969209062500003 0.7783978265625 0.436463384375 0.7578368625 0.42650639218749997 0.753463034375 0.413646546875 0.7570719890625 0.4049832359375 0.7643566609375 0.40219287656249997 0.7733532249999999 0.4055793296875 0.7782643 0.39082907499999997 0.7989800796875001 0.391504040625 0.805062775 0.39651065937499996 0.8075031328125 0.4195751125 0.8019637359375