0 0.8363399156250001 0.5918360578125 0.8349194640625001 0.5960392 0.8371873093750001 0.6053607078125001 0.8454772281249999 0.6076751515625001 0.85889786875 0.6037558390625 0.8763405484375 0.5927821546875001 0.8883407406250001 0.5930659875 0.9018338281249999 0.5896779796875 0.9137110984374999 0.5817502203125 0.9129141734375 0.5759058515625 0.90033440625 0.571371571875 0.8675874468749999 0.5724506125 0.8609133515625 0.574675921875 0.8530361453124999 0.5826982921875 0.8363399156250001 0.5918360578125
0 0.7457318796875 0.611290028125 0.7346735062499999 0.617913175 0.735086215625 0.6282499890625 0.7433761343749999 0.630564434375 0.7553763265625 0.6308482640624999 0.76947096875 0.6245617265625001 0.7796522453125 0.62612651875 0.7812318421875 0.6304006171875 0.7946305109375 0.6336302859375 0.8121961109375 0.63086819375 0.819326865625 0.62468174375 0.81809525625 0.615649540625 0.7929576890625001 0.599432003125 0.77931970625 0.6017573984375 0.7681164359375 0.6073179328125 0.7457318796875 0.611290028125
0 0.6809711890625 0.6480658390625 0.6912831109375001 0.6432786125 0.69648628125 0.637576159375 0.696798046875 0.6325524046875 0.6911097171875 0.627386734375 0.6596383140625 0.6232000171875 0.649949921875 0.6179397390625 0.6349859062500001 0.6178506031250001 0.62289129375 0.62418444375 0.6224126625 0.6352945671875 0.6469706484375 0.6472616546875 0.6809711890625 0.6480658390625
0 0.550685596875 0.620535403125 0.5599612796875 0.61545886875 0.5689911203125 0.5939591515625 0.566723271875 0.584637640625 0.5424550734375 0.574795778125 0.5325998125 0.5756218640624999 0.518577615625 0.58243970625 0.5169178453125001 0.5921979125 0.525269225 0.59861815 0.5312868328125 0.617163821875 0.53904764375 0.6229081015625 0.550685596875 0.620535403125
0 0.6699634624999999 0.5819591296875 0.683528996875 0.579102428125 0.6914786515625 0.5716113640625 0.6901745953125 0.5620478546875 0.6809066374999999 0.5525607796875 0.6788418796875 0.537418559375 0.6695881734375 0.5353461140625 0.6580226671875 0.53825011875 0.6498556703125 0.544147265625 0.6482463765625 0.5615857546874999 0.65140556875 0.5701339562500001 0.6699634624999999 0.5819591296875
0 0.7604150234375 0.5581484718749999 0.8008218453125 0.5474531453125 0.8080250484375 0.5417979984375 0.8079021265625 0.533586409375 0.798431075 0.5299200468749999 0.7847930890625 0.532245440625 0.7698071 0.5393052859374999 0.757372225 0.5358336171875 0.7460965093749999 0.5408628484375 0.7495674671875 0.5443872937500001 0.7434005046875 0.550331746875 0.7604150234375 0.5581484718749999
0 0.886469890625 0.49572526874999995 0.8712885359375001 0.49404221406250004 0.8580852359375 0.4995554453125 0.8632509859375 0.5301291953125 0.9011571671875 0.537645665625 0.9089399531250001 0.5362409687499999 0.9171793953125 0.5308751265625 0.9196360875 0.5269612875 0.9154406546875 0.51812378125 0.9086216625000001 0.519286478125 0.902114434375 0.5154254203125 0.8871504203124999 0.515336284375 0.8908826671875 0.50615669375 0.886469890625 0.49572526874999995
0 0.9212477765625 0.43643909062499997 0.9195375328125 0.43851700937500004 0.9047184156249999 0.43949048749999997 0.8884063984375 0.444135803125 0.86436206875 0.45786609843750004 0.851687878125 0.45994949375000005 0.838484578125 0.4654627234375 0.8343176453125001 0.47145448281249996 0.8286797874999999 0.4739690953125 0.8293318140625001 0.4787508515625 0.8468754421875 0.48313773906249996 0.8614772187499999 0.4805703421875 0.8717891421875 0.4757831125 0.8846806765625 0.4752936375 0.8902460874999999 0.4722477171875 0.89515946875 0.46442003906249996 0.9026524625000001 0.46089011874999997 0.924196153125 0.4653716171875 0.9247252593749999 0.4619417828125 0.9212477765625 0.43643909062499997
0 0.727938278125 0.49541800468749997 0.7290974390625 0.5039189000000001 0.7356771140625 0.508311265625 0.7513875796875 0.5065644812500001 0.7704965500000001 0.5078108390625 0.799120525 0.4984255984375 0.8140340640625 0.49083445000000003 0.8148024875000001 0.48184955 0.8082952593750001 0.47798849531250004 0.7914761078125 0.4789146671875 0.7733814 0.48510659375 0.7484896765625 0.4853122390625 0.7332138968749999 0.4902468578125 0.727938278125 0.49541800468749997
0 0.6142832578124999 0.52450536875 0.6191526921875 0.5309756515624999 0.6501389375 0.5242942484374999 0.66416113125 0.517476403125 0.6855599265625 0.5208952890625 0.7009806015625 0.517023284375 0.7054373203125001 0.51315675 0.7064230890625 0.5057657703125 0.70184344375 0.5014207125000001 0.66851690625 0.49824930156249997 0.65716874375 0.5027472234375 0.6319652546875 0.5079766265625001 0.6219431203125 0.5148890796875001 0.6142832578124999 0.52450536875
0 0.5180090328125 0.5344091671875 0.5127334140625 0.5395803124999999 0.513820128125 0.5475499015625 0.53165354375 0.554062015625 0.532718284375 0.569180584375 0.5372254796875 0.5729943375000001 0.543370471875 0.5741988640625 0.5568635609375 0.5708108578125 0.5655596625 0.5614838765625 0.5699878859374999 0.5427880765624999 0.5671184828125 0.5363651015625 0.55000954375 0.5351660468749999 0.5413573875 0.5301950734374999 0.5255020296875 0.5308792453125 0.5180090328125 0.5344091671875
0 0.47776908437500004 0.5390181265625 0.46391375625000003 0.539749603125 0.43697805 0.5542059015625 0.4279416859375 0.5537273765624999 0.410665875 0.5586146921874999 0.40360756562500005 0.5653324484375 0.4015131140625 0.57190281875 0.40570854531249995 0.5807403265625 0.41510715 0.58387538125 0.43414367499999995 0.58459043125 0.43619417968749996 0.5923180234375 0.44961482343750003 0.588398709375 0.4470352109375 0.5841009546875 0.4572746859375 0.5787824203125 0.4613471953125 0.5794083375 0.481441934375 0.5732637140625 0.4873191109375 0.5651940375 0.48716768593750004 0.5421531828124999 0.47776908437500004 0.5390181265625
0 0.4908955546875 0.6219349640625 0.487519021875 0.6117928453125 0.4363875640625 0.6169385875 0.43089460468749996 0.6205158140625 0.4156977984375 0.6479599796875 0.42206012968750006 0.650758425 0.4385170453125 0.647175725 0.44675648749999997 0.6418098828125001 0.4508509734375 0.6352868218750001 0.47798204687499996 0.62957341875 0.4908955546875 0.6219349640625
0 0.3253799640625 0.693409775 0.3167058328125 0.6955877796875 0.297190678125 0.7059828484375 0.29268348125 0.702169096875 0.2795746046875 0.70106465625 0.262226346875 0.7054206625 0.25495069375 0.7105445046875001 0.2526388984375 0.7155209546875 0.25661698906249997 0.7227645453125 0.2749070640625 0.7253155140625 0.28288521875 0.7326537125 0.2919215859375 0.7331322390625 0.3005957125 0.730954234375 0.30794381406250004 0.7263616984375 0.31382098593749996 0.718292025 0.3327345921875 0.7107954828125 0.3405393484375 0.70224180625 0.33848884218749997 0.69451421875 0.3253799640625 0.693409775
0 0.3031228734375 0.639835653125 0.282839290625 0.6592156218749999 0.279708596875 0.665496684375 0.281541759375 0.6716303578125 0.2917592625 0.6734607984375 0.30428855781249997 0.67031479375 0.31527448125 0.663160340625 0.3197531796875 0.652144828125 0.327246171875 0.64861490625 0.34102905156249996 0.6473521250000001 0.352833875 0.6388930562499999 0.3535298515625 0.6293768515625 0.341167421875 0.626436490625 0.3240365078125 0.63238641875 0.3177246484375 0.637268259375 0.3031228734375 0.639835653125
0 0.30282433124999997 0.6084057515625 0.31470160156250004 0.600477990625 0.3253472609375 0.5835180265625 0.3344056015625 0.5768475734375 0.33753629531249996 0.5705665125 0.33630468750000003 0.5615343078125 0.3242320484375 0.560719171875 0.3157028140625 0.563959790625 0.2930569640625 0.5806359234375 0.28417201875 0.6031982515625 0.28482404687499996 0.6079800078125001 0.2931864125 0.61082575625 0.30282433124999997 0.6084057515625
0 0.39052305781249996 0.4839953203125 0.378384496875 0.5046271203125 0.377398734375 0.5120181015624999 0.39537704375 0.5195928265624999 0.4035725390625 0.5285249421875 0.42395706874999994 0.5245055453125 0.432798065625 0.516241171875 0.4314215625 0.5061463578125001 0.420189796875 0.49687762968750004 0.4249582828125 0.48798734218749995 0.42269043437500003 0.478665834375 0.417219446875 0.4750940828125 0.402472775 0.47659886562500003 0.39052305781249996 0.4839953203125
0 0.5201124078125 0.476733334375 0.513778575 0.488764153125 0.517372453125 0.5005001906250001 0.52937264375 0.500784021875 0.5436121843749999 0.4955600953125 0.55240270625 0.47961543906250004 0.5642075296875 0.471156371875 0.562975921875 0.46212416875000006 0.5515772828125 0.4589418078125 0.540345515625 0.44967307968750003 0.5273090875 0.4490999453125 0.51499713125 0.4538398703125 0.51280825625 0.46702790937499994 0.5201124078125 0.476733334375
0 0.6828203609375 0.45914382343750004 0.680095853125 0.45378345937500003 0.6854154218749999 0.43431435625 0.680589934375 0.41354611406249997 0.6428571468750001 0.42192152343749995 0.6117040375 0.43468929218749996 0.6162682328125 0.4681615734375 0.642797753125 0.4653467015625 0.6441237828124999 0.46776123125 0.6551601812500001 0.46828706093749994 0.667761925 0.4656723609375 0.6828203609375 0.45914382343750004
0 0.7659832171875001 0.39650051875000003 0.758780015625 0.40215566718750007 0.7556053734375 0.42273468750000004 0.7490761734375 0.4260226078125 0.748887328125 0.4392579546875 0.7500464921875001 0.44775884843749997 0.7564088234375 0.45055729375000003 0.7701192578125 0.44876320625000005 0.7812500734375 0.44267136406249996 0.791366628125 0.4291412375 0.799968309375 0.4264319296875 0.7945632453125 0.4014132375 0.788730015625 0.395184959375 0.776512484375 0.39330720625 0.7659832171875001 0.39650051875000003
0 0.8777611249999999 0.3755774421875 0.8600066828124999 0.391574878125 0.8560570937499999 0.399160553125 0.8585203109374999 0.41722495937500004 0.8663535703124999 0.423500546875 0.8661867000000001 0.42958691250000003 0.91362985625 0.41932280781250003 0.9211952968749999 0.416324190625 0.9246157796875 0.4121683546875 0.92384083125 0.3991750078125 0.915812203125 0.3841565234375 0.9035222234375 0.38174746875 0.904435540625 0.37382518125 0.8931818015624999 0.37170543437500003 0.8777611249999999 0.3755774421875
0 0.8983752578124999 0.349111134375 0.8951390328125 0.33489553125 0.87485415 0.33674357499999996 0.8809706374999999 0.3231188359375 0.876920103125 0.3153439421875 0.867738840625 0.3138028046875 0.8581009203125 0.3162228078125 0.8480063390625 0.3226039546875 0.8465858890625 0.3268071 0.8507593468750001 0.3427935859375 0.8666861390625 0.35456341406249997 0.8983752578124999 0.349111134375
0 0.724719925 0.37608956875 0.7324082875 0.3813025421875 0.7527928187499999 0.37728314531249996 0.7562133 0.37312730781250003 0.795054775 0.3655725109375 0.7943303 0.36025945 0.805171328125 0.3520423828125 0.801599421875 0.33315736875 0.7901788140625 0.33712398593750004 0.7780337281249999 0.33577754375 0.7159668234375001 0.355758021875 0.705560478125 0.36716292500000003 0.710118146875 0.37865696249999997 0.724719925 0.37608956875
0 0.6210382812499999 0.39790690781250004 0.6338573671875001 0.396886125 0.6520245234375001 0.3912255046875 0.6666987468750001 0.389189415625 0.676575984375 0.38121435 0.675344375 0.37218214843749997 0.6640181875 0.36953109375 0.6411045203125 0.3769330234375 0.61592300625 0.37501344375 0.6063575296875 0.37796475625000003 0.60197325625 0.38236259375000003 0.6032773109375 0.391926103125 0.6210382812499999 0.39790690781250004
0 0.5109486390625 0.423901046875 0.5205426140625 0.43577899999999997 0.52883253125 0.43809344375 0.539579140625 0.43649405 0.551239065625 0.426972371875 0.5502247984374999 0.4195340859375 0.539811928125 0.40896074687499995 0.5197611390625 0.40080741093750005 0.5036884374999999 0.399897665625 0.49395609374999994 0.4089353421875 0.49422391250000003 0.4182095453125 0.49873110781249996 0.4220232984375 0.5109486390625 0.423901046875
0 0.399319465625 0.4339847640625 0.3809349703125 0.43805146875 0.376912934375 0.44510583593749997 0.380311440625 0.448098978125 0.37872412031249997 0.4583884875 0.406362328125 0.4563942296875 0.41990589062500006 0.4606865078125 0.4164854078125 0.4648423453125 0.45503709062500003 0.455162328125 0.4579504421875 0.44728734687499994 0.4537989546875 0.424151878125 0.44553101406250006 0.41468845468750004 0.4103273640625 0.4196813328125 0.4037981640625 0.4229692546875 0.399319465625 0.4339847640625
0 0.264501128125 0.46600015156249996 0.260718409375 0.4674994625 0.26816745468750003 0.4782674953125 0.2787471953125 0.48275447031249996 0.28523244999999997 0.49376450624999996 0.294268815625 0.494243034375 0.3085083546875 0.48901910624999995 0.3157115578125 0.4833639625 0.316769771875 0.47650428749999996 0.3154152421875 0.4592604953125 0.3100167 0.45622004687500006 0.29334244531250003 0.4582088296875 0.2816825203125 0.4677305109375 0.26886343125 0.46875129375 0.264501128125 0.46600015156249996
0 0.3482215921875 0.41475627656249997 0.36947549375 0.41711254999999997 0.397860146875 0.413282371875 0.40766493906249995 0.404776 0.4278256 0.3771844421875 0.43110118750000004 0.371965990625 0.425869515625 0.3628391796875 0.418760734375 0.3618766515625 0.39866599375 0.3680212734375 0.39613685468750004 0.3714038046875 0.3531064765625 0.3920993359375 0.3458813 0.4049034625 0.3482215921875 0.41475627656249997
0 0.4918925359375 0.357251265625 0.478834134375 0.36382710937499996 0.47517433281250004 0.373538009375 0.480790215625 0.3781723734375 0.48879034531250004 0.37836159375 0.52830581875 0.368439571875 0.5529012296875 0.344130459375 0.5529956515625 0.3375127859375 0.5455970781249999 0.3344250359375 0.5262487890624999 0.3387337375 0.5162266546875001 0.3456461921875 0.514277096875 0.3532791703125 0.5068565515625 0.3573404015625 0.4918925359375 0.357251265625
0 0.5976418515625 0.321357009375 0.5861268187500001 0.3319413 0.5903946999999999 0.341310115625 0.6151920015625 0.347722140625 0.6406128343749999 0.34408665625 0.6631642640625001 0.3340281984375 0.667331196875 0.328036440625 0.667860303125 0.324606603125 0.6572081187500001 0.319588325 0.6443165843750001 0.3200778015625 0.6328235234374999 0.32351311250000003 0.630773021875 0.315785521875 0.617424825 0.3202361421875 0.5976418515625 0.321357009375
0 0.7034921109375001 0.300823321875 0.7007236546875 0.3097609140625 0.7041946140625 0.31328536093750003 0.7153759078124999 0.31487380468750004 0.7459274625 0.3050045640625 0.7576378625 0.3031631703125 0.76409461875 0.2993439421875 0.7693922109375 0.28702381875 0.778015865625 0.277165528125 0.7782551828125001 0.2716104703125 0.7724944046875 0.2659134921875 0.756928834375 0.2687228875 0.7301160531249999 0.29139077812499997 0.715586721875 0.29448948124999996 0.7034921109375001 0.300823321875
0 0.8327916734375 0.2914361125 0.8489587937499999 0.2857281859375 0.8543793109375001 0.2816196515625 0.88743803125 0.27551685937500003 0.9014602296875 0.268699015625 0.9023010984375001 0.26024542500000003 0.8958663187499999 0.256915675 0.8614815671875 0.2606039359375 0.8310749062499999 0.2715357875 0.8236543578125 0.275597015625 0.81674094375 0.2833773859375 0.8207190359375 0.29062097656249997 0.8327916734375 0.2914361125
0 0.8680416624999999 0.19906156875 0.8680636390625001 0.1919125921875 0.8634115484375 0.187036228125 0.858447690625 0.1871836171875 0.8640350734375 0.1769887171875 0.8126390671875001 0.183849375 0.7931206453125 0.183255325 0.776134625 0.19026786406250001 0.783416803125 0.20712226718750001 0.8004598234375001 0.22976825625 0.8168442890625001 0.2256542484375 0.8455911828125 0.2244806 0.878070321875 0.2141273609375 0.8814183578125 0.209440215625 0.8802591984375001 0.20093931718750002 0.875896896875 0.1981881796875 0.8680416624999999 0.19906156875
0 0.721573765625 0.250674909375 0.735501540625 0.2504747375 0.7439583265625 0.2467028140625 0.7529442203125 0.2395010546875 0.760770953125 0.2237984 0.7599235531249999 0.2102737484375 0.7546918828125 0.20114693749999998 0.7504744765625 0.1994584078125 0.729343496875 0.20531372343749998 0.7257561453125 0.21555592968749998 0.7293500234375 0.2272919671875 0.7169436484375 0.2386495640625 0.721573765625 0.250674909375
0 0.49156119531250003 0.296340290625 0.48553912343750005 0.30334735468749996 0.49011876875000004 0.30769241406250003 0.4866258375 0.3113169453125 0.4880967640625 0.3147940890625 0.4969882359375 0.3142100015625 0.51250333125 0.30372032031249996 0.523923940625 0.2997537015625 0.533605809375 0.28303574062500003 0.5337002296875 0.27641806562500004 0.5291930328125 0.27260431406249996 0.5203015625 0.2731884015625 0.5099171921875 0.277444325 0.4963077078125 0.2945989828125 0.49156119531250003 0.296340290625
0 0.3952170109375 0.3573478484375 0.40774630937499995 0.3542018421875 0.41480461718750006 0.3474840828125 0.404725484375 0.3247380078125 0.380747078125 0.3170213671875 0.381276184375 0.31359153125 0.360290103125 0.3205094609375 0.35544916875 0.3288684421875 0.3573547765625 0.33553341875 0.372987990625 0.34296450156249997 0.38396326875 0.355228096875 0.3952170109375 0.3573478484375
0 0.2467205796875 0.3940846171875 0.2341188359375 0.3966993171875 0.2379300578125 0.41002927343750006 0.23595852499999997 0.4248112328125 0.24010348593750003 0.42596845625 0.24456673437499998 0.44408016406249995 0.2576031640625 0.44465329843749996 0.265241053125 0.44218599062499997 0.276226978125 0.4350315375 0.2809230171875 0.4256099421875 0.2939089734375 0.41850279375 0.29178601875 0.41024389843750003 0.27568481875 0.3945048859375 0.2745981046875 0.386535296875 0.250285959375 0.390991390625 0.2467205796875 0.3940846171875
0 0.2431444296875 0.369978246875 0.22762280625 0.358489684375 0.2249927234375 0.3465116453125 0.2312321328125 0.3410985 0.2276887296875 0.337042746875 0.175376140625 0.3408365703125 0.1603177046875 0.347365109375 0.148273565625 0.3613792359375 0.15752727500000002 0.3634516796875 0.16128802343749998 0.3691013515625 0.1590771734375 0.38943837187499997 0.1684538046875 0.39972240625 0.1732003171875 0.39798109843749996 0.175294771875 0.391410728125 0.1897516515625 0.38778072343750003 0.1932950546875 0.3918364765625 0.210403996875 0.39303552656249996 0.2160198796875 0.39766989218750004 0.2419193453125 0.38292428749999996 0.2431444296875 0.369978246875
0 0.23184405468749997 0.3161482484375 0.24333711406249997 0.3127129359375 0.26918610625 0.2902870453125 0.2689182875 0.28101284375 0.25925186718750004 0.268603584375 0.2491068125 0.267304446875 0.2356861703125 0.271223759375 0.22870030937500002 0.2784728234375 0.2261996703125 0.2966846203125 0.2185398078125 0.306300909375 0.22066276093749998 0.31455980625 0.23184405468749997 0.3161482484375
0 0.3354292703125 0.2624606640625 0.3390451234375 0.267047721875 0.32781988281249996 0.27975723750000003 0.32794280468750003 0.2879688265625 0.3383051984375 0.290861884375 0.3516533953125 0.28641126093749997 0.358929046875 0.28128742500000004 0.36295108125 0.27423305625 0.3711180796875 0.268335909375 0.367835965625 0.251576115625 0.36000270625 0.24530052812499997 0.3453284828125 0.247336615625 0.3361252484375 0.2529444578125 0.3354292703125 0.2624606640625
0 0.44583067656250003 0.23144276874999997 0.4392070515625 0.2413483640625 0.4394748703125 0.2506225671875 0.44494585937500003 0.25419431718749996 0.45287353750000003 0.253852234375 0.463402803125 0.25065892343749996 0.47238869531249994 0.2434571625 0.4804327703125 0.22934842500000002 0.47782465781249994 0.21022140781249998 0.46799136875 0.20389851406249998 0.454280934375 0.205692603125 0.4486430796875 0.20820721875 0.44269345781249997 0.21574558906250002 0.44583067656250003 0.23144276874999997
0 0.1596419984375 0.2372023625 0.15725123125 0.21966925937499998 0.1531062703125 0.21851203749999998 0.142432109375 0.22064273750000002 0.1319248203125 0.21668706875 0.12339558749999999 0.21992768749999997 0.111322946875 0.2191125484375 0.0961920640625 0.22510978124999997 0.0779809640625 0.2450683609375 0.06388631875 0.2513549 0.05808159375000001 0.2599558796875 0.05820451250000001 0.268167471875 0.0647117421875 0.272028528125 0.07960330625 0.271586359375 0.08536408749999999 0.2772833328125 0.094038215625 0.275105328125 0.102444528125 0.2636531234375 0.1134809265625 0.2641789546875 0.12290150312499999 0.2601650296875 0.158250046875 0.2562347671875 0.1596419984375 0.2372023625
0 0.16195400937499999 0.2803354203125 0.164265803125 0.2753589703125 0.15797591875 0.2730918328125 0.1411567671875 0.2740180046875 0.129881053125 0.27904723593749997 0.1246998546875 0.27760070625 0.10327908593749999 0.28133079843750003 0.09491672031250001 0.2784850484375 0.0893293375 0.2886799484375 0.0908287609375 0.30698635625000004 0.093480821875 0.3118154140625 0.10487945781250001 0.3149977765625 0.1271695984375 0.3176433546875 0.1666850734375 0.307721334375 0.1777434484375 0.30109818593750004 0.1762220484375 0.2899407609375 0.1669683375 0.2878683171875 0.16195400937499999 0.2803354203125
0 0.1797173265625 0.231661015625 0.182782096875 0.2468268890625 0.188035746875 0.2488047234375 0.2017681515625 0.2398616546875 0.250392440625 0.2309494671875 0.2694729109375 0.2173665578125 0.2762414296875 0.20852357812500003 0.27404603125000004 0.199733375 0.2618284984375 0.1978556265625 0.24648027187500002 0.20225893906249998 0.233929 0.212553925 0.1928701515625 0.2184674984375 0.183377125 0.22195011406249998 0.1797173265625 0.231661015625
0 0.340911615625 0.2003245515625 0.3459259453125 0.2078574453125 0.35628834062500003 0.21075050156250003 0.369853878125 0.207893803125 0.37854998281249996 0.19856681874999998 0.37654342500000004 0.17654126875 0.3721086734375 0.17325882343750001 0.35080429999999996 0.1632222625 0.3267095 0.169272275 0.322397671875 0.17420142031250002 0.32326704375 0.1805770921875 0.3430060703125 0.193754184375 0.340911615625 0.2003245515625