0 0.70671745625 0.730903696875 0.7039573171875 0.7340827578125 0.7026519375 0.7437405421875 0.709195928125 0.74985701875 0.722521478125 0.7527138828125 0.7419355015625 0.7510234515625 0.7525009125000001 0.757059375 0.765701559375 0.7604393734375 0.779083446875 0.7588697640625 0.7804573984375 0.7531153234375 0.770891225 0.74289435 0.741399171875 0.728126509375 0.7346739437500001 0.7269596421875 0.7248138609375 0.7305412265625 0.70671745625 0.730903696875
0 0.6192479 0.70517663125 0.607058725 0.7059414078125 0.603742634375 0.71563946875 0.610286621875 0.7217559437500001 0.620852034375 0.72779186875 0.6356201078125 0.7287976421875 0.64411235625 0.73513540625 0.6439935718750001 0.7398234484375 0.6547524609375001 0.7492395890625 0.6713500078125 0.755154690625 0.679892471875 0.7529010734375 0.682015853125 0.7440078453125001 0.6654501671874999 0.7170066203125 0.652499328125 0.7125803609375 0.640559965625 0.7122988765625 0.6192479 0.70517663125
0 0.5485814671875 0.70780721875 0.5594530234375 0.7083704046875 0.5661096828125001 0.7056339281249999 0.5681767265625 0.701167178125 0.5649610671875 0.6936824640625 0.538478965625 0.674689303125 0.5317415 0.6651926140625 0.51847228125 0.657909271875 0.5054651078125 0.6579094890625 0.501081209375 0.6678892515625 0.5186461296875 0.690705425 0.5485814671875 0.70780721875
0 0.4425841765625 0.6198070765625 0.452637734375 0.6196057046875 0.468324240625 0.6041932609375 0.4696296203125 0.594535475 0.45156507812499996 0.573811821875 0.4425107578125 0.569828146875 0.42761778125000005 0.56934550625 0.422665690625 0.5775144484375 0.42780144218749994 0.5874336921875 0.4265425828125 0.6073729718750001 0.431394240625 0.6163868046875 0.4425841765625 0.6198070765625
0 0.5623504671874999 0.6417582609375 0.575426209375 0.645661390625 0.5851613875 0.6426029343749999 0.5874096734375 0.633186578125 0.582551896875 0.6200078343750001 0.5861116796875 0.6050986015625 0.5786247859375 0.598740696875 0.5673099453125 0.5958435578125 0.55794948125 0.59733261875 0.550305821875 0.6125839656250001 0.5500682484375 0.62196005 0.5623504671874999 0.6417582609375
0 0.651233196875 0.663406265625 0.690960046875 0.6730231265625 0.69937760625 0.6712926359375 0.7021940812499999 0.6636871 0.6950819 0.6557598046875001 0.6821310625 0.651333546875 0.6662951796875001 0.6506094765625 0.6564791953125 0.6414347640625 0.6446647359375001 0.6406301484375 0.6464942078125 0.6455394812499999 0.6388946468750001 0.6480345296875 0.651233196875 0.663406265625
0 0.785519821875 0.666703759375 0.7726253203125 0.657851025 0.75892505 0.6565635515625 0.75262348125 0.6871465765625 0.7836388640624999 0.7122964875 0.7910571859375 0.7147510453125 0.80029274375 0.7137851140625 0.803870884375 0.7113706140625 0.8032904562500001 0.7012299718749999 0.7968150374999999 0.6990168406249999 0.7924066671875 0.6923369609375001 0.7791374453125 0.6850536171875 0.785725534375 0.6784137953125 0.785519821875 0.666703759375
0 0.8375559000000001 0.6289571281249999 0.8352953812499999 0.6300436640625 0.821776353125 0.623806584375 0.8056220890624999 0.6202254328125 0.7793579359375 0.621272128125 0.76735 0.6170873 0.7536497343749999 0.6157998265625 0.7478110734375 0.6193008625 0.741903846875 0.6188985546875 0.7407797015625001 0.623606734375 0.7548105859375001 0.6360811109375 0.7687043265625 0.6407487984375 0.7795758828125 0.6413119875 0.791209103125 0.6470662093749999 0.7972412390625 0.6469453875 0.8043975171875 0.642116384375 0.8123154578125 0.6424784203125 0.8298681437500001 0.6569647734374999 0.8315604750000001 0.6540674171874999 0.8375559000000001 0.6289571281249999
0 0.644716221875 0.5901280859375 0.642717746875 0.5984981828125 0.647001215625 0.6057011937500001 0.6615880515625 0.6116565703125 0.6781292640625 0.6219981515625 0.7069159859374999 0.6271484765625 0.7228767734375 0.6273494140625 0.7267610546875 0.619462175 0.7223526828125 0.6127822968750001 0.7070727531250001 0.6055392296875 0.6887828734375 0.6025214812499999 0.6665842390625001 0.5907313328125 0.6512479765625 0.5879147390624999 0.644716221875 0.5901280859375
0 0.5333287125 0.5621626703125 0.5353516593750001 0.5704522187500001 0.5652747609375 0.5792241859375 0.580167740625 0.579706828125 0.5979702375 0.59314691875 0.61305669375 0.597009771875 0.6183957312499999 0.5956012609375 0.6219053 0.5892834140625001 0.619382734375 0.5830863890625 0.5908899187500001 0.564133503125 0.579200365625 0.5628057562500001 0.554934684375 0.5554823546875001 0.5435635109375 0.5570116921875 0.5333287125 0.5621626703125
0 0.44422534531249996 0.5249322296875001 0.437693590625 0.5271455781250001 0.435820021875 0.534992540625 0.44935128593749996 0.54955944375 0.44491105 0.56396568125 0.447558521875 0.569639575 0.4525914203125 0.5737038 0.4657920671875 0.577083796875 0.4768448625 0.572697378125 0.487442134375 0.5576471828125 0.4871800890625 0.5503636265625 0.4723997796875 0.5410280328125 0.46648031406249996 0.5322959015625 0.45214328593750003 0.5252942640625 0.44422534531249996 0.5249322296875001
0 0.406815353125 0.50980235625 0.3942392265625 0.5038067046875 0.3651463625 0.504129115625 0.3572847578125 0.49934060625 0.3401875890625 0.4955180265625 0.3315202171875 0.498294778125 0.327317559375 0.5033249343749999 0.32789798281250004 0.5134655765625 0.3351350671875 0.5208697421874999 0.3518011859375 0.5306881921875 0.35087051874999997 0.538776584375 0.3641960703125 0.54163345 0.3634344046875 0.5364424140625 0.37443086718749996 0.5364824718750001 0.377827765625 0.539017578125 0.3978785484375 0.5430413109375001 0.4059777265625 0.5384537390624999 0.4140524375 0.517206521875 0.406815353125 0.50980235625
0 0.38894029531249996 0.59231931875 0.389552584375 0.58137384375 0.34227027187500003 0.56149573125 0.33611323125000003 0.5621396875 0.312827165625 0.5800471796875 0.31748534687499996 0.5856807984375 0.3333898 0.5903082125 0.342625359375 0.58934228125 0.34858892343750003 0.5853181125 0.374740409375 0.5931243687500001 0.38894029531249996 0.59231931875
0 0.21635342031250002 0.5783497078125001 0.207867290625 0.5761768546875 0.18681727343750001 0.57633816875 0.184169803125 0.570664275 0.17291129375 0.5633406609375 0.1559390328125 0.5589949484375001 0.1476463765625 0.56020230625 0.143818428125 0.563663071875 0.1447735703125 0.5722343203125 0.1601220703125 0.583380734375 0.1645990140625 0.593963959375 0.172460621875 0.59875246875 0.180946753125 0.6009253234374999 0.189114503125 0.6002410984375001 0.1972136828125 0.5956535234375 0.2166962765625 0.597866434375 0.22668126093750002 0.59376171875 0.22761192812500003 0.5856733265625 0.21635342031250002 0.5783497078125001
0 0.215657984375 0.518404340625 0.1907236859375 0.526452890625 0.1857030234375 0.5307184890625 0.18514707187499999 0.5372374890625 0.1935768671875 0.543836821875 0.2058346109375 0.546975390625 0.218148690625 0.54568748125 0.22605439375 0.53771969375 0.23397233750000002 0.538081728125 0.24667336562500003 0.54355425 0.2601801578125 0.5414615078125 0.26418934374999997 0.5330511375 0.2542484546875 0.5243995546875 0.236901478125 0.5216232390625 0.2295517265625 0.5230720265625 0.215657984375 0.518404340625
0 0.2265908828125 0.489376859375 0.2399727703125 0.48780725 0.255478040625 0.47734441250000004 0.2659063109375 0.47557364687500003 0.270926971875 0.4713080515625 0.27305035312500003 0.46241482500000003 0.26260984375 0.4558557671875 0.253873903125 0.45472917500000004 0.227803221875 0.4591560859375 0.2118669078125 0.47561479218749997 0.210742765625 0.48032296875 0.2171618515625 0.48696257656249997 0.2265908828125 0.489376859375
0 0.3488697375 0.41724974687499994 0.330729234375 0.43036851406250004 0.32721966875 0.43668636093749996 0.3405011203125 0.4522995265625 0.3446033515625 0.46445214375 0.364154515625 0.47056840156249996 0.3749575 0.46722824375 0.377330690625 0.457288753125 0.3706495609375 0.4433655890625 0.3780556453125 0.4374903234375 0.379361025 0.42783253749999994 0.375770653125 0.4219172203125 0.3621267203125 0.4162032671875 0.3488697375 0.41724974687499994
0 0.46664446875000004 0.4729408890625 0.45672805156249996 0.48094895312499997 0.45574105 0.4934638203125 0.46630646249999996 0.4994997484375 0.480824728125 0.50155178125 0.4943192859375 0.49112921875 0.507826075 0.4890364765625 0.5099494546875001 0.480143246875 0.5009514703125 0.47173309531249996 0.49427033906249995 0.45780993125 0.48288692656250004 0.45100944375 0.47025446718749997 0.44944026875 0.46361004531249994 0.46050656874999996 0.46664446875000004 0.4729408890625
0 0.6175367671875 0.5350794453125001 0.6170249109375 0.528842146875 0.62868999375 0.513510253125 0.6318003734375 0.4921021546875 0.5952769499999999 0.48164018750000004 0.5630369953125001 0.4783812296875 0.5551679984375 0.5113384812499999 0.579752059375 0.5215189640625 0.5800704375 0.52437605 0.589692946875 0.530170546875 0.6018257874999999 0.5338322453125001 0.6175367671875 0.5350794453125001
0 0.7137766375 0.5175328984374999 0.7053590765625 0.5192633890625 0.6952050859375001 0.536647534375 0.6882300484375 0.5365269296874999 0.683346528125 0.5485992171875 0.6813480546874999 0.5569693124999999 0.6860062375 0.56260293125 0.6988321703125 0.56755231875 0.7108964375 0.5673106734375 0.7247093765625 0.5597451953125 0.7333204109375 0.56139491875 0.7374300296875 0.535801775 0.734464178125 0.5272707984375 0.7242734796875 0.5196654796875 0.7137766375 0.5175328984374999
0 0.8205867687499999 0.5520978640624999 0.7991057015624999 0.558255046875 0.7928923296875 0.563325478125 0.78864556875 0.5811119312499999 0.7933723203125 0.5906488953125 0.7910554671875001 0.59616190625 0.8368830203125001 0.6095612890625 0.8446760578125 0.6104464546874999 0.8491970984374999 0.6082733828125 0.8531377156250001 0.5959596687500001 0.8513523421875 0.578294034375 0.841286546875 0.5701655859375 0.84492101875 0.5633246078124999 0.8356732250000001 0.5559607171875001 0.8205867687499999 0.5520978640624999
0 0.8483396984375 0.5376961031249999 0.8505280562499999 0.5230746546875 0.8318391046875 0.51501089375 0.842130234375 0.5054334390624999 0.8413 0.496339059375 0.8336882015624999 0.49050428593750006 0.8242591671874999 0.48809000156250004 0.813012896875 0.48909620781249996 0.8102527578125001 0.49227526718750003 0.80826651875 0.5089751859375 0.8182297640625 0.5274563171875 0.8483396984375 0.5376961031249999
0 0.68437145625 0.47891746093750004 0.6893480203125 0.4874081640625 0.7088991796874999 0.4935244234375 0.713420225 0.49135134999999996 0.7506367421875 0.5031010078125 0.7518857890625 0.49786969687499993 0.7644496765625 0.495535528125 0.7680033421875 0.47646138281250006 0.7564386921875 0.47461050625 0.7461230875 0.46752831875 0.6838351281249999 0.45602052187500003 0.6705218125 0.46149347656249995 0.6704777140625 0.474249775 0.68437145625 0.47891746093750004
0 0.5844391843750001 0.44907064375 0.596197309375 0.4543017359375 0.6143622843750001 0.4578426125 0.628131121875 0.46303343124999996 0.6397521078125 0.4604578328125 0.6418754875 0.45156460625 0.63275259375 0.44367758593750006 0.6097481984375 0.4394526984375 0.588049184375 0.42557002187500004 0.5784952453125001 0.42367886875 0.5730313 0.42561051406250006 0.570783015625 0.43502687343749996 0.5844391843750001 0.44907064375
0 0.47732290781250003 0.419978415625 0.48161861406249995 0.43551124999999996 0.488162603125 0.44162772187500005 0.49828473281249996 0.445329696875 0.5120413312500001 0.44219069375000003 0.5137899984375001 0.434866859375 0.5083015828125 0.42013886093749997 0.49338412812500004 0.40299657812499995 0.479421815625 0.39442554531249996 0.46755102187500003 0.3980474046875 0.464484740625 0.4066992046875 0.46713221093749996 0.41237309843750003 0.47732290781250003 0.419978415625
0 0.374506971875 0.375523753125 0.35671671250000003 0.3704134828125 0.35062824375 0.3749607828125 0.3525826203125 0.3793469859375 0.34750562500000004 0.38803905625 0.372782778125 0.39950723125 0.3832918578125 0.409969634375 0.3787708140625 0.41214270624999993 0.4164869515625 0.42179984062500003 0.42188232656249997 0.4159648515625 0.4264352296875 0.392705659375 0.4224579046875 0.3800299109375 0.38938771562499996 0.3676765703125 0.3824126765625 0.367555965625 0.374506971875 0.375523753125
0 0.2432649125 0.3400643234375 0.2393683953125 0.339621740625 0.2421530046875 0.35310232343750003 0.2499582796875 0.3623173109375 0.251799990625 0.375556465625 0.259661596875 0.3803449765625 0.2741798609375 0.382397009375 0.282597421875 0.38066651875 0.285982084375 0.374871803125 0.2909219390625 0.3583730375 0.2872066578125 0.35298085156250003 0.27167691875 0.34678404375 0.25792031875 0.3499230484375 0.246162190625 0.344691953125 0.2432649125 0.3400643234375
0 0.3359388828125 0.3332621 0.3539911890625 0.34565593125 0.3805859609375 0.3557961375 0.39233185000000004 0.352697409375 0.42008262343749997 0.3370433203125 0.4248534734375 0.333823984375 0.42345505 0.3229187828125 0.41747924999999997 0.31861313125 0.39742846875 0.31458939531249996 0.3939752359375 0.31648076718749996 0.34835339374999996 0.31479141875 0.33736916875 0.323081184375 0.3359388828125 0.3332621
0 0.4841314859375 0.3495571046875 0.470181409375 0.34931589375 0.4634684171875 0.3564788484375 0.46680898437499996 0.3634404296875 0.47385259218750003 0.3674643796875 0.512511634375 0.37736294375 0.54303478125 0.3668596140625 0.5454765421875 0.3608234703125 0.5400003609375 0.35442529375 0.521267196875 0.34907359531250004 0.5098960203125 0.35060293124999997 0.5054435500000001 0.35667934843750004 0.497400703125 0.356840446875 0.4841314859375 0.3495571046875
0 0.5909171468750001 0.3674624265625 0.576910734375 0.371647690625 0.57736625625 0.3823114640625 0.5971231296874999 0.4001377578125 0.6210140953125001 0.40903055000000005 0.644643015625 0.4106397828125 0.6504816734375 0.407138746875 0.6521740078125 0.40424138750000005 0.6444936375 0.394503271875 0.632860415625 0.3887490484375 0.6214206718749999 0.3863750375 0.6223513390625001 0.3782866453125 0.6089008812500001 0.3759529078125 0.5909171468750001 0.3674624265625
0 0.6923196671875 0.399532559375 0.6866744812500001 0.40641380937499993 0.6885039546875 0.41132314374999995 0.697876653125 0.41816390156249994 0.7285491828125 0.42379708593750004 0.7396142140624999 0.427740490625 0.74671415625 0.4273379640625 0.755812575 0.418565340625 0.766990275 0.41365579375 0.7691822265625 0.40866590937499997 0.76609146875 0.40065806562499995 0.751254825 0.39574895 0.7193454859374999 0.40367689687499997 0.7053268375 0.39953233906249996 0.6923196671875 0.399532559375
0 0.8105940171875 0.45313117500000005 0.8269980875 0.4556660640625 0.8332800312499999 0.45449898125 0.8648391312499999 0.46480006874999996 0.8797321109375 0.46528270781250003 0.8834914875000001 0.4579186 0.8789582093750001 0.45176185 0.847080734375 0.43860367812499995 0.8161583953125 0.43401675624999997 0.808115546875 0.43417785468750003 0.7991983671875 0.43800086718750003 0.8001535093750001 0.44657211874999997 0.8105940171875 0.45313117500000005
0 0.87483889375 0.385203825 0.8774055593750001 0.3786445515625 0.8750078984374999 0.371924396875 0.8705431890625001 0.36967099375 0.8791419890625001 0.3629908953125 0.8310135109375001 0.344561465625 0.8138759406249999 0.33462230625 0.79627915625 0.3328922484375 0.7967469140625 0.3518858453125 0.80382723125 0.3808992578125 0.8198565906249999 0.385003540625 0.8458268375 0.39775940468750004 0.878385171875 0.40387544374999995 0.88303111875 0.401179240625 0.88502959375 0.3928091453125 0.8821323124999999 0.3881815140625 0.87483889375 0.385203825
0 0.7262593421875 0.36214839374999996 0.7387105593750001 0.368667178125 0.7475714078125 0.36927064062500004 0.7581245828125 0.36697674375 0.770676234375 0.356312753125 0.77474175625 0.3434759078125 0.77334333125 0.3325707046875 0.7701962421874999 0.328989334375 0.749327459375 0.3242010421875 0.7424895640625 0.33188712656249997 0.7415025625 0.344401996875 0.7264283453125 0.3488689640625 0.7262593421875 0.36214839374999996
0 0.505539134375 0.2934209890625 0.4976897625 0.2969623015625 0.5002123296875001 0.30315932343749996 0.49581619374999997 0.3048092671875 0.4958847640625 0.30871261250000004 0.5039961796875 0.3124548609375 0.5215243953125 0.31028157031250003 0.533089046875 0.3121324484375 0.5476514078125 0.3014281828125 0.5500931687499999 0.295392040625 0.5474456984375 0.2897181484375 0.5393342796875 0.2859758984375 0.528587628125 0.284889578125 0.51037855625 0.294105 0.505539134375 0.2934209890625
0 0.3981656609375 0.30312078750000004 0.4104234046875 0.3062593578125 0.4190907734375 0.3034826046875 0.4182360671875 0.27772857812499996 0.39967190625 0.259097453125 0.40136423906249996 0.2562000953125 0.38024565 0.252458065625 0.3729644671875 0.25781019843749997 0.372283609375 0.26485232812500004 0.3835317671875 0.27920490625 0.3889178640625 0.295756896875 0.3981656609375 0.30312078750000004
0 0.25308343906249997 0.2654176890625 0.2409505984375 0.2617559875 0.23958888437499998 0.27584025156249997 0.232569746875 0.28847594375 0.2358417421875 0.2915341828125 0.2333558859375 0.3103266234375 0.2447392953125 0.317127109375 0.252407428125 0.3185354046875 0.26472150625 0.3172474984375 0.272252496875 0.31084910312499997 0.2863274796875 0.3105671828125 0.2873830515625 0.3019556578125 0.27867897343750003 0.27974294375 0.28055254218750003 0.2718959796875 0.2573546703125 0.264290878125 0.25308343906249997 0.2654176890625
0 0.25849366093750004 0.2415431234375 0.2487903453125 0.22351545625 0.2507202484375 0.21124201562499997 0.2581949046875 0.209270096875 0.2564903375 0.203837634375 0.208639834375 0.1821487046875 0.1929288578125 0.18090150625 0.177230115625 0.187984128125 0.1847170078125 0.1943420296875 0.18604686406249998 0.20134388749999999 0.176835775 0.2189694625 0.1815061953125 0.2329329015625 0.1863456171875 0.23361691406250001 0.19054828125 0.22858675625 0.20469183124999998 0.2322081828125 0.2063963984375 0.23764064375 0.2211767125 0.24697623750000003 0.22451727500000002 0.25393781875 0.252792140625 0.2528508515625 0.25849366093750004 0.2415431234375
0 0.2676284265625 0.1866355203125 0.2790681734375 0.189009528125 0.3100346078125 0.1808401546875 0.313100890625 0.1721883546875 0.3089300921875 0.156132390625 0.3003753890625 0.1500561890625 0.2870498375 0.147199325 0.2782575640625 0.15049920781249998 0.2695460953125 0.1660322578125 0.2593112984375 0.1711832375 0.2582557265625 0.17979476249999998 0.2676284265625 0.1866355203125
0 0.378830140625 0.18714745625 0.380409803125 0.19310305156250002 0.365903775 0.19938083906249998 0.3630873 0.206986378125 0.3712672859375 0.21463196875 0.3847177453125 0.21696570468749998 0.3930104 0.215758346875 0.39909886875 0.2112110484375 0.4084593328125 0.2097219859375 0.4115133796875 0.19274036562500002 0.406786628125 0.183203403125 0.3930177890625 0.178012584375 0.382839328125 0.17873708593749998 0.378830140625 0.18714745625
0 0.4880134625 0.21177293281249998 0.47859666250000005 0.21768847187499998 0.4755303796875 0.22634026875000002 0.47912075625000006 0.23225559062499998 0.4862892671875 0.23575641093750002 0.49678611093749997 0.237888990625 0.5073392875 0.23559509531249997 0.519516225 0.226500496875 0.5240127953125 0.20766778125 0.5175251390625 0.1971248296875 0.5046992046875001 0.192175440625 0.49879197499999994 0.19177313125 0.49081769687500004 0.195837575 0.4880134625 0.21177293281249998
0 0.23157848906249998 0.0793377171875 0.23570034374999999 0.062074395312499996 0.2324283484375 0.059016153125000005 0.22218131562500001 0.055837310937499995 0.214251140625 0.04714545625 0.20551519843750002 0.0460188640625 0.195074690625 0.03945980625 0.1794886171875 0.037689475 0.15619031249999998 0.0472671484375 0.1414222375 0.046261378125 0.13319815468750001 0.0513720828125 0.1303816796875 0.05897761875 0.13479005156249999 0.06565749843749999 0.1481841765625 0.0724177109375 0.15127493281249998 0.0804255546875 0.1597610625 0.082598409375 0.1713134765625 0.0761194671875 0.180935984375 0.0819139640625 0.190739734375 0.08275885625 0.223560115625 0.09615845625 0.23157848906249998 0.0793377171875
0 0.2182655328125 0.12008927968750001 0.22209348125 0.11662851562500001 0.2173103921875 0.11151802656250001 0.2020304640625 0.104274959375 0.1902160046875 0.1034703421875 0.18612600937499998 0.099647546875 0.1657568484375 0.092766728125 0.1593377640625 0.086127121875 0.150738965625 0.09280722031250001 0.1455493015625 0.11035224531250001 0.1461860609375 0.11606641250000001 0.15518404531250002 0.12447656562500001 0.1740543515625 0.1376349546875 0.21271339218750002 0.14753351718750002 0.2249025671875 0.14676873906250001 0.227525565625 0.13578299062500002 0.2200386703125 0.12942508749999998 0.2182655328125 0.12008927968750001
0 0.2513970734375 0.0839065140625 0.2487177390625 0.099318740625 0.2526828296875 0.1036646671875 0.2680754265625 0.1020547828125 0.31447116875000003 0.11726498593750001 0.3362706171875 0.1139648875 0.34543760625000003 0.1090956125 0.3466180828125 0.0999609578125 0.3364273828125 0.0923556375 0.321216025 0.0890159125 0.306391615625 0.0924366203125 0.267788909375 0.07811158124999999 0.258110065625 0.076743559375 0.2513970734375 0.0839065140625
0 0.405841875 0.1326832890625 0.4076150140625 0.1420191 0.41579500156250004 0.14966469375 0.42887074375 0.153567821875 0.439923540625 0.14918140156249998 0.4459875359375 0.1279744609375 0.4432151609375 0.1228236984375 0.42785442187499995 0.1033474625 0.4042818375 0.097311753125 0.3986929875 0.09976652968750001 0.39719413124999997 0.10604410156249999 0.41004453906249994 0.127653134375 0.405841875 0.1326832890625