0 0.1248253640625 0.8251749296875 0.08833945 0.8315111953125 0.0848035171875 0.8374180484375 0.0783973671875 0.8379316843750001 0.0693555453125 0.8361676203125 0.0676201375 0.8257053687499999 0.07523569375 0.798453003125 0.080600596875 0.7916620171875 0.08639666562500001 0.7704554421875 0.094847371875 0.7618498765624999 0.10753765781249999 0.75668401875 0.11825798437499999 0.7379403921875001 0.1295789109375 0.7347280453125 0.13206411093749998 0.717382184375 0.13258883906250002 0.691620209375 0.1253665078125 0.68381035625 0.12121100781250001 0.6638626109375 0.097874990625 0.6661024015625 0.088279990625 0.6746153406250001 0.08175182343750001 0.6709903859375 0.0760398359375 0.6756889203124999 0.0653195109375 0.6944325515625 0.049430890625 0.7024360546875 0.043625340624999995 0.7184809750000001 0.037575754687500004 0.7262487171875 0.0291060796875 0.724530965625 0.0211801 0.7073745546875 0.02096150625 0.707450828125 0.0264515859375 0.892741034375 0.0624341515625 0.8676048859375 0.10211840000000001 0.8584309734375 0.1123140015625 0.86544931875 0.11871066718750001 0.8597740281249999 0.1244036875 0.8447521765625 0.1248253640625 0.8251749296875
0 0.35116873437499996 0.9347912859375 0.35138431406250004 0.9275834906249999 0.344856146875 0.9239585390625 0.345399840625 0.908519878125 0.3425201390625 0.8979650015624999 0.332352990625 0.9064316296875001 0.32308610312499997 0.9067137046875 0.31800189218749997 0.8794655390624999 0.322072034375 0.8529583687500001 0.31758842187499997 0.8412414874999999 0.31129480468750004 0.8407320531250001 0.3036507921875 0.85249945 0.2915042046875 0.8422266468749999 0.28511701875 0.853063596875 0.25420210781249997 0.840239425 0.24548839843749998 0.830244496875 0.227076640625 0.834947234375 0.22149615625000002 0.848946015625 0.21259531874999998 0.8616438546875 0.196584684375 0.8655087703125 0.1841668828125 0.894436778125 0.1762409046875 0.8772803671875 0.1598642171875 0.86872951875 0.1367627515625 0.8740848281250001 0.12705521875 0.8836208359375 0.12194383125 0.9038506546875 0.1141872890625 0.91664111875 0.11283689687500001 0.9289179453124999 0.1146848390625 0.9383571281249999 0.11846480468750001 0.94072745 0.138123903125 0.9299326125 0.14511168593749998 0.934626946875 0.1493511703125 0.94449091875 0.2845457234375 0.955434175 0.2886080828125 0.9472743687499999 0.3102086890625 0.9345723296875 0.31696192343749996 0.9361511453125001 0.3251034828125 0.9460997593749999 0.32796421875 0.946331321875 0.333094575 0.9364248156249999 0.34546623125 0.9446514796875001 0.35116873437499996 0.9347912859375
0 0.4988207375 0.6839999515625 0.50222516875 0.668792853125 0.5098786625 0.662187115625 0.5118012000000001 0.6499566 0.51533713125 0.644049746875 0.514633484375 0.6347031875 0.509474675 0.629124721875 0.5063888750000001 0.6309393 0.502412296875 0.6461000859375 0.49032261093749996 0.6667972296875 0.4803900125 0.678379375 0.4670150484375 0.684521990625 0.4469898984375 0.6829010640625001 0.446511315625 0.67150836875 0.44924055 0.662439684375 0.4395045640625 0.65649071875 0.4347958875 0.6468199765625 0.423249896875 0.652078459375 0.3964809984375 0.654040375 0.38928711875 0.6617154937499999 0.3869144484375 0.6780382875 0.391623128125 0.6877090296875 0.3913044984375 0.70110155 0.3787457140625 0.7155676546875 0.37818304999999997 0.7206830015625 0.3863720296875 0.756439903125 0.39301273124999997 0.7590417875 0.4129727703125 0.7874940671874999 0.416668653125 0.80637243125 0.415655859375 0.8155800531249999 0.420242521875 0.8211122078124999 0.43054116875000004 0.8219458265625 0.4420871609375 0.81668734375 0.45827544062500003 0.7849680015625 0.46410944374999996 0.7844080546875001 0.47389157343750005 0.7532023515625 0.4843963203125 0.741666515625 0.4953701640625 0.736361721875 0.50269554375 0.7379868484375 0.506137909375 0.7434263796875 0.515170246875 0.740028784375 0.5222421109375001 0.7282150781250001 0.522888853125 0.7065916921875 0.519896615625 0.6970598859375 0.510170115625 0.6962725796875 0.4988207375 0.6839999515625
0 0.33759471093750004 0.5491525968750001 0.3296225859375 0.5691508546875 0.325392490625 0.5708728078124999 0.3185172421875 0.5651554062499999 0.319182953125 0.5538553328125 0.316528315625 0.54125431875 0.2872457625 0.5450771265625 0.2780724390625 0.5340128171875 0.2657292359375 0.541271125 0.2502812640625 0.5400206953125 0.24710189843750002 0.5531816578125001 0.250328684375 0.5658289843750001 0.2486217265625 0.570851703125 0.244288584375 0.5787583828125 0.2357158609375 0.583225359375 0.227040090625 0.5938770578125 0.2284379 0.6074085171875 0.22640282968749997 0.620662103125 0.2350040046875 0.6316801 0.2377711765625 0.6432580421874999 0.22945197187500002 0.6611638515625 0.2294993921875 0.6869721390625 0.2361590609375 0.6998973359375 0.2463451765625 0.7017540234374999 0.301082896875 0.6659298031249999 0.2986722890625 0.6616059671875 0.301063928125 0.6556064890625 0.3235268578125 0.6140732671875 0.3309552859375 0.6095136671875 0.342632778125 0.61355543125 0.348222746875 0.6047183078125 0.35414083281250003 0.58765031875 0.35400933125 0.578350075 0.35273353749999997 0.568957203125 0.3421718875 0.54952309375 0.33759471093750004 0.5491525968750001
0 0.613116109375 0.558036228125 0.6161544906249999 0.5304133625 0.6140625140625 0.51269700625 0.5923209234375 0.5109371453125 0.5754195109375 0.5281482703125 0.5733559890625 0.5259168828125 0.5689008265625 0.5296849734375 0.563442359375 0.5478223437499999 0.56268308125 0.5704687984375 0.567626309375 0.5832550609375 0.58045758125 0.5925511046875 0.5816303265625 0.6081286984375 0.57580580625 0.61385030625 0.5781133625 0.62435886875 0.575149578125 0.6303120328125 0.5799897578125 0.6492830234375 0.5882438515625 0.65820856875 0.6026600625 0.6583433046875 0.6259676265625 0.6406185421874999 0.6225252593749999 0.6351790140625 0.6237631171875 0.623925253125 0.6200956843750001 0.6205318609375 0.6207708796875 0.6143934468750001 0.6321758875000001 0.5946730609374999 0.6433842796875 0.5924837843749999 0.66247123125 0.581642634375 0.671212115625 0.544159578125 0.6629580234375 0.53523403125 0.6428772453125 0.56560611875 0.6322504828125 0.5730033640625 0.613116109375 0.558036228125
0 0.7478198265625 0.8290485890625 0.7513557578125 0.8231417359375 0.751449321875 0.8117953515625 0.7426135984375 0.7976618359375001 0.7412252703125 0.7892920343750001 0.74704030625 0.7784087734375 0.750698253125 0.7766405078124999 0.7536525546874999 0.765525684375 0.748024646875 0.7537161796875 0.742659740625 0.760507165625 0.739451925 0.7581831546875 0.7365532531250001 0.7373049640625 0.7328763359375 0.728749915625 0.7276239640625 0.7345178328124999 0.7217899578125 0.735077778125 0.7165186171875 0.73052238125 0.7127196859375 0.7178287453125 0.7051882078125 0.7285730703125 0.6936327343750001 0.7286698953124999 0.6908940125 0.7325769203125 0.6850979453125 0.7537834984375 0.6773319203125 0.7614123046875 0.6778199859375 0.7779666578125 0.67418100625 0.7900582375 0.6670996609375 0.7967102875000001 0.66462394375 0.8192178046875 0.6521682078125 0.82749918125 0.640603246875 0.8224343515625 0.62733133125 0.822392240625 0.6183084765625 0.8309514921875 0.6161513890625 0.8400664890625 0.6218823437500001 0.8456912671874999 0.62338320625 0.8530379984375 0.637002203125 0.8551725593749999 0.6454813609375 0.86205196875 0.64858613125 0.8705607078125001 0.63582125 0.8973962625 0.6340302125 0.918927025 0.6458297203125001 0.9271073765625 0.6561852734375 0.9589109375 0.6553645484375 0.9629194125 0.6876275609375 0.9610075296874999 0.7007463609375 0.9263916859375 0.7049290359375 0.898861446875 0.713229271875 0.8706323234375001 0.7348393625 0.8630919406249999 0.7411886109375 0.8316083609374999 0.7478198265625 0.8290485890625
0 0.45260321406250004 0.43769708593749995 0.44416199218749997 0.4514643078125 0.4462444828125 0.464019009375 0.4410015953125 0.47494858281249996 0.439323090625 0.495456275 0.428063171875 0.500737915625 0.41849124375 0.49067351718749996 0.4187068265625 0.48346572343750005 0.41309788750000004 0.4819795328125 0.41045273125000004 0.4745401765625 0.405528475 0.472077228125 0.39501424531249996 0.47845140468749997 0.38711671718749996 0.476779965625 0.3848470953125 0.48691803125 0.37399526875 0.496361415625 0.3720632453125 0.5034302734375 0.3792855765625 0.5112401265625001 0.3844254171875 0.5064952796875 0.3925480109375 0.5061205796875 0.3951931640625 0.5135599359375 0.3942929046875 0.5217444890625 0.40990083125 0.5477801343750001 0.412696453125 0.5748430515625 0.4183148765625 0.581490896875 0.4304425 0.5814403859375 0.46083141093749996 0.5570635734375 0.46230381718749997 0.5489253359374999 0.456000715625 0.5432542437500001 0.45392770625 0.5358612 0.462256396875 0.5231170484375001 0.48031158749999997 0.5111602046875 0.4809867828125 0.5050217906250001 0.477197334375 0.4974898109375 0.47353938749999996 0.4992580734375 0.4703126015625 0.4866107484375 0.47212260625 0.4754033015625 0.48023571406250004 0.469866946875 0.4821677359375 0.46279808750000007 0.478256271875 0.45112751875 0.46633474531249997 0.438808578125 0.45260321406250004 0.43769708593749995
0 0.427858628125 0.3582808046875 0.427023478125 0.339634003125 0.4158056015625 0.33666161875 0.379357621875 0.363644515625 0.38851197656249997 0.3643855109375 0.39387688125000003 0.357594525 0.40600450156249995 0.3575440109375 0.4122886375 0.35289178906249996 0.4190608390625 0.3647939171875 0.41987701875 0.37311740625 0.4165756390625 0.3821397796875 0.3982858984375 0.390981103125 0.395097046875 0.39898040625000003 0.3999656796875 0.4334363671875 0.4050119546875 0.4400379015625 0.4095891296875 0.4404084015625 0.42261701562500004 0.432173334375 0.4411507875 0.4316091875 0.448682265625 0.42086486093750003 0.4590839625 0.41551375312500005 0.4685853984375 0.4183471984375 0.4712021 0.41030158281249995 0.46529222499999995 0.369568271875 0.4563629359375 0.366781140625 0.43451829531249997 0.371206003125 0.427858628125 0.3582808046875
0 0.2045341171875 0.3629118265625 0.1989631125 0.3820722640625 0.19085000624999998 0.3876086203125 0.17354460625 0.37175735468750004 0.1695016390625 0.3507865390625 0.1615946296875 0.3439534421875 0.138718228125 0.3472626125 0.135294828125 0.3521463953125 0.145377896875 0.360187809375 0.1702255328125 0.4334193671875 0.168068446875 0.4425343640625 0.1700289203125 0.4509504765625 0.17989640625 0.46619968749999996 0.1956819765625 0.46438090781249997 0.218192328125 0.44865597343749997 0.22540517499999999 0.45130416875 0.23001080312500002 0.4671596390625 0.23333115312500002 0.4684605796875 0.238686575 0.45650793749999996 0.24514835468750001 0.42400128906249995 0.23278618281250002 0.420936284375 0.22556385156249997 0.4131264296875 0.23090978906249998 0.3960121296875 0.232231728125 0.36825032968750004 0.226716353125 0.35541775625 0.2165207546875 0.34839940937499997 0.2045341171875 0.3629118265625
0 0.17447587343749998 0.504983684375 0.171390071875 0.5067982625 0.1653120359375 0.4990810328125 0.1605749046875 0.47392531718750003 0.15428128593749998 0.47341588437500004 0.14750908437500002 0.46151375312500004 0.1352499609375 0.45226402343750005 0.129772525 0.4600780765625 0.12168786718749999 0.4810994046875 0.1152817171875 0.481613040625 0.1099262953125 0.4935656828125 0.10146610468749999 0.49700958906250003 0.094365790625 0.49333832343750006 0.08534293750000001 0.501897575 0.0818164890625 0.512966084375 0.086862765625 0.5195676203125 0.09372853125 0.5201233671875001 0.0998350203125 0.54332556875 0.1095804890625 0.5544361890625 0.111090834375 0.566944578125 0.10241506250000001 0.5775962796874999 0.09107516875 0.5704853109375 0.0887960640625 0.57546171875 0.0797637265625 0.5788593109375 0.0843409046875 0.5792298078125 0.096262428125 0.5915487484375 0.09697556093750001 0.6060569640625 0.100652478125 0.6146120125000001 0.1068335640625 0.616144515625 0.11712272812499999 0.611816478125 0.14922807968750001 0.587578603125 0.1690091953125 0.580922353125 0.16934679218749998 0.577853146875 0.179063809375 0.5734787953125 0.18133343125 0.5633407296875 0.179945103125 0.554970928125 0.183715584375 0.5521795953125 0.1881328078125 0.5277648734375 0.1930380984375 0.5199045078125 0.19427595625 0.5086507499999999 0.1911711875 0.5001420109375 0.1789120640625 0.49089228125 0.17447587343749998 0.504983684375
0 0.0633969671875 0.4232775875 0.047939509375 0.4168655015625 0.0360085 0.39938490625 0.02029671875 0.40578072968749995 0.013778862499999999 0.465036596875 0.015736560937499998 0.5311089203125 0.0453715046875 0.513682359375 0.0464778625 0.4931283546875 0.0825408234375 0.44340637968749996 0.074174196875 0.43550390156249996 0.075168021875 0.41597296562499997 0.0633969671875 0.4232775875
0 0.708068459375 0.3035489078125 0.7032377656250001 0.2897395765625 0.7003770296875 0.289508015625 0.6881558421875 0.30090491406250003 0.692414390625 0.3146679328125 0.6916456296875 0.3321527296875 0.6851459140625 0.3440127484375 0.685840078125 0.34819765 0.6570563546875 0.43669942187500005 0.6504251375 0.43925919375 0.644694184375 0.433634415625 0.6421900109374999 0.4406569625 0.6512508015625 0.45274434062499996 0.65426200625 0.47259946093750005 0.661381290625 0.486594040625 0.6593462203125 0.49984762656250004 0.6626950218750001 0.516633540625 0.6570399390625 0.5523020203125 0.670199321875 0.5533672000000001 0.6701898390625 0.5482055421875 0.6741853843750001 0.5433680703125 0.6846996140625 0.5369938921874999 0.6890517265625 0.5394105296875 0.6938444828125 0.53257323125 0.6844271281250001 0.5132317453125 0.6876064921875 0.5000707859375 0.6954755687499999 0.4862572515625 0.707931303125 0.477975875 0.7172727875 0.45602410156250006 0.73074131875 0.438535103125 0.7309568984375 0.43132730625000004 0.72214014375 0.42751710625 0.7212114296875 0.42021668593749995 0.7316036421875001 0.409703921875 0.7267634625 0.3907329328125 0.732569015625 0.374688015625 0.738393534375 0.3689664078125 0.7403160734374999 0.3567358921875 0.745221365625 0.348875525 0.7471249328125 0.3263216953125 0.737463546875 0.298703034375 0.7142590296875 0.31024306875 0.708068459375 0.3035489078125
0 0.57094283125 0.3956671328125 0.56167594375 0.395949209375 0.5503360484375001 0.3888382375 0.517601646875 0.38205985781249996 0.5157631874999999 0.37778233125 0.511758159375 0.377458146875 0.5061681874999999 0.38629526875 0.510661284375 0.40317380781249995 0.5095454421875 0.41856615625 0.5219360656250001 0.4371161328125 0.5195918500000001 0.4689238984375 0.52625151875 0.4818490953125 0.5343741125 0.4814743984375 0.5494560328125 0.47030906093749997 0.5690866812500001 0.44402925 0.582574178125 0.43686356406250004 0.5916159999999999 0.43862762968749996 0.5901992203125 0.4147728578125 0.584712296875 0.41742525468749997 0.57426318125 0.3969680765625 0.57094283125 0.3956671328125
0 0.6156802859375 0.2723305 0.6012925265625 0.2876807375 0.596509253125 0.2996796921875 0.5615431671875 0.3236860046875 0.55469636875 0.33345357343750004 0.54900335 0.348475425 0.5610374078125 0.35977129375 0.566411796875 0.3581419671875 0.571345540625 0.365766571875 0.572274253125 0.3730669890625 0.5690948890625 0.3862279515625 0.5767958015625 0.4054305 0.5748732624999999 0.4176610171875 0.5802571375000001 0.42119334531249997 0.5851719125 0.4184946359375 0.6050371078125 0.3953303453125 0.6007975296875 0.391890640625 0.603507796875 0.37249864062500004 0.6157194984375 0.35594008593750004 0.6337746890625 0.34398324062499996 0.6343373546875 0.33886789687499996 0.6284938640625 0.33426618750000003 0.626186309375 0.32375762343750003 0.6296002234375 0.31371218125 0.6371317000000001 0.30296785625 0.6463891015625001 0.297524125 0.6461450703125 0.2892469484375 0.628408509375 0.2878112703125 0.6218613734375 0.2738630046875 0.6156802859375 0.2723305
0 0.3234920234375 0.2837735140625 0.3104641390625 0.29200858125 0.3010752359375 0.288152065625 0.2933092109375 0.295780871875 0.2949320875 0.3072661921875 0.2862657984375 0.32307955 0.280694796875 0.342239990625 0.2825332546875 0.3465175140625 0.2943232796875 0.3495362078125 0.2982442296875 0.3663684328125 0.3054665609375 0.3741782859375 0.3088153640625 0.3909642 0.3155685953125 0.392543015625 0.3351151625 0.3827712453125 0.334627096875 0.36621689375 0.3412298609375 0.3481721484375 0.3500181640625 0.33649737812499997 0.36087947656249997 0.3322156515625 0.3628020140625 0.3199851359375 0.3584404171875 0.31240684218750003 0.3513495875 0.313897234375 0.3234920234375 0.2837735140625
0 0.23810239218749998 0.3253740546875 0.240531965625 0.34002120625 0.23782169843749998 0.35941320625 0.242633425 0.362899221875 0.271343828125 0.35903010625 0.27555495625000004 0.34698483750000003 0.27619221562499996 0.32019979374999996 0.2702267125 0.3114594953125 0.2397998640625 0.3151896765625 0.23810239218749998 0.3253740546875
0 0.285917440625 0.2580241453125 0.28451014375 0.23933102812499998 0.270441015625 0.24128874374999998 0.26795581562500004 0.2586346046875 0.2703759046875 0.2681200984375 0.2690255125 0.280396928125 0.27132358437500004 0.28574383281250004 0.29284959375 0.294711490625 0.29547578125 0.2918275328125 0.29500668281250003 0.28559649375 0.298205015625 0.2827588484375 0.298973775 0.26527405000000004 0.3068523359375 0.25662217656249997 0.308099678125 0.250530071875 0.3009993625 0.24685880781249997 0.2911792984375 0.257417884375 0.285917440625 0.2580241453125
0 0.8348190203125 0.6048828421875 0.8338618546875001 0.5820974515625 0.8298378578125 0.571449953125 0.8310851984375001 0.5653578484375 0.8290216765625 0.5631264625 0.8228500750000001 0.5667556171875 0.8127764921875 0.5638758593750001 0.810619403125 0.57299085625 0.798960878125 0.579272409375 0.7931173921875 0.5746706984375 0.7890093125 0.5805312390624999 0.7860644984375 0.5968077187499999 0.773814859375 0.59271964375 0.7584889031250001 0.5956078046875 0.7466337656250001 0.619420465625 0.7520460921875001 0.63843776875 0.7664812703125 0.6488958171875 0.7672974515625001 0.65721930625 0.7637804874999999 0.6734494734375 0.7651688171875 0.681819275 0.7802886765625 0.691300565625 0.7764341140625 0.7105999421875 0.78300021875 0.734871525 0.7910387296875 0.751004865625 0.8035229171875 0.7582084609375 0.816081703125 0.7437423562500001 0.8292410875 0.7448075359375 0.832532984375 0.7306235046875 0.837897890625 0.7238325203125 0.8588422687499999 0.727592209375 0.8611213734375 0.7226158 0.863165928125 0.7145238734375 0.8610929203125 0.7071308296875001 0.8619931812500001 0.6989462765625001 0.8583067812499999 0.68522956875 0.8421741296875 0.6849558984375 0.82081755625 0.705935115625 0.8162214125 0.695241303125 0.8205355875 0.6770113078125 0.8282826453125001 0.6590591890625 0.8375305640624999 0.6484538 0.8423138375000001 0.6364548437499999 0.8563734828125 0.6293354718749999 0.8571612109375 0.6221739890625 0.8511957062500001 0.613433690625 0.8376987250000001 0.6154377171875 0.8348190203125 0.6048828421875
0 0.8965988749999999 0.4787969875 0.884133653125 0.481916709375 0.8832985046875 0.46326990468749996 0.8734405031250001 0.4531823515625 0.874649909375 0.42644362031250005 0.8686938874999999 0.4228649796875 0.8633289843749999 0.429655965625 0.857494978125 0.4302159125 0.8543061312500001 0.4382152171875 0.8468777015625 0.442774815625 0.845517825 0.4498899859375 0.8363824390625 0.45947230625 0.8312046640625 0.443570525 0.8253611765625 0.4389688140625 0.8242073968750001 0.43371453437499996 0.8167694843750001 0.43311247656249996 0.8272280859375 0.4587313125 0.8262247765625 0.473100590625 0.822004165625 0.47998419999999997 0.8160481453124999 0.4764055609375 0.8104486906249999 0.48008102656249996 0.804540090625 0.5023106703125 0.7983684875 0.5059398265625 0.797580759375 0.513101309375 0.8075607796875 0.52732745 0.8203825640625 0.5314618375 0.835690828125 0.5812133187499999 0.84783741875 0.59148611875 0.8646452671875 0.5856213765625 0.8724018093750001 0.5728309140625 0.8727299234375 0.56460005 0.8770630671875 0.5566933703125 0.8914603109374999 0.546504790625 0.896590665625 0.5365982859375 0.9169154781250001 0.514503375 0.919288146875 0.498180584375 0.9161644093750001 0.47934853125 0.9056122437499999 0.4650760796875 0.8965988749999999 0.4787969875
0 1 0.3846174328125 0.9955126640625 0.38771443437499997 0.9868179218750001 0.388042821875 0.9792579937499999 0.38330217499999997 0.96999110625 0.38358425 0.9667643218749999 0.3709369234375 0.95830413125 0.3743808296875 0.941974865625 0.3916382671875 0.948437921875 0.422094575 0.97832235 0.4967660109375 0.9879363171875 0.4985763859375 0.995711828125 0.49610923749999997 0.9928226390624999 0.48039270624999997 0.9950265093749999 0.4656045171875 1 0.45958303125000005 1 0.45540897031250005 0.994716725 0.4526772171875 0.9926437203124999 0.44528417343750004 1 0.4223954484375 1 0.3846174328125
0 0.859612853125 0.33749133124999997 0.86189195625 0.3325149234375 0.8597064187499999 0.32614494843749997 0.8507771296875 0.3233578140625 0.84552475625 0.3291257296875 0.83728963125 0.3305235 0.822272821875 0.3148574796875 0.8032889171875001 0.3195139046875 0.811899578125 0.335693559375 0.8091893109375 0.3550855578125 0.8102495234375 0.3716862234375 0.81723730625 0.37638055625 0.821945984375 0.3860513015625 0.8220774843750001 0.395351546875 0.8184290203125 0.40228146875000004 0.8183259734374999 0.40846619375 0.822349971875 0.41911369374999996 0.8311762125 0.42808555468750004 0.8384921078125 0.42454902343749995 0.8450948703125001 0.406504278125 0.8549149359375001 0.3959452015625 0.870578490625 0.389987834375 0.880717184375 0.36603623750000003 0.8816174468750001 0.35785168437500003 0.874395115625 0.3500418296875 0.8648001140625 0.35855476875000003 0.859612853125 0.33749133124999997
0 0.08063863593750001 0.2455366640625 0.061382246875000004 0.22643094062500002 0.048302839062500005 0.23775836875 0.04309250625 0.2352722671875 0.0390969609375 0.2401097375 0.0404758046875 0.24331788125 0.037557034375 0.24886181875000002 0.0336859125 0.28405539218750003 0.035074240625 0.29242519375 0.0406926625 0.29907304218749997 0.062302753125 0.291532659375 0.0646943890625 0.28553318125 0.0627149484375 0.26679375312500003 0.066016328125 0.25777138125 0.079616359375 0.24958262812499998 0.08063863593750001 0.2455366640625
0 0.0865200625 0.270785003125 0.08175575625 0.29310727187499996 0.08833134375 0.3225405125 0.1107386453125 0.313000303125 0.12526738906249998 0.31211197031250004 0.130294696875 0.30839019218749997 0.14021781093750002 0.2916463875 0.14100554062499998 0.2844849046875 0.13537763281249998 0.2726754 0.13594029531250001 0.26756005625 0.14963389062500002 0.24802491718750003 0.14311520625000002 0.249561621875 0.136183053125 0.21287427499999997 0.1419980875 0.2019910125 0.1406097609375 0.1936212109375 0.1428793796875 0.1834831453125 0.128341153125 0.1792098234375 0.12170993593749999 0.181769596875 0.0865200625 0.270785003125
0 0.0819036703125 0.1868049203125 0.07872430625 0.1999658828125 0.0749538265625 0.2027572171875 0.0616534578125 0.187230134375 0.0563915984375 0.18783639218749998 0.053774896875 0.1958820078125 0.0623665890625 0.20173834687499997 0.0709867328125 0.22307965937500002 0.101413578125 0.219349478125 0.10483697656249999 0.21446569375000002 0.101825771875 0.1946105734375 0.1106045921875 0.1777741453125 0.1080624875 0.1641500625 0.104967203125 0.1608029828125 0.0967320765625 0.16220075 0.0819036703125 0.1868049203125