0 0.9750431828125 0 0.9708959703125 0.00733329375 0.963993053125 0.0518323046875 0.9532340843749999 0.0800381484375 0.96127068125 0.08165734062499999 0.9615042562499999 0.0920086375 0.9550455453125 0.12527446874999998 0.94507821875 0.1432157578125 0.9451295234374999 0.1516731703125 0.9379871812499999 0.156704253125 0.9367796890625 0.1547236296875 0.933772434375 0.1657399546875 0.9271427015624999 0.17081440781249999 0.9183486625 0.18509804531250001 0.913359375 0.2072174375 0.9093097953125 0.215327884375 0.9068493546875 0.23202585625 0.9086036609375 0.2396881265625 0.9146240203125 0.2467721109375 0.915022765625 0.25619815 0.9125281234375 0.267257846875 0.9288006890625 0.2752092515625 0.9326054390625 0.28304500625 0.9370366609375 0.28154146406249997 0.9477159703125 0.268356565625 0.952705259375 0.2462371734375 0.9591698234375 0.2420879765625 0.972332525 0.244140878125 0.9759036953125 0.2416253375 0.97927549375 0.2343967765625 0.9790077125 0.2184072046875 0.9832053578125001 0.20655236562499998 0.9905128703124999 0.20059602812500002 0.9938898703125 0.20088175156250002 0.9977015671875 0.029355437499999998 0.9911384562500001 0.022195196875 0.9876298421874999 0.00687065625 0.9838421953125 0.0018540375000000002 0.977835465625 0 0.9750431828125 0
0 0.62807469375 0.2557877234375 0.61642146875 0.27734329375 0.6067502765625 0.2877957953125 0.6100253140625 0.2927690421875 0.620807234375 0.296498971875 0.6264288453125 0.294156915625 0.629601271875 0.282215334375 0.637056853125 0.272514603125 0.651671875 0.2606019296875 0.6541836203125 0.25236136875000004 0.6626644234375 0.24274738281250002 0.7095910046875 0.2363862203125 0.7167846531250001 0.23981255156249998 0.71905156875 0.24751819375 0.7304599640625 0.24190882500000002 0.74089444375 0.24467012812500002 0.7453085640625 0.24034744843750003 0.7459179375 0.228189009375 0.73409369375 0.221553203125 0.7239382484375 0.2084839734375 0.7221497375 0.195183428125 0.7253392640625 0.1860609828125 0.7251227890624999 0.178528825 0.7306930984375 0.16772935625000002 0.7314505375 0.151826525 0.729365890625 0.146014765625 0.7137882062500001 0.140000615625 0.7099150515625 0.1208883078125 0.7096472687500001 0.10489873593750002 0.7050963343750001 0.0866683140625 0.71154379375 0.079699978125 0.70409946875 0.0631032125 0.69103353125 0.048848503125 0.688652746875 0.0505255296875 0.6704553 0.0912512421875 0.6764585578125 0.0955160875 0.678543203125 0.1013278484375 0.6730242015625 0.12058473125 0.6589730953124999 0.1409981921875 0.6465565796875 0.14933995625000002 0.6433841546875 0.16128153750000002 0.6401604234375 0.16476570468750001 0.6373525421874999 0.18049505 0.64595305625 0.1906150265625 0.64755929375 0.2020216921875 0.6460727687500001 0.2103489921875 0.6386855953125 0.23132627499999997 0.6314122875 0.24292088750000002 0.62807469375 0.2557877234375
0 0.4189976890625 0.2377111421875 0.4149481125 0.2458215875 0.41268704375 0.2672325796875 0.407447075 0.2761815390625 0.41416231562499994 0.285202775 0.4262484921875 0.278711521875 0.4358571234375 0.28609910156249996 0.44175777031249996 0.2734491203125 0.449560790625 0.2647170171875 0.45200412968750003 0.24519990625000002 0.46238730468749994 0.239503796875 0.4724914453125 0.2441156109375 0.4754361421875 0.2509393671875 0.4729928015625 0.270456478125 0.4776918046875 0.28494250781249997 0.4853467578125 0.2799547953125 0.496806459375 0.282802840625 0.502012225 0.26821560624999996 0.5114840421875 0.253050084375 0.5103904125 0.2416867890625 0.516604296875 0.22436715937499999 0.5086644609375 0.21054615937499999 0.5086302593750001 0.204907884375 0.5010549671875 0.1948746484375 0.492209621875 0.20070087343749998 0.48025441406249997 0.2006285953125 0.467963015625 0.17329019375000002 0.46389048749999995 0.14946486718750002 0.4786877828125 0.139446075 0.4820082734375 0.12376010156249999 0.47286094843750004 0.10795847656249999 0.4549195828125 0.10644049062500001 0.4517584109375 0.092084575 0.45183807187499997 0.0770636296875 0.44426277968749994 0.067030396875 0.443334321875 0.0547418453125 0.4393815046875 0.050650484375000006 0.43015451718750003 0.049869806249999996 0.4250626171875 0.05507437187500001 0.42137758124999997 0.06697258125 0.43523516406249996 0.0709627375 0.4416200671875 0.081834484375 0.442366253125 0.09222915312499999 0.43841928750000003 0.11725442500000001 0.43966098281250005 0.12487332656250001 0.4268461671875 0.20831981718749998 0.421589096875 0.21444963593750002 0.4214752328125 0.22383230625 0.4189976890625 0.2377111421875
0 0.11494545 0.1715989375 0.1086460578125 0.17482287968750002 0.10542232656249999 0.178307046875 0.09691317187500001 0.2113993921875 0.0968335109375 0.2264203390625 0.102888075 0.23914259843750002 0.12203693125 0.24264120937500003 0.1278066125 0.236554759375 0.133775665625 0.23518132656250001 0.18781668125 0.3317982109375 0.185652375 0.3410073953125 0.1908126828125 0.34707938125000004 0.1898900734375 0.3639074671875 0.194338396875 0.36522306250000003 0.2035140796875 0.35754632656249996 0.21169874375000003 0.355421125 0.22272549531250002 0.3432048546875 0.23032914375 0.3297597296875 0.233564125 0.2999780640625 0.231297209375 0.292272421875 0.2234257828125 0.2897279765625 0.22320930625000002 0.282195815625 0.23086425781250003 0.2772081078125 0.23321083593749997 0.26989280312499997 0.23931085625 0.26195584375 0.24509763750000002 0.2586885296875 0.24968817968749998 0.2271430953125 0.2435112015625 0.2223939375 0.236405765625 0.2053562296875 0.21399897499999998 0.1997035109375 0.20764827812500003 0.1944700390625 0.1971566421875 0.15413468749999998 0.1881573828125 0.13458866875 0.15831796250000002 0.17057245468749999 0.1465108203125 0.1667557828125 0.13832615625 0.16888098437500002 0.131200915625 0.17673120312499999 0.11494545 0.1715989375
0 0.37279869374999997 0.42363768124999995 0.37180767656249997 0.4291892171875 0.3776970703125 0.4428367296875 0.3766434953125 0.46622834687500003 0.387528025 0.48687310625 0.39349707968750003 0.4854996734375 0.4043415578125 0.47138952187500005 0.4122471890625 0.479572246875 0.41024805468750003 0.487856175 0.41132458125 0.49640033125 0.40567461250000003 0.522220746875 0.41033941250000006 0.5310684984375 0.41735078750000004 0.53260095 0.42603096249999994 0.5276999796874999 0.43551988125 0.515353596875 0.441819275 0.5121296546874999 0.448033159375 0.49481002343749997 0.4486083265625 0.4770133109375 0.456029703125 0.46167430468750004 0.4635194875 0.45761185156249995 0.47213125156249997 0.44143432968749996 0.46298392499999996 0.42563270781250007 0.453409496875 0.4238834015625 0.44156815156249996 0.4144284546875 0.43811084375 0.4075613265625 0.432978890625 0.37801098125 0.424013834375 0.364103240625 0.4183751203125 0.363626159375 0.395034465625 0.401099021875 0.37279869374999997 0.42363768124999995
0 0.6062695703125 0.3691920296875 0.5859078171875 0.41912692500000004 0.575410778125 0.4342057046875 0.575262709375 0.43795009843750005 0.585697190625 0.4407114015625 0.59080619375 0.438325975 0.5971568921875 0.44355944531249997 0.6027159453125 0.459057475 0.5969975703125 0.4736013375 0.596536265625 0.4820153796875 0.6018446390625 0.48434297343750005 0.60981283125 0.47468561249999996 0.6201960046874999 0.46898950156249997 0.6331705859375 0.4400318875 0.6452225578124999 0.427902359375 0.6277479031250001 0.362556196875 0.6218927109375 0.354546959375 0.6147161671875 0.3539397640625 0.6062695703125 0.3691920296875
0 0.7925415796874999 0.423460603125 0.7848069671875 0.4434692578125 0.7771862171875 0.45409524531249995 0.774526403125 0.466080196875 0.7788095578124999 0.468321046875 0.78133840625 0.46289962500000004 0.7983513125 0.4521290640625 0.8023837890625 0.44119947968749995 0.807806028125 0.434144403125 0.8219084421874999 0.42218835937500004 0.8265219359374999 0.42257869843750007 0.829796971875 0.42755194375 0.8300134453125001 0.4350841015625 0.83328848125 0.44005734687500003 0.8494755421875 0.4339130625 0.8562533406249999 0.42509421718749996 0.8639424968749999 0.42574478281249994 0.8706406359375001 0.4319468796875 0.8763590109375 0.41740301718749995 0.885386625 0.413470675 0.8888038796875 0.38558289375 0.892654084375 0.372759428125 0.8920730671875001 0.36143950625 0.8886157609374999 0.354572375 0.884680046875 0.3533001515625 0.878745196875 0.3603118578125 0.8651211906249999 0.366672996875 0.8552960828125 0.351753259375 0.8516051984375 0.334534834375 0.84626261875 0.3265689671875 0.8315449828125001 0.3215668140625 0.825245590625 0.3247907546875 0.8220218609375 0.32827492187499996 0.8232635578125 0.335893821875 0.809565740625 0.38639254375 0.802161465625 0.4045506875 0.7933503265625 0.41601518593750003 0.7925415796874999 0.423460603125
0 0.9255074984375 0.523937484375 0.8937314984375 0.550365115625 0.8861278531250001 0.563810240625 0.884971665625 0.57028703125 0.9028333703125 0.5868259609375001 0.9212814968749999 0.5592706828125 0.9306394499999999 0.5534878296875 0.9358168609374999 0.562378953125 0.938630590625 0.5757662421874999 0.9569364984375 0.58107199375 0.9589698390624999 0.5784263390625 0.9674105875000001 0.5340574390625 0.9680028578125001 0.519079865625 0.96524043125 0.514149990625 0.9588667843750001 0.476980746875 0.9504485421875 0.46875465 0.93953565625 0.471588253125 0.9322452453125001 0.48036372812500006 0.9241802921875 0.5022228953125001 0.9238670546875 0.5068925453124999 0.9274895328125 0.512834415625 0.9255074984375 0.523937484375
0 0.7703688093750001 0.5126899453125 0.7538802109375 0.5817371515625 0.7419479515625 0.6136006468749999 0.73265840625 0.63066005 0.7376193421874999 0.6320190140624999 0.741851190625 0.625802453125 0.7486802953125 0.6254410203125 0.7530773140625 0.6182991999999999 0.7687517625 0.6121115453125 0.782427075 0.61420781875 0.7910104875 0.62150865625 0.7996564562499999 0.6109694140624999 0.803757340625 0.61131638125 0.8070323734375 0.616289628125 0.8045206296874999 0.6245301859375 0.8092992921875 0.6239952703125 0.8142089218749999 0.616896821875 0.81280205625 0.610203178125 0.818913328125 0.57596871875 0.827280265625 0.5757373984374999 0.8299571796875 0.5665715859375 0.8270295859375001 0.5625669656250001 0.81796776875 0.56086103125 0.8073168125000001 0.5505675703125 0.7939317875 0.511865875 0.7855135468750001 0.50363978125 0.778684440625 0.5040012140625 0.7703688093750001 0.5126899453125
0 0.75592525 0.6373247656250001 0.75313446875 0.65587325 0.7479287046875001 0.670460484375 0.747666771875 0.6835875453125 0.75568626875 0.6823876 0.761775034375 0.7007481375 0.7565692703125 0.715335371875 0.7635977484375001 0.7196869593749999 0.763962290625 0.723474725 0.769583903125 0.7211326671875 0.77046105625 0.724963803125 0.781225875 0.72587459375 0.7885162859375 0.71709911875 0.79439983125 0.7016299984375001 0.7929416578125 0.6864789421874999 0.7982612875 0.6625090375 0.8063433421875 0.6434690078124999 0.8011488296874999 0.631758746875 0.8136963109375 0.61685345 0.815114428125 0.5972495984374999 0.8130126828125 0.5886186999999999 0.8104496296875 0.5884018453125 0.80559130625 0.60395770625 0.7926621828125 0.6122561 0.788544196875 0.60908999375 0.763261115625 0.6078900703125 0.7485151265625001 0.626366275 0.7505826703125 0.629358896875 0.7541538421875 0.62684335625 0.75592525 0.6373247656250001
0 0.8999917296875 0.681447796875 0.8948030656249999 0.69885416875 0.8851831812500001 0.7177640859375 0.87651470625 0.7808983234375 0.87621856875 0.7883871109375 0.8801713843750001 0.792478471875 0.8790323000000001 0.8017743984375001 0.897981784375 0.8005599890624999 0.9008751765625 0.7989263328125 0.9015016499999999 0.789587034375 0.9112412484375 0.790411084375 0.916845759375 0.7852498906250001 0.9214876078125 0.7621618703124999 0.9204110812499999 0.7536177140625 0.9239822546875001 0.7511021734375001 0.9263288296875001 0.7437868703125 0.93278754375 0.7105210390625001 0.9318932890625 0.7038707640624999 0.9337614593750001 0.7021503671875 0.9296605765624999 0.7018033984375001 0.9234579453125 0.692825534375 0.9228940281250001 0.6843247484375 0.917038840625 0.6763155078125 0.9093838859375 0.68130321875 0.904918459375 0.6771684875 0.8999917296875 0.681447796875
0 0.7732635343750001 0.7646485890625 0.7634442765625 0.778845484375 0.7582214109375001 0.7906135812499999 0.7574126625 0.7980589984375001 0.7607219046875 0.8086705203125 0.8214889671875 0.803480375 0.8246955937499999 0.7971770703125001 0.82446201875 0.7868257765625 0.8208395421875 0.7808839015625 0.8192162015625 0.7666580984375 0.82052045625 0.7564369156249999 0.7828663171875 0.7429195359375 0.7713098546875 0.7522732999999999 0.7732635343750001 0.7646485890625
0 0.6647269390625 0.7780070343750001 0.65677585 0.7904835343750001 0.6496164062500001 0.792695478125 0.6499809484375 0.796483240625 0.6667832296875 0.8072971546875 0.6812330828125 0.7963097359375 0.6869685609375 0.784585009375 0.687281796875 0.779915359375 0.689662578125 0.7782383328125 0.69722076875 0.7854524281249999 0.7045624828125 0.7851343703125 0.71502531875 0.7644173125 0.7181635390625 0.74683745625 0.7157656578125 0.7456953453125 0.7082929765625 0.7525769375 0.6934272734375 0.7513191765625 0.695722546875 0.7355464609375 0.6944637484375 0.7251084234375 0.6720569578125 0.719455703125 0.6715956515625 0.727869746875 0.67455745 0.7375126421875 0.6618277 0.75052405625 0.6582907312499999 0.7586778734374999 0.65766425625 0.768017171875 0.66497176875 0.7620608328125 0.6665609046875 0.7706483609375 0.6647269390625 0.7780070343750001
0 0.6132944328125001 0.6609477859374999 0.603987784375 0.6751880546875 0.588677878125 0.685163475 0.5868439125 0.6925221500000001 0.588250778125 0.69921579375 0.5923687640625 0.7023819 0.6056624328125 0.6978712703125 0.6102075171875 0.686985059375 0.6153165203125 0.6845996296875 0.6178966734375 0.6876356234375 0.6189561 0.6933606421875 0.616677928125 0.7119524953125 0.6223337453125 0.715248715625 0.62793825625 0.710087521875 0.6370059234375 0.740910090625 0.6334860578125 0.75188304375 0.643886334375 0.7490060703125 0.6493769796875 0.753227546875 0.656023815625 0.75097223125 0.662123834375 0.7430352703125 0.6629154765624999 0.732770715625 0.6712653125 0.729720259375 0.6721595687499999 0.7363705328125 0.6853564734375001 0.744061709375 0.6892408828125001 0.7368765203125001 0.689519915625 0.7265685953125 0.6706671937500001 0.7155811984375 0.6685654453125001 0.7069503 0.6684799359375 0.6928546109375 0.6649884265625 0.6803492062500001 0.670820665625 0.6564226718749999 0.6535057734375 0.6455653906250001 0.6507546015625 0.6143380171875 0.6386171218750001 0.61237185625 0.6332745421875 0.6044059890625 0.6284958796875 0.6049409031249999 0.6317538125 0.6070950125000001 0.6311273390625 0.6164343109375 0.6248792515625 0.628115665625 0.6202031984375 0.6455654109375 0.6132944328125001 0.6609477859374999
0 0.5711973734375 0.5907006796875 0.5750363265625 0.6041747125 0.572723953125 0.617128290625 0.565780984375 0.626872390625 0.568065003125 0.637397171875 0.5795247031249999 0.640245215625 0.5888826578125 0.6344623640625 0.5916905406249999 0.61873301875 0.6058897140624999 0.594575165625 0.625881521875 0.5962666359375 0.6240930109375 0.582966090625 0.6372840671875 0.5615406328125 0.6295094031249999 0.5467943765625 0.627538621875 0.5315999484375 0.6185393609375 0.51205393125 0.6101553234375 0.5094661109375 0.6038730328125 0.5155091921875 0.5976933515625 0.538467096875 0.5938089453125001 0.5456522890625 0.591513671875 0.5614250046875 0.5809482265625 0.5652272328125 0.575013378125 0.5722389390625 0.5711973734375 0.5907006796875
0 0.4507510265625 0.5833276281249999 0.44405873749999997 0.6062421640625 0.4371157671875 0.6159862640625 0.436307021875 0.62343168125 0.4401459734375 0.6369057109375 0.4517537421875 0.6360093625000001 0.4571930828125 0.6317734234375 0.459112559375 0.638510440625 0.46321344375000006 0.6388574078125 0.4700254453125 0.6356768374999999 0.4980480015625 0.6098708640625 0.49887384843750004 0.6052445859375 0.49521716875 0.5936644390625 0.4907287921875 0.557593934375 0.477732609375 0.5407622421875 0.470184321875 0.5211041828125 0.4657188953125 0.5169694484375 0.45650900937500005 0.5190079078125 0.459254334375 0.5211186453125001 0.4589753015625 0.5314265703125 0.45462958750000004 0.547025803125 0.45089324687500004 0.5504665984375 0.45322857031249997 0.5694487921875 0.4507510265625 0.5833276281249999
0 0.48387177656249997 0.6659644890624999 0.47972543749999996 0.6862767437499999 0.467793178125 0.7181402375 0.4610324796875 0.729778221875 0.46582824375 0.7320624437500001 0.47058980781250004 0.7287083890625 0.4729363828125 0.7213930859375 0.478358621875 0.7143380078125 0.48652618593749997 0.7093936703125 0.49127649375000004 0.7323371125 0.4989030921875 0.7508277609375 0.5105621671875 0.7583888265625001 0.5247329875 0.75770933125 0.5294603453125 0.7487170015625 0.5354293984375 0.747343571875 0.5392967046875 0.7373392453125 0.5388979578125 0.7279132046875 0.5488994875000001 0.7156101890625 0.5486317078125 0.69962061875 0.5441149765625 0.6870284718749999 0.537929446875 0.68086974375 0.5176073015625 0.681028784375 0.515704928125 0.6771109078124999 0.51393351875 0.6666294984375 0.514839028125 0.6469822749999999 0.51804565625 0.6406789703125 0.5188544015625001 0.633233553125 0.5115752437500001 0.61571153125 0.5012888328125 0.6092058359375 0.48599602812500003 0.6220003953125001 0.47128424375 0.646114878125 0.4721784984375 0.65276515 0.479115840625 0.6561697984375 0.48387177656249997 0.6659644890624999
0 0.5529324078125 0.7892113734375 0.5478918140625 0.8028733515625 0.548341865625 0.82075680625 0.5444403546875 0.825122859375 0.550973325 0.8322502125 0.57795940625 0.8326549968749999 0.5890374625 0.8288961374999999 0.601351365625 0.8036395453124999 0.5989534828124999 0.8024974328125 0.598885075 0.7912208828125 0.5945848203125 0.7861608953125 0.5994089390624999 0.76496675625 0.6088978593750001 0.752620371875 0.626144340625 0.7522011046875 0.6351206515625 0.73981135 0.6379627375 0.7297202796875 0.6303361390625 0.7112296312499999 0.6204484734375 0.7141499765625 0.611847959375 0.70403 0.5558253546875 0.7030469515625 0.5512289640625 0.70547575 0.55116640625 0.7233158328125 0.5635716671875 0.741271565625 0.564465921875 0.7479218375000001 0.5599379375 0.7616271890624999 0.5556889843749999 0.7650246125 0.5529324078125 0.7892113734375
0 0.4546934796875 0.7827780203125 0.45388473281249997 0.790223434375 0.44947061250000003 0.794546115625 0.44644625624999995 0.8027433046875 0.44836573125 0.80948031875 0.45246661406250005 0.8098272874999999 0.4548302921875 0.805331121875 0.4626675171875 0.8022372953125 0.46628999374999996 0.8081791671874999 0.4648547734375 0.8249638812500001 0.46862531875 0.8271613609375 0.498117296875 0.79020895 0.5011074515625 0.7763734859375 0.47940679375000006 0.7463605234374999 0.4652017703125 0.741401740625 0.4648885328125 0.7460713906249999 0.45910175000000003 0.7493387031250001 0.45677227499999995 0.75947314375 0.451019696875 0.7683787328125 0.449698340625 0.775780778125 0.4546934796875 0.7827780203125
0 0.381714678125 0.745608815625 0.3679768078125 0.761352628125 0.36242360156250003 0.7749712359375 0.36278814375 0.7787589984375 0.367583909375 0.7810432203125 0.3709444546875 0.80011215625 0.38066695 0.79811706875 0.3875757171875 0.782734690625 0.39491743125 0.7824166296875 0.3985741125 0.793996778125 0.406827184375 0.803148128125 0.41717615468749997 0.791813740625 0.42053085156250003 0.78176604375 0.45169747656250003 0.7674968468750001 0.45726778437500004 0.7566973765625 0.44915692968750004 0.7146849984375 0.444361165625 0.7124007765625 0.432103971875 0.6907006531250001 0.4281682578125 0.689428428125 0.42258084843750005 0.6974087609375 0.416264353125 0.6978135625 0.420929153125 0.706661315625 0.41911228749999996 0.716839128125 0.41326294687500004 0.737946525 0.406006740625 0.7523602734375 0.39785628125 0.7601237515625 0.3854681203125 0.744987159375 0.381714678125 0.745608815625
0 0.352011628125 0.7196149375 0.3530710515625 0.72533995625 0.3479962546875 0.7333636578125 0.343052421875 0.7348238296875 0.35095805156250004 0.7430065546875 0.36540790625 0.7320191359375 0.3726015546875 0.7354454687499999 0.37683340468750004 0.7292289046875 0.3808316765625 0.7126610453125 0.3869316953125 0.704724084375 0.392405240625 0.706126421875 0.3939772765625 0.7118948109375001 0.398607871875 0.7151042875 0.4084784359375 0.70936480625 0.41481203281249995 0.711779140625 0.41968745781249994 0.6990424171875 0.41571753906250003 0.69213191875 0.4152845890625 0.6770676 0.4041039234375 0.6639116296875 0.40267995624999997 0.6543988484375001 0.3896936765625 0.6251231953125 0.38177094375 0.6141213328124999 0.3730736671875 0.6162031625 0.3620298140625 0.625600296875 0.353731284375 0.6371081656250001 0.349220403125 0.65363265625 0.348428759375 0.663897209375 0.3543181515625 0.677544725 0.365344903125 0.665328453125 0.3708526515625 0.6723690671875 0.3631693453125 0.7008351359375 0.352011628125 0.7196149375
0 0.31269994687499997 0.686233478125 0.30251614375 0.696642609375 0.2849622734375 0.7308481625 0.2834928484375 0.7419946000000001 0.28437000156250003 0.745825734375 0.29768077187499997 0.7441342453125 0.29745304375 0.7628995828125 0.2942293125 0.7663837515624999 0.295784246875 0.7693330031250001 0.3141698140625 0.7596178078125 0.322815784375 0.7490785625 0.32448458125 0.74264514375 0.33486775625 0.7369490328125 0.34222657343749996 0.7394501078125 0.34980186562500004 0.7494833437499999 0.355406378125 0.74432215 0.358430734375 0.7361249609375 0.35718903750000003 0.7285060624999999 0.349414371875 0.7137598078125 0.33539162031249997 0.7106949078125 0.3219440359375 0.6898332953125 0.31269994687499997 0.686233478125
0 0.2818290109375 0.6084831203125 0.281601284375 0.627248459375 0.2709219734375 0.6404333578125 0.270511975 0.6573048140625 0.272300484375 0.6706053609375 0.2766007390625 0.6756653499999999 0.2848025078125 0.6763592859374999 0.29143223906250004 0.6712848328125001 0.304788465625 0.6489341203125 0.32691037343749996 0.6357781296875 0.32897791718749997 0.638770753125 0.32888115625 0.650972559375 0.33232136093750003 0.6550205499999999 0.348309046875 0.6441632453125 0.3499949453125 0.6405489640625001 0.3477451296875 0.635662459375 0.3490493859375 0.625441275 0.3570517796875 0.6214221921874999 0.3632827640625 0.6069217 0.36151135624999997 0.5964402890625 0.3521191984375 0.59658486875 0.35183431718749997 0.5777761578125 0.3374641234375 0.57374263125 0.3201775875 0.5394069890625001 0.3107341234375 0.531094153125 0.3028797984375 0.5313688421875 0.2927131 0.5445971109375 0.2976 0.547828275 0.304788021875 0.5644033546875 0.30064168125 0.5847156078125 0.29710471250000003 0.5928694234375 0.2818290109375 0.6084831203125
0 0.204926996875 0.7244634875 0.20344047031249998 0.7327907859375 0.18904192343749998 0.7522356218749999 0.186382109375 0.7642205734374999 0.1894919734375 0.770119075 0.20227303124999998 0.7655650734375 0.208458559375 0.771723803125 0.2171729359375 0.7724611109375 0.23572367500000002 0.7618206578125 0.24296277968750002 0.7445877703125 0.234197096875 0.7353930484375 0.2333028421875 0.728742775 0.23652657187499998 0.7252586078125 0.2203678671875 0.7079245359375 0.21626698437499997 0.7075775671875 0.20320689375 0.7224394921874999 0.204926996875 0.7244634875
0 0.1869784484375 0.4402365671875 0.184779940625 0.4438074765625 0.1787766828125 0.43954263125 0.1664285765625 0.4591609484375 0.17517715625000002 0.46553653125 0.1803545671875 0.4744276546875 0.1830827875 0.4737192546875 0.1907035375 0.46309326874999995 0.2069247984375 0.46258725937499995 0.2129735125 0.4461928828125 0.21740473593749998 0.444689340625 0.22584007968750003 0.455734571875 0.23883761093749997 0.45871273125 0.236377171875 0.475410703125 0.2376701703125 0.491487015625 0.238894765625 0.496286778125 0.24643585468749998 0.5006817375 0.2577531140625 0.494125428125 0.26483852343750003 0.49378568125 0.272077628125 0.4765527921875 0.3099365453125 0.43936906249999996 0.311275003125 0.43478615625000006 0.309851034375 0.4252733734375 0.30333516718750003 0.42096515468750006 0.28669242968750003 0.42237473437500006 0.2335004375 0.39533273125 0.21133307031249998 0.42914794218749996 0.192617165625 0.44071365 0.1869784484375 0.4402365671875