0 0.8218470421875 0.23177784375 0.8020564140625 0.2296195171875 0.7887192187500001 0.232247421875 0.782459159375 0.23835963124999998 0.78437635625 0.24826791718750002 0.787370625 0.2515809421875 0.805743521875 0.2523517015625 0.8159622109375 0.2562334171875 0.8227102125 0.2551884125 0.8517090765625 0.24073349843749997 0.860781553125 0.2304893890625 0.8590346859375 0.22457251406249998 0.8453683562500001 0.2226711109375 0.832189965625 0.22583691250000001 0.8218470421875 0.23177784375
0 0.723217465625 0.2410701328125 0.7236260031249999 0.24586839062500002 0.7154039140624999 0.252163909375 0.70049018125 0.2528663515625 0.6901472578125001 0.25880728125 0.683887196875 0.2649194921875 0.6878458281250001 0.274913415625 0.7002532312499999 0.2759651546875 0.721427025 0.26915049999999996 0.733516815625 0.2691264453125 0.7463775921875 0.26488484843750004 0.7615167515625 0.2376300875 0.7588170484375001 0.22848583125 0.7500160921875 0.22599167968749997 0.7335488671875 0.23167568906249997 0.723217465625 0.2410701328125
0 0.59912746875 0.2885449296875 0.582717859375 0.31149651093749997 0.5877766109375 0.3218022015625 0.600966521875 0.3220899140625 0.6139745796875 0.3149327015625 0.620223115625 0.3053669765625 0.6459100984374999 0.2865232421875 0.6487109921875 0.278937828125 0.6463404234375 0.274322878125 0.63942209375 0.27137647187499997 0.6284324234375 0.271712296875 0.59912746875 0.2885449296875
0 0.515216784375 0.3626406875 0.510850875 0.37175415312500004 0.5133527015625 0.3921788640625 0.5087543453125 0.40221224062500005 0.514277990625 0.4106781125 0.5293505296875 0.4105135671875 0.5382872437499999 0.4066385859375 0.555332078125 0.3858386 0.5534148828125 0.3759303140625 0.5365609046875 0.35981744375 0.5263537390625 0.35938924375000003 0.515216784375 0.3626406875
0 0.6352154546875 0.35956251875 0.6360325312499999 0.36915903437500003 0.6447207749999999 0.384929340625 0.6543042406249999 0.3866594671875 0.6656 0.383945921875 0.6728013734375 0.3776075828125 0.6682753984375001 0.362277503125 0.672391575 0.3489036765625 0.6695330640625 0.3392215203125 0.6594731828125 0.3358777046875 0.6464536015625 0.339581403125 0.6352154546875 0.35956251875
0 0.723687396875 0.33485290624999997 0.731547040625 0.337573184375 0.72999355 0.34255475 0.7419245359375 0.341992796875 0.751314625 0.33282448124999997 0.7673284765624999 0.3324338078125 0.7801892546875 0.3281922109375 0.78691420625 0.32024017968749996 0.783590803125 0.312397846875 0.7749486515624999 0.310441590625 0.735254678125 0.3194011 0.723687396875 0.33485290624999997
0 0.8366104453125001 0.29735691875 0.8448798859375 0.3287811046875 0.8586935 0.32776689375 0.8712251406249999 0.3189959875 0.870714153125 0.307021753125 0.8636254937500001 0.300083934375 0.8766335515625 0.29292671875 0.8806933718750001 0.2861909734375 0.8871237593749999 0.284070175 0.8870891890625 0.2737096328125 0.8833124124999999 0.27116063437500004 0.8738877546875001 0.26996840624999996 0.8665160546875 0.272315334375 0.8366104453125001 0.29735691875
0 0.8918789390624999 0.344564884375 0.8843253859375 0.33946688593749996 0.8782010874999999 0.33920996406250004 0.8667580421875 0.34483912656250004 0.8557683687500001 0.345174953125 0.8419662796875 0.349642678125 0.828504846875 0.362093225 0.8299341046875 0.3669343046875 0.8358995953124999 0.36665332500000003 0.8420354187499999 0.3703637609375 0.8558490296875 0.3693495484375 0.8677684937500001 0.36533408125 0.8944659296875 0.36698529999999996 0.9106270656250001 0.3636790078125 0.9239527375 0.3575975921875 0.9263117828125 0.35875902656249997 0.9186890890624999 0.33293994374999997 0.9167949390624999 0.3299386875 0.8998858671875001 0.3443695453125 0.8918789390624999 0.344564884375
0 0.7489350515625001 0.372567315625 0.7345092609375 0.378336965625 0.7306082484374999 0.38561060937499997 0.7331491453125001 0.39421697187500004 0.7399086687499999 0.39662548124999997 0.7552872953125 0.3940832171875 0.777073265625 0.382513128125 0.795434640625 0.37983037343750004 0.81048413125 0.37275880156249996 0.814543953125 0.36602305468749996 0.8101204265625 0.35786894999999996 0.7939477703125 0.3577217265625 0.7650731390625001 0.3623539984375 0.7489350515625001 0.372567315625
0 0.6683342750000001 0.403450721875 0.6532617359375 0.40361526562499994 0.62345731875 0.41192718125 0.6219153484375 0.42036226093750007 0.63261045625 0.42585766875 0.644235353125 0.42767343281250003 0.6683918906249999 0.4207182921875 0.6801640703125 0.41961843906249996 0.7078924859375 0.40086034374999996 0.71006968125 0.39457685468750003 0.7061225734375001 0.3880364421875 0.7006219765624999 0.3864775984375 0.6855609609375 0.3900956578125 0.6683342750000001 0.403450721875
0 0.5344807890625 0.410818034375 0.5321447921875 0.41656362500000005 0.5375326765625 0.4313986296875 0.5247064703125 0.44600076875 0.5270885625 0.45406923125 0.5338480859375 0.456477740625 0.5418550109375 0.4562824046875 0.5559631890625 0.449436959375 0.5614292171875 0.4406352625 0.5758434859375 0.4314120984375 0.5756616328125 0.42396717187500005 0.56399064375 0.408337353125 0.552513028125 0.40360597187499997 0.539334640625 0.406771775 0.5344807890625 0.410818034375
0 0.46236335781250004 0.4431197953125 0.45121488125000003 0.4429177234375 0.4516682515625 0.4376243875 0.43833105625 0.44025229218749995 0.4397718359375 0.4485468828125 0.42347494062499996 0.45822230468749997 0.41659117968750004 0.46563643906249996 0.41662575 0.4759969796875 0.4211965578125 0.4812354671875 0.430156321875 0.48426751562500003 0.44725876875 0.480735096875 0.454936559375 0.4760104515625 0.48445793750000005 0.47698328281249996 0.49684229375 0.47112799218749996 0.5037260546875 0.463713859375 0.49423225625 0.44180054843749994 0.48573739062500004 0.43692867968750004 0.46565219375 0.4406015890625 0.46236335781250004 0.4431197953125
0 0.426862775 0.388343875 0.4174381171875 0.3871516484375 0.40159459374999995 0.39153373281250003 0.3972171625 0.3971936859375 0.42193078125000005 0.4160268359375 0.42821388593750004 0.41682165312499997 0.47493890156249996 0.39753239375 0.47364540625 0.38632218749999997 0.45919656875000003 0.38518480781250003 0.43315740312499995 0.39259220625 0.426862775 0.388343875
0 0.2705256453125 0.37380197187499997 0.26220110625 0.3729215140625 0.2537292859375 0.3749566703125 0.24605149375000002 0.37968131875 0.24216200468750002 0.390408478125 0.22728284062499998 0.4014714625 0.22684099375 0.4102183109375 0.23093538125 0.41384310625 0.23941872812499998 0.4152614625 0.25636236874999996 0.4111911453125 0.2673289953125 0.403948290625 0.26966499375 0.3982026984375 0.2910206375 0.3988329703125 0.299492459375 0.3967978125 0.3104590859375 0.3895549578125 0.3090183078125 0.3812603671875 0.2986408125 0.37684075625 0.2790205125 0.3786738421875 0.2705256453125 0.37380197187499997
0 0.3118264546875 0.43857470000000004 0.3033200625 0.43024931562499996 0.2907538515625 0.42865968125 0.27851677812500003 0.4315993546875 0.2703740921875 0.438163821875 0.2713384515625 0.444844721875 0.2766917671875 0.44931918125000003 0.3024709359375 0.45810355625000004 0.3162730265625 0.45363583125 0.3238150546875 0.45528031406249997 0.3412351171875 0.452823690625 0.3507840109375 0.44419327343750004 0.3462016796875 0.43550127187500004 0.3323765453125 0.43306197187500006 0.31983337968750003 0.4383793640625 0.3118264546875 0.43857470000000004
0 0.329007509375 0.4899402640625 0.3153411796875 0.4880388578125 0.3059280453125 0.49030014531250005 0.2998267921875 0.4969502546875 0.30125604687499996 0.50179133125 0.318427634375 0.5189799953125 0.34513659375 0.524084728125 0.3539260265625 0.523125365625 0.364110146875 0.5166465390625 0.36141044375 0.5075022796875001 0.356057128125 0.5030278203125 0.34537354374999996 0.5009859265625 0.329007509375 0.4899402640625
0 0.43313006249999997 0.528484809375 0.42062146875 0.5441627437500001 0.424568575 0.5507031546875 0.4437700734375 0.5645239453124999 0.457277596875 0.5658874515625001 0.470762075 0.5603439296875 0.47403938593749995 0.5543722109375 0.47212218906250003 0.544463925 0.4642510234375 0.5382901328125 0.4701704234375 0.5241951 0.46715310624999995 0.5139750453125 0.4559931046875 0.510319459375 0.4365431359375 0.516143959375 0.43313006249999997 0.528484809375
0 0.55780224375 0.48298194375000003 0.5474593171875 0.4889228734375 0.5492292328125 0.5017467734375 0.55977705625 0.510157796875 0.5574641031249999 0.5228104203124999 0.564881896875 0.5342775468750001 0.577595390625 0.5329515671875 0.5887208234375 0.5262466109374999 0.5946402234375 0.512151578125 0.6032478046875 0.5037472875 0.6005481015624999 0.49460303124999994 0.5867229640625 0.492163728125 0.5723983640625 0.48120370625 0.55780224375 0.48298194375000003
0 0.6931155984374999 0.45085681875 0.6810373296875001 0.454334390625 0.6716357187499999 0.46004919062500005 0.6714884359375 0.46296480625 0.6471846140624999 0.4728355640625 0.6571893984375 0.5067231109375 0.6896819984375 0.504101940625 0.7260756125000001 0.4942071265625 0.72160599375 0.47223896718749997 0.7088348843750001 0.4562973796875 0.7089706437500001 0.44992824843749996 0.6931155984374999 0.45085681875
0 0.7723332125 0.42894639218749997 0.7748741109374999 0.437552753125 0.780568084375 0.4500100359375 0.7876336953124999 0.45004082656250005 0.7989985984375 0.4680483671875 0.8076407484375 0.47000461875 0.818154003125 0.4680551015625 0.828020509375 0.460500478125 0.8305037921875 0.45183927031250004 0.8247637234375 0.42556793125 0.816133096875 0.42706519062500004 0.8016612125 0.4190207859375 0.789412615625 0.4185069453125 0.7767106453125 0.4232864390625 0.7723332125 0.42894639218749997
0 0.8811733937499999 0.391279125 0.8838615750000001 0.39696987031250003 0.8796544734375 0.40662123437500003 0.88505388125 0.42490975000000003 0.8916661203125 0.43023387656249995 0.9138273187499999 0.43700715 0.928888334375 0.433389090625 0.9378135265624999 0.42606059687500003 0.9337076140624999 0.418982290625 0.943415315625 0.41088977031249996 0.94414020625 0.39285817343749996 0.9393875453125 0.3801747625 0.9346694546875 0.3778518921875 0.9268213359375 0.3785851265625 0.8811733937499999 0.391279125
0 0.9129514406249999 0.46216212343749996 0.9039839093750001 0.48084718593750003 0.907024271875 0.49797426875 0.9100185421875 0.50128729375 0.92148463125 0.502565159375 0.9308977671875001 0.500303871875 0.9382579453125001 0.4945034328125 0.9385409890625 0.48521868437500004 0.9275167453125001 0.4751939703125 0.9459727171875001 0.46735821718750004 0.94285511875 0.4523528375 0.9129514406249999 0.46216212343749996
0 0.808888203125 0.49677915781250004 0.8041701109374999 0.4944562875 0.784720140625 0.500280784375 0.7801954265625 0.508856353125 0.766393334375 0.5133240812500001 0.7672219359375 0.5263741093750001 0.7810585953125 0.532266925 0.8435144203125 0.5218717390625 0.8535397328125001 0.514855015625 0.86515310625 0.513217265625 0.8603774 0.49362682500000005 0.847493578125 0.49096139531249994 0.8459055171875001 0.48558241874999997 0.808888203125 0.49677915781250004
0 0.6922952546875 0.53208815 0.6806934046875 0.5371794125 0.667708390625 0.551243653125 0.6705669015625 0.560925809375 0.6762263046875 0.5630225515625 0.6857982453125 0.5612991625 0.7069489921875001 0.54757748125 0.7300169328125 0.543764084375 0.7387833203125 0.5358976953125001 0.736083615625 0.5267534359375 0.72414110625 0.5238618765624999 0.7104978234375 0.5288674999999999 0.6922952546875 0.53208815
0 0.577261634375 0.5487774140624999 0.5738600859375 0.564571778125 0.5639935796875 0.5721263999999999 0.56165758125 0.57787199375 0.5652985984375001 0.586790121875 0.5775587203125 0.5907574765625 0.5911904812500001 0.582298340625 0.6052640890625 0.5650923546875 0.6099245640625 0.5501476546874999 0.607701278125 0.5426170890625001 0.5935585296875 0.5391019921875 0.5835216937500001 0.5426652015625 0.577261634375 0.5487774140624999
0 0.469109334375 0.5832021890625 0.4441818140625 0.59437486875 0.4498642640625 0.6033786390625 0.448151965625 0.6078223078125 0.4546054 0.6126085375 0.4723315515625 0.60777419375 0.48083794375 0.6160995796875001 0.48790355625000004 0.61613036875 0.520679196875 0.604224453125 0.5239334625 0.5913457046875 0.51788730625 0.5674520843749999 0.5120575734374999 0.5613639328125 0.47440503593749994 0.5704090796875 0.479123125 0.57273195 0.469109334375 0.5832021890625
0 0.3555765515625 0.600303965625 0.347898759375 0.6050286125000001 0.3468447328125 0.6185309 0.339496078125 0.6277848546875 0.3375007375 0.64151326875 0.3414247984375 0.6411466515625001 0.344078409375 0.636476853125 0.3556802609375 0.6313855921875 0.369823009375 0.6349006890625 0.3851901125 0.6289049109375 0.38862623125 0.6234710875 0.382603121875 0.6064844953125 0.378814821875 0.60048198125 0.3701726703125 0.598525728125 0.3555765515625 0.600303965625
0 0.45336295781249997 0.6378740359374999 0.4358186609375 0.650153303125 0.43789466250000003 0.6605994843749999 0.4495426078125 0.6693222796875 0.4957015375 0.6686025124999999 0.4993195078125 0.6706136140625001 0.519404703125 0.6669407078125 0.525199865625 0.66266831875 0.5259478046875 0.6515437515625 0.5209121 0.6481450843750001 0.49180952656250004 0.631518375 0.4797082125 0.62808891875 0.45336295781249997 0.6378740359374999
0 0.56667275625 0.622174928125 0.56371305625 0.6292224453124999 0.570960521875 0.6366981625 0.5850917484375 0.6367597453125 0.5980998046875 0.6296025296875001 0.6062655390625 0.6299450906249999 0.6111539593749999 0.6362593734375 0.6227788546874999 0.6380751375 0.64144631875 0.633014665625 0.646606259375 0.6265906890624999 0.6437592703125 0.6203620453124999 0.6121618921875001 0.6089430328125001 0.5735680390625 0.618214309375 0.56667275625 0.622174928125
0 0.6965624921875 0.5875156515625 0.677623509375 0.605314384375 0.6778168859375 0.6162128250000001 0.6922772453125 0.6208037156249999 0.709991871875 0.612515859375 0.7234878734375 0.610425853125 0.7220470953125 0.6021312609375 0.7335016624999999 0.5999556140625 0.7449447078125 0.594326453125 0.7521345562499999 0.5845346015625 0.7502404046875 0.58153334375 0.744104584375 0.5778229109375 0.7202426125 0.5789468203125 0.6965624921875 0.5875156515625
0 0.8393590968750001 0.5624288359375 0.8283809468750001 0.5662181765625001 0.7976236921875001 0.57130270625 0.7885396921875001 0.5780933015625 0.7869862015625 0.5830748671875 0.793133546875 0.590238815625 0.8063234593749999 0.5905265281250001 0.8202843546875 0.5865966984375001 0.8531291359375001 0.5954118671875 0.8678725390625001 0.5907180125 0.870514628125 0.5825947015625 0.8679852531250001 0.5774418531250001 0.85634883125 0.5721725765625 0.846583515625 0.5629975265625 0.8393590968750001 0.5624288359375
0 0.9262545031249999 0.5357937625 0.9097757546875 0.5380242578125001 0.8995916375 0.5445030859375 0.8991497875000001 0.5532499343749999 0.9084271609375 0.557357778125 0.9165928953125 0.5577003390625 0.9476677640625001 0.5536916062499999 0.9791844796875001 0.540936021875 0.9834031031249999 0.5347381734375001 0.9791383859374999 0.5271219671875 0.9640658468750001 0.5272865109375 0.9326964140625 0.5371264796874999 0.9262545031249999 0.5357937625
0 0.9073526078124999 0.611764334375 0.9019557203125 0.641287115625 0.902648559375 0.6607062734375 0.9203862328125 0.6593254453124999 0.937153784375 0.6495369625 0.984825875 0.6317483312500001 0.9756957828124999 0.624724871875 0.9800847375 0.6225184328125 0.9821031250000001 0.6156970453125 0.9790973296875001 0.60893050625 0.9863102265625001 0.60604568125 0.9889638390625001 0.601375884375 0.9864229390625001 0.5927695234375 0.9815460437500001 0.58990875625 0.948906159375 0.595445540625 0.9233549359375001 0.6079201453125 0.9073526078124999 0.611764334375
0 0.8420728437499999 0.62283790625 0.829847290625 0.62923109375 0.8308346984374999 0.6428190203125 0.846395178125 0.64772168125 0.8481650921874999 0.6605455828125 0.8555713640624999 0.6685591984375 0.8764390656250001 0.6641222640625 0.8794102875 0.6605282609375001 0.8801582265624999 0.6494036921874999 0.875246759375 0.6361823828125 0.861863471875 0.62499623125 0.8510210812500001 0.622416440625 0.8420728437499999 0.62283790625
0 0.607515459375 0.6751525421875 0.5995200578125 0.6788013921875 0.5996903859375 0.682792803125 0.6042496703125 0.6845777765625 0.602072478125 0.6908612671875 0.610249734375 0.694657340625 0.61511510625 0.694064596875 0.6341462765625 0.7038939765625 0.644977140625 0.7030202515624999 0.6529725453124999 0.6993714 0.6553085421875 0.6936258078125 0.6524615578125 0.687397165625 0.6370368359375 0.676125375 0.6254234624999999 0.677763125 0.607515459375 0.6751525421875
0 0.491846615625 0.6896902140625001 0.4874019859375 0.7065030265625001 0.47687778593749997 0.7209363859375 0.4780009515625 0.72815518125 0.4857133125 0.733791078125 0.5068986265625 0.7304299375000001 0.5050044765624999 0.7274286812499999 0.522684534375 0.7087802828124999 0.521968646875 0.6824540953125 0.513008884375 0.6794220484375 0.5007718078125001 0.682361721875 0.491846615625 0.6896902140625001
0 0.352018715625 0.6633717296875 0.34432940156249997 0.6646428625 0.33320396875 0.6713478187499999 0.33687955625 0.6906264906249999 0.3337495265625 0.6936825953125 0.3416437390625 0.706763415625 0.34389007031249996 0.721201009375 0.3559683421875 0.7177234375 0.3603688171875 0.7189705125 0.3834252375 0.7117036031249999 0.3810431453125 0.703635140625 0.3885045140625 0.6811050265625 0.3869049296875 0.6722725374999999 0.3726148984375 0.6716730578125001 0.364584925 0.6649613671875 0.352018715625 0.6633717296875
0 0.3103323546875 0.74510606875 0.3089376703125 0.7506255328125 0.29481796718750003 0.7540174640624999 0.290247159375 0.7487789765625 0.2853817875 0.749371721875 0.28150381874999997 0.7635523937500001 0.2919274078125 0.7817860624999999 0.291009140625 0.78891921875 0.28380776874999997 0.7952575578125 0.3001622796875 0.8028497078125 0.316017325 0.8019211359374999 0.3632072359375 0.7807920562499999 0.3646019203125 0.775272590625 0.3569010828125 0.7730902093750001 0.35418985625 0.7604924375000001 0.3629216734375 0.74226550625 0.356445190625 0.730572246875 0.3277063234375 0.7288353890625 0.3247466234375 0.73588290625 0.3103323546875 0.74510606875
0 0.36647487500000003 0.80542573125 0.368074459375 0.8142582218750001 0.37876956562499997 0.8197536281250001 0.388557928125 0.8358357062499999 0.39767649843749997 0.8394056515624999 0.41101369375 0.8367777468750001 0.419315184375 0.830751178125 0.422557928125 0.8144189140625 0.41891690937500003 0.8055007859375 0.387013440625 0.7964594890625001 0.37555887499999996 0.7986351359375 0.36647487500000003 0.80542573125
0 0.47110818749999994 0.7799271 0.47443159375 0.7877694328125 0.489527178125 0.7945119140625 0.48829130000000004 0.8005692765625 0.4928736296875 0.8092612765625 0.5032396015625 0.810227375 0.516882884375 0.8052217531249999 0.5210899875 0.7955703890625 0.51694950625 0.7781315390625 0.5073660421875 0.7764014140625 0.50091260625 0.771615184375 0.49242926249999996 0.77019683125 0.4789332609375 0.7722868359375 0.47110818749999994 0.7799271
0 0.58721888125 0.7566425765625 0.58394156875 0.7626142984375 0.5875825859375 0.7715324265625 0.597495184375 0.7777918609375 0.6013180546875 0.794154915625 0.6096541171875 0.7984888875 0.6156196109375001 0.7982079109375 0.6283215796875 0.793428415625 0.634252503125 0.782786896875 0.6285354843750001 0.7634225859375 0.6156286140625 0.7538501265625001 0.6047862234375 0.7512703359375 0.5942729703125 0.7532198546875 0.58721888125 0.7566425765625
0 0.29408378125 0.9038439374999999 0.28468216874999996 0.9095587374999999 0.2725693296875 0.9026757671875 0.26409750781249997 0.904710925 0.2614554203125 0.9128342359375001 0.2482885546875 0.9194535531250001 0.2442287359375 0.9261893000000001 0.247552140625 0.934031634375 0.2562058140625 0.9394414015624999 0.271119546875 0.9387389578124999 0.2953337 0.9490513875 0.311029940625 0.9475849171874999 0.321214059375 0.9411060906250001 0.33000349375 0.940146728125 0.33751095468750003 0.9314306703125 0.347706596875 0.9284053562500001 0.350836625 0.9253492515625 0.3455960234375 0.907598634375 0.3364313625 0.8902146312499999 0.3039733328125 0.90319634375 0.29408378125 0.9038439374999999
0 0.26535457500000004 0.8597353468750001 0.2567469953125 0.8681396328125001 0.256452428125 0.8739708671875001 0.26279315 0.892033253125 0.2719232421875 0.8990567140625 0.2780244953125 0.8924066078124999 0.2982569734375 0.8858180828125001 0.302169509375 0.88199795 0.3141004953125 0.8814359984375001 0.3291499890625 0.8743644249999999 0.3336862265625 0.8692423703125 0.32959183593749997 0.8656175765624999 0.33081619375 0.8561067 0.338017565625 0.8497683625000001 0.33468263593750003 0.8384725124999999 0.3222752328125 0.837420775 0.2836813796875 0.8466920515625 0.26535457500000004 0.8597353468750001
0 0.38120969531250004 0.885166878125 0.36550193124999997 0.8831798328125 0.3617482015625 0.8875378625 0.365412265625 0.90336301875 0.37265973125 0.9108387390624999 0.382390478125 0.9096532453125 0.42065519531250006 0.8958526593749999 0.4358980640625 0.899679525 0.45111788593749996 0.8965993640625 0.460984390625 0.889044740625 0.45922600156250004 0.8796743546875 0.4496310140625 0.8744907156249999 0.427322534375 0.8706330578125 0.38120969531250004 0.885166878125
0 0.5202537125 0.84736954375 0.5190293546875 0.85688041875 0.523600165625 0.8621189046875 0.5118971234374999 0.883939840625 0.5138027953125001 0.8903946109374999 0.51962100625 0.8930292515625 0.5431538437500001 0.8873760328125 0.5575335421875 0.8677923296875001 0.5600283453125 0.8625846328125 0.5525759828125001 0.8407569640625001 0.54109836875 0.8360255828125001 0.5280787859375 0.83972928125 0.5202537125 0.84736954375