0 0.9111342953125 0.72483589375 0.9035915109375001 0.72585589375 0.8982583843749999 0.71827281875 0.8931923578125 0.7030574703125 0.879110446875 0.6945975078125 0.8696898546874999 0.676559190625 0.864638396875 0.6718348625 0.85881073125 0.6747472796875 0.8503290437500001 0.66623811875 0.8295890234375 0.6626053515625 0.8257727171875 0.6807599515625 0.819302390625 0.6874929765625 0.8196132078125 0.7113337671875 0.821718459375 0.7275288640625 0.8317671359375 0.7312555546875 0.841187728125 0.749293871875 0.8524424125 0.7549174484375001 0.8599058749999999 0.76343555 0.864932246875 0.7834199515625 0.8696623718750001 0.7900545828125 0.8762703046875 0.8157475359375 0.8746636531249999 0.825299059375 0.866611759375 0.8263235312500001 0.86091764375 0.8254198109375 0.8578087421875 0.8197246781249999 0.8253988187499999 0.8114257234375 0.825655403125 0.82954454375 0.8306275421875 0.843806975 0.8362819984375 0.8494797484375001 0.8453917750000001 0.8436772765624999 0.880628928125 0.8548126171874999 0.9198808609375 0.8864096828125 0.9525428437500001 0.7219064640624999 0.9375392890625 0.7083903406250001 0.931068959375 0.715123365625 0.9182869421875001 0.70951320625 0.9111342953125 0.72483589375
0 0.6854766453125001 0.9427918703125 0.6878093359374999 0.9561237484375 0.7025484796875 0.9712541234375 0.7075259703125 0.9828689234375 0.7691033609375 0.9823279859375 0.7778135984375 0.9438882015625 0.7850601375 0.9295184296875 0.7950545859375 0.9275231500000001 0.802543134375 0.9207811796875 0.8066953421875 0.9112072953125001 0.8129382328125001 0.907337490625 0.830356484375 0.9186293671874999 0.833732484375 0.9166922265625 0.835433028125 0.9080936234375001 0.834306340625 0.8966586296875001 0.8274855406249999 0.8843199203125 0.8230621687499999 0.8652839609375 0.8144865937500001 0.8558218890625 0.7939740125 0.8493259 0.7793579046875 0.8561304828124999 0.7722052546875 0.8714531687499999 0.76133665 0.843890165625 0.7471211859375 0.839246340625 0.7392821625 0.8269165734374999 0.734403915625 0.8136070562500001 0.718058115625 0.808028203125 0.7102482359375 0.8166804765625001 0.6826768999999999 0.8264600921874999 0.6770621 0.81601826875 0.6661975515624999 0.8246973765625001 0.6594706375 0.8133115796875 0.6538704109375 0.8133607765624999 0.64981209375 0.8238875765625 0.6532714687500001 0.8486544453124999 0.6485850625 0.8734928765625 0.6403453890625 0.8726115171875 0.6313545921875 0.8641068328125 0.628729715625 0.8736672999999999 0.62911985 0.8879699828125001 0.623292184375 0.8908824015624999 0.62344030625 0.8975572843749999 0.628452103125 0.9070506640625 0.63950443125 0.9002773875000001 0.6440071171875 0.909775240625 0.646552675 0.909752878125 0.65385344375 0.9011050765625 0.659868890625 0.900098490625 0.6790022578125 0.9132827828125001 0.68290194375 0.9218321906250001 0.6807861765625 0.9313881859375 0.6854766453125001 0.9427918703125
0 0.4787659578125 0.7065998437500001 0.4867781921875 0.7103444234375 0.4898725203125 0.7055485375 0.4963970765625 0.70453748125 0.5061244265625 0.7101744734375 0.515396896875 0.72153790625 0.523907728125 0.7510291062500001 0.5290927328125 0.751937296875 0.54329768125 0.7823322140625 0.553534140625 0.787964734375 0.5626981453125001 0.78788423125 0.5668106984375 0.7830794 0.5659656843749999 0.7745031578125 0.5693667703124999 0.7573059453125001 0.5872900734375001 0.732351234375 0.5932116296875 0.7303917328125 0.6007106953125 0.6978986703125 0.60024124375 0.693134090625 0.589159765625 0.6789253265624999 0.5889574140625 0.666528475 0.5932035140624999 0.657907509375 0.5911921546875 0.6426653234375 0.5848408046875 0.63509119375 0.5610461156250001 0.6314852578125 0.5508096546875 0.6258527375 0.5465635546875001 0.6344737046875 0.5378689999999999 0.6393187890625 0.54024135 0.6478816140625 0.5397468109375 0.658377109375 0.521927909375 0.658533640625 0.5100702218750001 0.6519616218750001 0.5013068656249999 0.640593715625 0.4906802703125 0.6206585109375 0.4872354671875 0.6063826625 0.48450212812500004 0.604499190625 0.4798804671875 0.6093084953125001 0.4791981484375 0.61789815625 0.4823070484375 0.6235932890625 0.4839428453125 0.635023809375 0.49070941562500003 0.641640553125 0.49364510937499995 0.655920875 0.4834774515625 0.66650134375 0.47482255625 0.6665773749999999 0.472103790625 0.6751849234375 0.4725481578125 0.695209578125 0.4787659578125 0.7065998437500001
0 0.6280569890625001 0.5927469578125 0.6329748953125 0.6012874234375001 0.643384565625 0.5983347546875 0.6499633546875 0.6030456656250001 0.6696892125 0.642929490625 0.6717798875 0.64863356875 0.6696098953125 0.652467596875 0.71807343125 0.6892377484375001 0.7271435453125 0.6882043312499999 0.733144421875 0.6767067234375 0.733342715625 0.6528614640625 0.726052459375 0.6357581734375 0.728583446875 0.6252447906249999 0.736299434375 0.6156396 0.7345697484375 0.6032561640625 0.735894728125 0.5908458953125 0.7282434828125 0.580421959375 0.7206464687499999 0.57571999375 0.716840678125 0.5681235015625 0.7153530031249999 0.563367865625 0.718299209375 0.55189709375 0.7155512984375 0.539522603125 0.7018052875 0.5396433578125001 0.6908719359375 0.5321094796875 0.6826468343750001 0.5417191421875 0.6566279171875 0.536225265625 0.6541908249999999 0.5476915640625 0.654714509375 0.5581781109375 0.6485655109375 0.5630008328125 0.6448139515625 0.5611263078125 0.6378450265625 0.5421127125 0.633772134375 0.542148490625 0.6242617109374999 0.5593993703125 0.6230702765625 0.5679935046875 0.6228970687500001 0.5765786937499999 0.6280569890625001 0.5927469578125
0 0.3487239453125 0.5503749984375 0.3656330875 0.5616713437499999 0.3755878765625 0.5644451171875 0.3856114703125 0.5834318765625001 0.3861748140625 0.5891493734375 0.38289270468750003 0.592039428125 0.3839254984375 0.6025215046875 0.38083117187500004 0.607317390625 0.401452215625 0.6252573171875 0.4142738921875 0.626098421875 0.42166855156249994 0.6184035375 0.4260878609375 0.60119738125 0.4234880703125 0.595497775 0.4256038359375 0.5859417796875 0.4204584890625 0.580264534375 0.4215956921875 0.5659484328125 0.433063240625 0.55821776875 0.43753678125000006 0.54673358125 0.436998525 0.5257560109375 0.4322538265625 0.508630359375 0.4283144859375 0.5048500015624999 0.42646581875 0.5067737234374999 0.41153889218749995 0.48973751875 0.3921926578125 0.4899074671875 0.390225015625 0.5061383484374999 0.39276005937499997 0.531867078125 0.3756526234375 0.5444159921875 0.366246603125 0.5368686953124999 0.348571765625 0.5074579984375001 0.3411771046875 0.5151528843750001 0.3487239453125 0.5503749984375
0 0.2723232875 0.7265344546875 0.277428978125 0.7369807515625 0.2761436546875 0.74462196875 0.2682002234375 0.7570903796875 0.26821479843749996 0.7675814015625 0.271323696875 0.7732765328125 0.27720559375 0.7760860859375 0.28266175625 0.80560411875 0.301834784375 0.81401935625 0.309045721875 0.8406607515625 0.3125989859375 0.8663805375000001 0.32751540156250003 0.9091678375000001 0.327114753125 0.9206162453125 0.3372573234375 0.92529585 0.3480822125 0.9213857953125 0.3511765421875 0.9165899062499999 0.3531045234375 0.90512808125 0.35203206875 0.89941505625 0.3614340296875 0.870720240625 0.3719772484375 0.8639514374999999 0.3705146578125 0.8439357296875001 0.35932472031249996 0.818283028125 0.3621373765625 0.8106283953125001 0.3697198171875 0.804839340625 0.3818446015625 0.8037790890625001 0.3832238140625 0.7970907859375 0.38835458749999996 0.792277009375 0.3864913484375 0.783709709375 0.378518775 0.7751960812500001 0.366715321875 0.7743460296875 0.35639954218750003 0.7782516125 0.3453723 0.7697648171875 0.343306709375 0.7488006656249999 0.33704925 0.7421794515625 0.3338861171875 0.7307623484375 0.3344203140625 0.715497803125 0.3275598515625 0.70792814375 0.3225334828125 0.6879437421875 0.3201214765625 0.68414996875 0.30984535625 0.6832865015625 0.3032123328125 0.6728536218750001 0.29975701875 0.6843288640625 0.2950414640625 0.68818525 0.2898564609375 0.687277059375 0.2852202265625 0.6815953421875001 0.2818984578125 0.6892544515625 0.2791942640625 0.7083530203125 0.27632737500000004 0.7102856875 0.2715972515625 0.703651053125 0.266520709375 0.7141868 0.2690808390625 0.724655459375 0.2723232875 0.7265344546875
0 0.5186505953125 0.4649530546875 0.5201925015625 0.475430659375 0.5172462953125 0.4869014296875 0.514003846875 0.4850224328125 0.5105881859375 0.4917286234375 0.5111515296875 0.49744611875 0.5271363390625 0.509704328125 0.534466253125 0.5220385640625 0.5325779296875 0.5287313390625 0.52693804375 0.5335495890625 0.52819828125 0.5411684421875 0.5550767828125001 0.5657295859375 0.5658620140624999 0.5665885796875 0.5708988984375 0.5608218875000001 0.5735488609375 0.53600135 0.5875870546875 0.5129882484375 0.5868359296875 0.505364921875 0.589233365625 0.498667675 0.596454815625 0.4995579765625 0.600997159375 0.5042867765625 0.6074674859375 0.49755375312499994 0.60579203125 0.4908922875 0.59619823125 0.48143915625 0.594241103125 0.47191894218749997 0.587207434375 0.4729344703125 0.5778953046875 0.466340090625 0.5735010843749999 0.46828617499999997 0.5711036468749999 0.4749834203125 0.5661064234375 0.475981059375 0.5662545437500001 0.48265594375000004 0.5576809984375 0.4913149265625 0.54769909375 0.4856801703125 0.5463303921875 0.46661737812500004 0.54173381875 0.45616660937500003 0.5436618015625 0.444704784375 0.536237996875 0.431417628125 0.524019321875 0.431524965625 0.5133425546875 0.44210990624999996 0.509793346875 0.4526322328125 0.511468803125 0.4592937 0.5186505953125 0.4649530546875
0 0.5221415125 0.412466646875 0.5306086265625 0.4104847859375 0.5398268640625 0.41612625000000003 0.546459884375 0.4265591265625 0.562939234375 0.42832184375000004 0.5744755875 0.43680416875 0.5785484796875 0.4367683890625 0.5830762515625 0.43100616875000003 0.5876145375 0.39949285625000003 0.5848269687500001 0.39188741718750003 0.5686147203125 0.38249242968749997 0.5657332562499999 0.37393407500000003 0.5665094671875 0.3662973296875 0.5726042312499999 0.3557526421875 0.5781648015624999 0.3604724984375 0.58895003125 0.36133149375 0.59368015625 0.36796612500000003 0.601825940625 0.367894565625 0.5695746515625 0.340519403125 0.5595802015625 0.34251468281249997 0.5587246765625 0.3596895328125 0.5527238 0.3711871390625 0.533323334375 0.3656351203125 0.52536533125 0.367612509375 0.5198630546875 0.4048567375 0.5221415125 0.412466646875
0 0.7383010171875 0.423920121875 0.7318306875 0.43065314531250004 0.7208180171875 0.432657371875 0.7263680703125 0.4631283203125 0.731058534375 0.47453200625 0.734019315625 0.47355225624999997 0.7382111828125 0.45920931875 0.7446418515625 0.4572453453125 0.7645660046875 0.4732839109375 0.7785936859375 0.4760219046875 0.787461446875 0.462591634375 0.7892558796875 0.45494594531250004 0.7873926421874999 0.44637864531250004 0.8099335515625 0.38037251875 0.8189494343750001 0.3736171296875 0.815934425 0.36887491250000004 0.795609625 0.3642847546875 0.7885362984375 0.37006933750000004 0.7848138796875 0.389176853125 0.7693276703125 0.40266526562499994 0.7621458765625 0.39700591093750004 0.7573072890625 0.378927340625 0.7467349249999999 0.3647141046875 0.7376251515625001 0.370516575 0.7326424984375 0.3820052375 0.733650209375 0.407747384375 0.7383010171875 0.423920121875
0 0.770896325 0.5323602296875001 0.77467703125 0.5552167953125 0.7780133703125001 0.5580487109375001 0.77672805 0.5656899265625001 0.778685178125 0.5752101421875 0.7873004109374999 0.5799031625 0.787582084375 0.5827619109375 0.8051338875 0.59023765 0.833539725 0.6147853750000001 0.842664071875 0.6194739218749999 0.8481704062500001 0.618471809375 0.8514921734374999 0.6108127031249999 0.85221415625 0.597453990625 0.8628909218749999 0.58686905 0.8669638140625 0.586833271875 0.8589515796875 0.5830886921875 0.8569547937499999 0.5783375281249999 0.8468267953125 0.584148946875 0.83917555 0.5737250109375001 0.8405944218749999 0.5622676578125 0.8493286359375001 0.552653521875 0.854899715625 0.531622284375 0.8610090546875 0.531568615625 0.8655368250000001 0.525806396875 0.8624675843749999 0.5153422109375 0.854495009375 0.5068285796875001 0.84815823125 0.50974546875 0.840655109375 0.5059964203125 0.8359646421875 0.494592734375 0.8302705265625001 0.4936890140625 0.823207709375 0.473722503125 0.818383696875 0.4661349546875 0.8074252546875 0.47386114843750005 0.8013304921875 0.48440583750000005 0.795730265625 0.4844550328125 0.7913651890625 0.5073831578125 0.785913084375 0.5141072375 0.7831797453125 0.51222376875 0.7793197203125 0.4989053046875 0.7683612796875 0.5066314984375 0.7655486234375 0.5142861328125 0.766581421875 0.5247682109375 0.770896325 0.5323602296875001
0 0.8653134359375001 0.46148045 0.897084759375 0.5098421296875 0.897944346875 0.52890939375 0.9334777437499999 0.553394503125 0.9412479640625 0.54951128125 0.9391572874999999 0.5438072046875 0.9425729468749999 0.5371010125 0.9437498062499999 0.5180158578125 0.9502994499999999 0.501744728125 0.9622615390625 0.4835185703125 0.9709560937499999 0.47867348906249996 0.9724291953125 0.47293810468749997 0.9702446281249999 0.46628110781250004 0.9613477203125 0.4587293375 0.9605965984375 0.4511060109375 0.9637848171875 0.44726304062500005 0.9585998124999999 0.4463548484375 0.95317279375 0.437818853125 0.9464604546875 0.4369240796875 0.9342272078124999 0.426540396875 0.9322304203125 0.4217892359375 0.921968871875 0.4314167875 0.9069626281250001 0.42391868749999995 0.8962461984375001 0.43927267968750006 0.8824605312499999 0.44416248593749996 0.8720362921874999 0.436624134375 0.8728019859374999 0.45473848125 0.8653134359375001 0.46148045
0 0.2808542203125 0.33733327812499997 0.2824900171875 0.3487637984375 0.2876353640625 0.3544410421875 0.29270139375 0.36965639375000003 0.2882820828125 0.3868625484375 0.2974606625 0.397273065625 0.2965905609375 0.40395689375000005 0.2887264515625 0.40688720156249997 0.288874571875 0.4135620859375 0.3007468296875 0.430625125 0.3089217578125 0.45153560625000005 0.31994900312499996 0.460022403125 0.326863696875 0.47331402968749997 0.32961160624999997 0.4856885203125 0.3211194046875 0.50293045625 0.3253404171875 0.5095695609375 0.3292255296875 0.5076279515625 0.338537659375 0.5142223312499999 0.342061778125 0.5189600765625 0.3420221203125 0.5237291296875 0.353731684375 0.5236262640625 0.34891818125 0.49028762343750004 0.3519979375 0.4750007140625 0.35026824843750004 0.4626172796875 0.35668434531250004 0.4501622875 0.35948242812500003 0.43201663281249997 0.367613640625 0.4214540515625 0.365429071875 0.41479705781250004 0.3602982984375 0.41961083437499996 0.3544164015625 0.41680128281249995 0.329353359375 0.333092265625 0.32999602031249997 0.3292716578125 0.3242873296875 0.3178769171875 0.3237094140625 0.3016684015625 0.3275799546875 0.28923577031250003 0.3167801484375 0.27788575312499997 0.3142345921875 0.277908115625 0.30985494375 0.29034521875 0.304308946875 0.2961163828125 0.2837421359375 0.28389842656250003 0.2749828359375 0.308772634375 0.2765393171875 0.32974125781249997 0.2808542203125 0.33733327812499997
0 0.42065512031249996 0.421941840625 0.4326066984375 0.429466778125 0.4499059765625 0.4550658078125 0.4632513359375 0.46639346093749995 0.47047278593749997 0.46728376406249994 0.47647366093750004 0.455786159375 0.47458127812499995 0.4262368203125 0.4857129265625 0.4099254375 0.48481368125 0.395627225 0.488911659375 0.380331375 0.48399375312500004 0.371790909375 0.48042997343750005 0.371822215625 0.4787690890625 0.37565176875 0.44961618437500006 0.3797228328125 0.4394881875 0.3855342484375 0.4312485125 0.3846528921875 0.4282877359375 0.3856326421875 0.41887120156249996 0.40383643593749996 0.4140075296875 0.40101794062499996 0.41260323125 0.4229663140625 0.42065512031249996 0.421941840625
0 0.3729451046875 0.2945596953125 0.3795781265625 0.30499257343749997 0.3825534765625 0.31450384531250003 0.38043771406250004 0.3240598390625 0.3752130484375 0.3279206984375 0.3756825015625 0.3326852796875 0.3916673109375 0.3449434859375 0.40242745625 0.36106255468750004 0.40472048593750004 0.37916348593750004 0.40092926562500003 0.38205801250000004 0.41845598281249996 0.4047938234375 0.42281054375 0.40761679375000004 0.42761998749999997 0.404713321875 0.42598419062500004 0.393282803125 0.43294905625 0.376054284375 0.4302011453125 0.36367979375 0.43107124687500004 0.3569959671875 0.43550512656249996 0.350280828125 0.44027491249999995 0.352146409375 0.45104557031250003 0.34251438749999996 0.446073434375 0.32825195156250003 0.4400434125 0.3187675171875 0.40909201875 0.2942421546875 0.40491066406250004 0.2828339984375 0.39220796562500004 0.267685734375 0.3867016296875 0.26868784843750004 0.3807946453125 0.28113836875 0.365012190625 0.2812770140625 0.364745090625 0.2889092859375 0.3729451046875 0.2945596953125
0 0.6280828109375001 0.34477413125 0.635827946875 0.35615098125 0.641590865625 0.3732676890625 0.6410566671875 0.388532234375 0.6583810296875 0.39887119531250004 0.664396475 0.397864609375 0.66747623125 0.3825777015625 0.6739465578125 0.375844678125 0.6775354265625 0.360553296875 0.6880389859375 0.35855354687499996 0.6896998703125 0.3547239921875 0.68486128125 0.3366454234375 0.6772496968749999 0.3214524359375 0.67876245625 0.3109479984375 0.6719019953124999 0.3033783390625 0.6635287734374999 0.3063131171875 0.65199241875 0.2978307953125 0.62703544375 0.323801034375 0.6207383234375 0.321948871875 0.6168135546875 0.32865953281250004 0.61844935 0.340090053125 0.6280828109375001 0.34477413125
0 0.6979144578125 0.370865421875 0.7234242609375 0.3763637703125 0.7277245921875 0.37346477031249997 0.7254315640625 0.3553638390625 0.727680875 0.3419917109375 0.726232859375 0.332467021875 0.6991957203125 0.326982090625 0.69383750625 0.3346590875 0.6942422140625 0.35945279375 0.6979144578125 0.370865421875
0 0.673909296875 0.2823784078125 0.6744872109375 0.2985869234375 0.6773144421875 0.3014233109375 0.6768595609375 0.307149753125 0.6791776796875 0.309990609375 0.6983757921875 0.303145775 0.700451896875 0.29835883281250003 0.699325209375 0.2869238421875 0.701534865625 0.278320765625 0.699429615625 0.2621256640625 0.6869292687499999 0.2593742546875 0.68556463125 0.27655357343750003 0.6808887343750001 0.2756409109375 0.6722192671875 0.265225921875 0.6658824890624999 0.268142809375 0.66695494375 0.2738558328125 0.673909296875 0.2823784078125
0 0.18845178437500001 0.5889788296875 0.1926331390625 0.6003869859375001 0.2007934953125 0.6108064484375 0.207574640625 0.6279142125 0.2113011125 0.6450488125 0.20714890625 0.6546226921875 0.18828263437499998 0.63380613125 0.17393362343750002 0.6329784421875 0.170572196875 0.6454066015625 0.1713233203125 0.6530299281249999 0.1694349984375 0.6597227015625 0.1712043453125 0.6673370859375 0.1732011328125 0.6720882484375 0.1918504734375 0.6700169390624999 0.1965805984375 0.6766515703125 0.1994224015625 0.689978978125 0.2111319640625 0.6898761125 0.2222134390625 0.704084875 0.23335965937499997 0.698264515625 0.2406062 0.6838947453124999 0.2465925 0.6619061203125 0.2432812453125 0.643814134375 0.2567852421875 0.636065578125 0.2580705640625 0.6284243625 0.2550409828125 0.6131911234375 0.25581719375 0.605554378125 0.2687181890625 0.59685738125 0.27364660937499996 0.5796467515625 0.26324745 0.5568483265624999 0.2496349921875 0.55315294375 0.23871621250000002 0.556110084375 0.2361957421875 0.540872375 0.23257773125 0.5351817140625 0.22735306562500002 0.539042571875 0.2170227125 0.5324571375 0.2151594765625 0.5238898375 0.20618324999999998 0.5258761734374999 0.200716575 0.52210923125 0.19886790781250002 0.5240329546875 0.1999403640625 0.5297459796874999 0.1962972671875 0.5393153890625 0.1953081890625 0.5603063749999999 0.19268331249999998 0.5698668421875001 0.18069207812500002 0.5671109578125 0.1753338640625 0.5747879546875 0.175991096875 0.581458365625 0.18845178437500001 0.5889788296875
0 0.1407854875 0.49306974531250003 0.14528816875 0.502567596875 0.1580305296875 0.512946809375 0.16183632187500002 0.5205433015625001 0.16207833437500002 0.5281711015624999 0.16889913750000002 0.5405098140625 0.18381149218749998 0.5470549984375 0.194676040625 0.538375890625 0.2085912 0.493427834375 0.2200190921875 0.4904662203125 0.22898074531249998 0.477988865625 0.2283235125 0.47131845468750005 0.22285683281250002 0.46755151250000004 0.217736575 0.446614196875 0.21277901093749998 0.44284278437499996 0.20746045624999998 0.44575072968749996 0.203748553125 0.43910715156249996 0.2029431984375 0.42576185625 0.2123993890625 0.4027890078125 0.2057809390625 0.4028471484375 0.20472305937500002 0.40762514687499996 0.1994983953125 0.4114860046875 0.194797415625 0.4258334140625 0.18673095 0.41636686718749993 0.185564603125 0.4097009265625 0.1789858140625 0.404990015625 0.17619824374999998 0.397384578125 0.17101323906250002 0.3964763875 0.16628311406250001 0.3898417515625 0.1609645609375 0.392749696875 0.16187837968750002 0.4175389296875 0.15305027499999999 0.42620015 0.1521947453125 0.4433749984375 0.1411278453125 0.43965725468750005 0.1331949296875 0.426374571875 0.1237241640625 0.4388564 0.12083219062499999 0.4560491390625 0.12284354687500001 0.471291321875 0.1407854875 0.49306974531250003
0 0.053711190625 0.34886606875 0.0422949953125 0.33977688125 0.03989101875 0.357186978125 0.0452189921875 0.3661080046875 0.0559143890625 0.4022561984375 0.054026067187500006 0.40894897343750003 0.0476892890625 0.4118658609375 0.039770946875000004 0.40907419999999994 0.045104073437499996 0.41665727500000005 0.04838618125 0.41376721875 0.0536723640625 0.4208738375 0.055542887500000006 0.4346866484375 0.0528783515625 0.44901616874999994 0.059778471875 0.4518167734375 0.06833947500000001 0.450787828125 0.0953684984375 0.38378853125 0.10130057031249999 0.3560779375 0.0868827546875 0.3390372578125 0.0793796328125 0.335288209375 0.076433425 0.34675898125 0.068193753125 0.3458776234375 0.061441753125 0.3497518984375 0.053711190625 0.34886606875
0 0.164805953125 0.359335025 0.1787000859375 0.36588915625 0.187369553125 0.3763041453125 0.193132471875 0.39342085312499997 0.1996173703125 0.3971788484375 0.207521140625 0.3894794890625 0.2111642390625 0.3799100796875 0.2111100109375 0.3741881109375 0.20790721875 0.3675400609375 0.20808042656249998 0.358954871875 0.21232652500000002 0.3503339046875 0.2185694140625 0.3464641 0.2196127234375 0.33119508125 0.21731969375000001 0.3130941515625 0.22507534218749997 0.2987199078125 0.2082204328125 0.29314552968749996 0.194770665625 0.306616053125 0.187455325 0.30477283593750004 0.1828190921875 0.29909111718750003 0.1748610890625 0.30106850625 0.1728788734375 0.30680836562499997 0.1748756609375 0.311559528125 0.1701350203125 0.3306759890625 0.161653334375 0.3221668296875 0.1551830078125 0.32889985624999996 0.1559341328125 0.33652318281250004 0.164805953125 0.359335025
0 0.881132234375 0.2910491671875 0.8840136953125001 0.29960752031250004 0.88213994375 0.316791315625 0.884230621875 0.32249539375 0.903403646875 0.33091063125 0.9084405312499999 0.3251439390625 0.9113325046874999 0.30795119843749996 0.9103393703125 0.292700071875 0.9039337890624999 0.279403971875 0.9051794484375 0.2765318078125 0.9016553281249999 0.27179406250000004 0.8970065500000001 0.27374238125 0.8854430796875 0.2623990734375 0.8682020937500001 0.2787641234375 0.8690867687500001 0.282571315625 0.881132234375 0.2910491671875
0 0.8138963171875 0.2344153671875 0.8190020046875001 0.2448616640625 0.8126150546875 0.2782986984375 0.8068270468750001 0.27644206250000003 0.8188870874999999 0.2954109359375 0.8193565390625001 0.3001755140625 0.814279996875 0.310711259375 0.8149372296875 0.317381671875 0.8236609312500001 0.3335186296875 0.82810938125 0.33729451250000003 0.841024953125 0.339088534375 0.86089486875 0.34940513125 0.8669208296875001 0.3226474546875 0.8628187953124999 0.30170119375 0.8320616359375 0.21708845625 0.8261797390625001 0.21427890624999998 0.8132245109375 0.217253934375 0.8151816406249999 0.2267741515625 0.8138963171875 0.2344153671875
0 0.8496676703125001 0.230286165625 0.846869584375 0.2484318203125 0.8498845968750001 0.2531740390625 0.876921734375 0.25865896875 0.88471704375 0.23951567499999998 0.8923933734375 0.2346795375 0.8901149140625 0.227069625 0.8854390203125 0.22615696093749998 0.873516590625 0.239614065625 0.87018025 0.23678215156250002 0.867432340625 0.2244076625 0.8543937375 0.200678684375 0.84707839375 0.1988354640625 0.8443053968750001 0.201721046875 0.84196219375 0.2141402625 0.8496676703125001 0.230286165625
0 0.910082784375 0.27458125 0.931386146875 0.283931515625 0.9334873375000001 0.2638845015625 0.9302699765625 0.2467454328125 0.9295439343749999 0.2238620328125 0.91600028125 0.23637963750000002 0.9121694015624999 0.2440432171875 0.912693084375 0.25452976562499996 0.9086347671875 0.2650565640625 0.9078585562500001 0.2726933109375 0.910082784375 0.27458125