0 1 0.8103485546875 0.9886471546875001 0.7895354921875 0.9839600265625 0.77180726875 0.9572031078125001 0.750160134375 0.9508589531249999 0.7569807078124999 0.9375193906250001 0.75180715625 0.9308423859375001 0.767116765625 0.923155346875 0.7683340375000001 0.9173659421875 0.7610062156249999 0.9115246750000001 0.7461450421875 0.896731278125 0.738197865625 0.8863066093749999 0.720675175 0.8809278484374999 0.7161583499999999 0.8750793578125 0.7191935609375 0.8660235015625 0.711040853125 0.8446121890624999 0.708040253125 0.8414753984375001 0.72604875 0.8351312421875001 0.7328693234375 0.8364669031249999 0.756369015625 0.8393154828125 0.7722792953125001 0.849773309375 0.775672275 0.8601979796875 0.7931949640625 0.8719727578124999 0.798424571875 0.879985421875 0.80661465 0.885989503125 0.8261795 0.8911204312500001 0.8325890062499999 0.8989889890624999 0.857738475 0.8977498328125 0.8672018796875 0.8895412 0.8684378359375 0.8836667765625 0.8677063703125001 0.8802375140625 0.8621778062500001 0.8466667078125001 0.854903284375 0.8477026750000001 0.8727623015624999 0.853407059375 0.8866864765625 0.8594442953125 0.8921216171875 0.86853330625 0.8861446171875 0.9051227296875 0.8961367093750001 0.9473315203125001 0.9266493328125 0.9527693671874999 0.9208031265625 0.9587101 0.8932751718749999 0.96615653125 0.8760541953125 0.9724156687500001 0.8758299765625001 0.9828807171875 0.8613265703125 0.9867019171875 0.8480030656249999 0.9921397640625 0.8421568609375001 0.9906859296875 0.8393832343750001 0.992609496875 0.8346048203124999 1 0.8300865109375 1 0.8103485546875
0 0.801036725 1 0.803548053125 0.98685321875 0.8103619406250001 0.9724806078125001 0.820520071875 0.9702329140625 0.8279074156249999 0.9633749703125 0.831754546875 0.9538181421875 0.8379877515624999 0.9498272468750001 0.8563213609375 0.960473309375 0.8596987625000001 0.9584685187499999 0.8610747999999999 0.9499421124999999 0.8594322203125 0.9386981359375 0.8519152203125 0.9267226953125001 0.8465696156250001 0.9080761578125 0.8373768796875 0.8989864515624999 0.8160765156249999 0.8931561734375 0.801386846875 0.9002757046875001 0.794709840625 0.915585315625 0.7823947609374999 0.88871133125 0.7676272953125001 0.88453083125 0.7590671046875 0.872592759375 0.7534995999999999 0.8596055828125 0.736508875 0.8545628234375 0.7288737000000001 0.8633134484375 0.7010332109374999 0.8737297796875 0.6948331624999999 0.863590965625 0.68406841875 0.8724536984375 0.6766883 0.8614152562499999 0.6709507593749999 0.8616207906250001 0.66724050625 0.872114615625 0.6718426187500001 0.89643919375 0.6680992125 0.9210627312499999 0.659616815625 0.9204246906250001 0.6500393671875 0.9122906640625 0.6477570203125 0.921791440625 0.648767053125 0.9358837796874999 0.6429185625 0.9389189921875 0.6433551375000001 0.9454966625000001 0.6488967109375 0.9547171656250001 0.65993521875 0.9477284265625 0.664955196875 0.9569676125000001 0.6675631703125 0.9568741875000001 0.6746767515625 0.9481422500000001 0.6807990046875 0.9469810328125 0.7009711624999999 0.9594450359375 0.7053326640625001 0.9677659078125 0.7035719109375 0.9772479984375 0.7088656515625 0.9883611796875 0.7114989765625 1 0.801036725 1
0 0.57919993125 0.8257696453125 0.5819520093749999 0.8087168328125 0.599256875 0.7836074921875 0.6052422515625 0.7815092781249999 0.611541765625 0.7492589640625 0.6108573578125001 0.744573971875 0.598893834375 0.7308740140625 0.5981575640625 0.7186556703125 0.602141578125 0.710035840625 0.599429878125 0.6950625578125 0.592597284375 0.6877721046875 0.5680564015625 0.684883615625 0.5573248140625 0.679616640625 0.5533408 0.6882364703125 0.544636503125 0.6932577875 0.547433221875 0.701634715625 0.547374134375 0.71199775 0.5291183203125 0.71265171875 0.5166850671875001 0.7065037984375 0.50721856875 0.6955400953125 0.49547694687500005 0.676180778125 0.49133734218749997 0.6622005468750001 0.48845560624999995 0.6604199765625001 0.48392406875000005 0.6652918140625 0.483591215625 0.67378085 0.4870204796875 0.6793094156249999 0.48918465468749994 0.69053470625 0.496401959375 0.696869475 0.50001996875 0.710868390625 0.49005058124999995 0.721586434375 0.4811834734375 0.7219040765625 0.47876424375 0.7304678546875001 0.4800739703125 0.7502008671875 0.486932496875 0.7612579937499999 0.49530394375000003 0.7647257125 0.49827070000000007 0.7599099296875 0.5049145484374999 0.7587300296875 0.5151245421875 0.7640156890625 0.5251126375 0.7749607078125 0.53509350625 0.8038021125 0.540446334375 0.8045522640625 0.5563016265625 0.8341251328125001 0.567033215625 0.8393921093750001 0.5764219203125001 0.8390557812500001 0.5804318640624999 0.834202628125 0.57919993125 0.8257696453125
0 0.7394982421875 0.674032628125 0.7469965359375 0.6643450046875 0.7446954796874999 0.652182715625 0.74552399375 0.6399083171875 0.7372375671875 0.6298442421875 0.7292508328125 0.6254208390625 0.7250262125 0.618036965625 0.7232986140625 0.61338934375 0.72582879375 0.601995890625 0.72248455 0.58987096875 0.7084014921875 0.5903754609375 0.696874546875 0.5832531734375 0.6888546578125 0.5929594796875 0.661953634375 0.5882717359375 0.6599450499999999 0.5996465046874999 0.660929153125 0.6099721671875 0.6548328296875 0.6149000625000001 0.650907903125 0.6131568578125 0.6429543265625 0.5946037468750001 0.6387815671875 0.594753225 0.629770353125 0.61203025625 0.6289159078125001 0.6205379796875 0.629104653125 0.6290083296875 0.6350828015625 0.644806503125 0.64048749375 0.6530900046875 0.6510303375000001 0.64988663125 0.6579738796875 0.6543474015624999 0.6798923421875 0.6931220890625001 0.682278415625 0.698688021875 0.6802179671874999 0.7025294390625 0.73145668125 0.7374280953125 0.7407085046875 0.7361547703125 0.7463682515625 0.72464920625 0.7455541859375 0.70113083125 0.7373527765625 0.6844704 0.7394982421875 0.674032628125
0 0.4255386171875 0.6532548078125 0.4272993703125 0.64377271875 0.421783728125 0.63831889375 0.422338478125 0.6241705 0.4337616984375 0.616226078125 0.43785666093750003 0.60477656875 0.4364100515625 0.5841065578125 0.43081661562500007 0.5673527046875 0.4266179265625 0.5637355046875 0.4248053109375 0.565684240625 0.40877998125000004 0.5493040812500001 0.38895938124999996 0.55001410625 0.38763520625000003 0.5660738656250001 0.39133100781249996 0.5913728125 0.374333059375 0.604226440625 0.364370896875 0.5970481000000001 0.3450013234375 0.5685430218749999 0.337750859375 0.5763379625 0.3469882359375 0.6108574109375 0.36480024843750003 0.6215221578125 0.37512119374999997 0.6239781390625 0.38620434062500003 0.6424191421875001 0.387025628125 0.6480411296875 0.383785109375 0.65098291875 0.3852908078125 0.6612898953124999 0.382324053125 0.66610568125 0.40422380625 0.6832173046875 0.4174005546875 0.68368718125 0.42465101718750004 0.6758922375 0.4284462859375 0.6588020546875 0.4255386171875 0.6532548078125
0 0.3406364859375 0.9765427140625 0.3512311921875 0.98087269375 0.3621587484375 0.9767136328125 0.365125503125 0.9718978500000001 0.36661249375 0.9605417640624999 0.3652696078125 0.9549384625 0.3736814359375 0.9263800859375 0.3841983453125 0.91941003125 0.381845428125 0.8997143875000001 0.3692825171875 0.8747330859375 0.3718386265625 0.86710630625 0.379362853125 0.8611853625 0.3917442453125 0.8597999265625 0.39287245312499997 0.8531662000000001 0.3979255859375 0.848275678125 0.3956504625 0.8398800640624999 0.387116203125 0.8317086703125 0.37498264375 0.8312014234375 0.36457668125 0.8353417984375 0.352912853125 0.8272825109375 0.3499014609375 0.8066685578125 0.343205746875 0.8003151031250001 0.3394767890625 0.7891458671875 0.3393730640625 0.774079159375 0.3320188734375 0.7668073921875 0.32601479375000003 0.74724254375 0.3233808890625 0.743569290625 0.31281211249999996 0.7430059890625 0.3055688734375 0.7329045437499999 0.3025171 0.744316684375 0.29784868124999997 0.7482515249999999 0.2924958515625 0.7475013765625 0.28750180468750003 0.742028865625 0.2844240984375 0.749674328125 0.2824673765625 0.7685824515624999 0.279611575 0.7705685578125 0.2744806453125 0.7641590515625001 0.26972720625 0.774690246875 0.2727976875 0.7849411703125 0.2762010171875 0.78670305625 0.281879471875 0.7968605578125 0.280888146875 0.8044312796875 0.273278903125 0.8169485812499999 0.273741409375 0.8272929296875 0.277170671875 0.83282149375 0.2833188578125 0.8354269546875001 0.2901701609375 0.86438046875 0.310179503125 0.8721407953125 0.318706540625 0.898208578125 0.32344553125000003 0.9234701546874999 0.3405586890625 0.9652426843749999 0.3406364859375 0.9765427140625
0 0.5702235375 0.6207566859375 0.5751397921875 0.6149291640625 0.57679681875 0.5903803671875 0.590202690625 0.5672944984375 0.5891076375 0.5597985140625 0.5912790359375 0.55312741875 0.5987182421874999 0.5538028296874999 0.6035754078125 0.558338340625 0.6099195625 0.5515177671875 0.607918203125 0.54499615 0.5976822765625001 0.5359438125 0.595270271875 0.526611203125 0.5881048296875 0.5278097890625 0.5782795484375 0.52156844375 0.5738589578125 0.5236106031250001 0.5716875609375001 0.5302816984375001 0.5666084953125 0.5314055453125001 0.567045071875 0.537983215625 0.558627503125 0.54676186875 0.5481567125 0.5414855484375 0.545940675 0.5227269031249999 0.5407838171875 0.5125507203125 0.54227080625 0.501194634375 0.534095328125 0.48830088125 0.5215770546875 0.4887493171875 0.5110860734375 0.499486046875 0.50789741875 0.5099611875 0.5098987796875 0.5164828046875 0.5175008015625 0.521861890625 0.5195280921875 0.5321501828125 0.5169979140625001 0.5435436375 0.51359458125 0.54178175 0.5103799953125 0.5484902171875 0.511201284375 0.5541122046875 0.5281069921875 0.5657513187500001 0.5361455890625 0.5777080734375 0.534495784375 0.584360484375 0.52892105625 0.58926969375 0.530537703125 0.596746990625 0.5591331687500001 0.62021206875 0.5702235375 0.6207566859375
0 0.5623422 0.42323970624999996 0.5681388296875001 0.4126711421875 0.5740391828125 0.41716928124999997 0.585129553125 0.41771389843750006 0.59026048125 0.42412340625 0.598605996875 0.42382444843749995 0.5643839390625 0.3977352265625 0.554225809375 0.3999829203125 0.5540817031249999 0.416942309375 0.54842195625 0.4284478734375 0.5283016640625 0.42351722187499996 0.5202299109374999 0.42569017656249997 0.5161795875 0.46256942656250005 0.5188394234375 0.47000935625 0.5274327703125 0.46781771718750004 0.5371211687499999 0.47312206406249996 0.5443644078125 0.48322350781249995 0.561329203125 0.4844995890625 0.573514625 0.4925401890625 0.5776873828125 0.49239071093750003 0.5820820390625 0.486581875 0.5853888671874999 0.4553806671875 0.5822074374999999 0.4479594234375 0.56519078125 0.4391499890625 0.5618724687500001 0.43079174687500005 0.5623422 0.42323970624999996
0 0.7921405953125 0.49601127187499994 0.8124266656250001 0.4302933734375 0.8213787937499999 0.42337937343750004 0.8180864124999999 0.4187878078125 0.7970598109375 0.41483152656250005 0.790057178125 0.4207337875 0.78705726875 0.43967928125 0.7717609859375 0.4534138546875 0.764158965625 0.44803476875000003 0.7584286484375 0.43034391562499996 0.7469867203125 0.416625271875 0.7378977109375 0.4226022734375 0.733281153125 0.43407046562499996 0.7354121703125001 0.45942546718750005 0.7408687265625 0.47524232499999997 0.7345245703125001 0.48206289843750005 0.7233232515625 0.48434796249999995 0.730311434375 0.5142384734375 0.735605175 0.52535165625 0.7385978625 0.5243025484375 0.7422821796875 0.5100420453125001 0.74878915 0.507925146875 0.7698935421875001 0.523181459375 0.7843872453125 0.5254879609375 0.792902796875 0.51199629375 0.7944157171875 0.504406884375 0.7921405953125 0.49601127187499994
0 0.8650210421875 0.643162840625 0.8755120218749999 0.6324261124999999 0.8796847796874999 0.6322766343749999 0.871313334375 0.6288089140625 0.8690641421875 0.6241799796875 0.8589319421875 0.6301943484375 0.850645515625 0.6201302734375 0.851610909375 0.608792871875 0.8601523921875 0.5990678796875 0.8649649203124999 0.5781736515625 0.8712240546875 0.577949434375 0.8756187140625 0.5721405953125 0.8720266375 0.5619083578125 0.863492378125 0.5537369640625001 0.857122290625 0.5567908593750001 0.8492724390624999 0.5533044578124999 0.8439786984375001 0.5421912734375 0.8381042734375 0.5414598078124999 0.8300138140625 0.5219696984375 0.8247460046875 0.51462319375 0.8138443796875 0.5225489296875 0.8080477515625001 0.5331174953125 0.802310209375 0.533323028125 0.7988146359375 0.5560538859374999 0.7935136703125 0.5628370874999999 0.7906319328125 0.561056515625 0.78610761875 0.5480319687499999 0.7752059921875001 0.5559577046874999 0.7726498828125 0.5635844828125001 0.77415558125 0.573891459375 0.7789017953124999 0.5812566515625 0.7837517375 0.6036885484375001 0.7872919484375 0.6063874328125001 0.7863006234375 0.6139581578125 0.7887126265625 0.62329076875 0.7977425499999999 0.6276768015624999 0.7981531953125 0.6304877953125 0.8164608718749999 0.637367178125 0.846621121875 0.6607761984375 0.8561726390625 0.6651435484375 0.8617733 0.6640010171874999 0.864851003125 0.6563555546875001 0.8650210421875 0.643162840625
0 0.9803936625 0.51050933125 0.97095309375 0.5033123046875 0.9698580421875 0.495816321875 0.9729616796875 0.491937534375 0.9676088515625001 0.49118738593750005 0.9616825640625001 0.48292256718750004 0.954764953125 0.48222847187499995 0.941784171875 0.472332559375 0.9395349796874999 0.46770362343749994 0.9294287125 0.4774846703125 0.913729009375 0.4705118640625 0.903400840625 0.4859522671875 0.8894805968749999 0.4911604328125 0.8784752453125 0.4840194609375 0.88003280625 0.50185979375 0.8726454609375001 0.5087177359374999 0.907270940625 0.5555143390625 0.9089653828125 0.57429166875 0.9464279578125 0.5974391015625 0.9542259453125 0.5933921515625 0.9518398734375 0.58782621875 0.9550544593750001 0.5811177546875 0.9554463953125 0.562265684375 0.9614649249999999 0.5460377609375 0.9729472328125001 0.527730309375 0.981651528125 0.522708990625 0.9829166171875 0.5170122640625 0.9803936625 0.51050933125
0 0.321296178125 0.535483746875 0.3246404203125 0.5476086671875 0.3166723953125 0.564848328125 0.32128173125 0.5712765203125 0.325180725 0.569253046875 0.33500600468749997 0.5754943890625001 0.33881998125 0.5800672703124999 0.33898279531250003 0.5847709453125 0.350979471875 0.58434119375 0.34462383281250003 0.5516023171875 0.34712808125 0.5364421859374999 0.344827025 0.524279896875 0.3508714859375 0.51181865 0.3529650875 0.4938475234375 0.3608480953125 0.48320421874999997 0.358325140625 0.4767012859375 0.3532720078125 0.4815918109375 0.3471238203125 0.47898635 0.31786561875 0.3971471234375 0.31836128124999996 0.3933617609375 0.31202435156249997 0.38228594843749997 0.3107405546875 0.3663196140625 0.3141770421875 0.3539517890625 0.3026241640625 0.3430628265625 0.3000161890625 0.34315625 0.2960581078125 0.35554275625 0.2906202625 0.3613889640625 0.269020203125 0.3499180140625 0.261104040625 0.374691028125 0.2635938390625 0.3953236703125 0.2683400546875 0.4026888609375 0.2705042265625 0.4139141515625 0.27601986875 0.4193679765625 0.2818611375 0.43422915 0.27806587031249996 0.45131933281250003 0.28791708125 0.461327353125 0.28731046718750003 0.46794239531250004 0.279375596875 0.47105234687499997 0.2798121734375 0.4776300171875 0.292707934375 0.49412228437500005 0.3019784671875 0.5145120234375 0.31364229374999997 0.5225713078124999 0.321296178125 0.535483746875
0 0.47281665625 0.4349238515625 0.44311169218749996 0.4397555640625 0.4329794921875 0.445769934375 0.424497096875 0.44513189375 0.42150440937500006 0.44618100156249996 0.41263007500000004 0.46439503125000003 0.40752507812500005 0.4617522 0.40702219375000004 0.48343394687499996 0.41523082499999997 0.482197990625 0.4278009625 0.4892829109375 0.446623009375 0.5140399953125 0.46078385937500005 0.524835534375 0.46822306874999997 0.5255109453125 0.473882815625 0.5140053828125 0.47068267500000005 0.48492107500000003 0.48139555625 0.4685249859375 0.479863928125 0.45445133125000003 0.48341136406249996 0.43925382968750004 0.47800667187499996 0.4309703265625 0.47435551093750006 0.43110112031250003 0.47281665625 0.4349238515625
0 0.42163406718749996 0.46501438593750005 0.41946989375 0.45378909375000004 0.4258731359375 0.43660548749999994 0.4225288890625 0.42448056718749994 0.42313550468749994 0.417865528125 0.42739328125 0.4111196921875 0.4323613953125 0.41282552499999997 0.4429892578125 0.40302579375 0.43728487187500004 0.3891016171875 0.43070010937500003 0.379918484375 0.3979318875 0.3566028875 0.393159740625 0.3454710203125 0.3794945515625 0.3308901203125 0.373893890625 0.33203265000000004 0.36837102499999996 0.3444752125 0.3522015921875 0.34505444218750003 0.3522534515625 0.3525877953125 0.3608986640625 0.3579295109375 0.3681419015625 0.36803095625000004 0.37159709687500003 0.3773261984375 0.3698363421875 0.38680828749999996 0.364646328125 0.39076181249999997 0.3653307359375 0.3954468015625 0.3822364421875 0.407085915625 0.3939521328125 0.42267855625 0.397074478125 0.4404628328125 0.3933123640625 0.44342330625 0.41224536250000005 0.4653507140625 0.41682876406249997 0.4680122265625 0.42163406718749996 0.46501438593750005
0 0.673926046875 0.3759150234375 0.675028325 0.365514621875 0.6676741374999999 0.3582428546875 0.659217671875 0.36137149062499996 0.64703225 0.353330890625 0.6225619359375 0.37963881875 0.6160290374999999 0.377989040625 0.6122928578125 0.384716190625 0.6144570296875 0.39594148281249997 0.6245301421875 0.40029014375000005 0.6329534515625 0.4112912171875 0.639590078125 0.42800770468750005 0.6396938046875 0.44307441093750005 0.65789053125 0.45278347500000005 0.6640127859375 0.45162225781250004 0.6665170328125 0.4364621265625 0.6728611890625 0.4296415515625 0.6758870296875 0.414462734375 0.68656675625 0.41219635937500004 0.6881056078125 0.40837362656250004 0.6823752890625 0.3906827734375 0.673926046875 0.3759150234375
0 0.7247541187500001 0.4080026859375 0.7264889375 0.3947539203125 0.7245985265625 0.3854026234375 0.6966543140625 0.3807522484375 0.69149023125 0.38847244999999997 0.692962771875 0.41290913749999997 0.697213325 0.42405969062500004 0.7235927546875 0.42876612031250005 0.7278764625 0.42578696406249994 0.7247541187500001 0.4080026859375
0 0.6757012484375 0.3306401609375 0.66637163125 0.32061345625 0.6600015453125 0.323667353125 0.6613444281249999 0.3292706546875 0.6688354984375 0.3374794203125 0.6701192953125 0.35344575625 0.673137915625 0.356163325 0.6729160140625 0.3618226828125 0.6754130390624999 0.3645589375 0.694797059375 0.3572712421875 0.6967206265625 0.352492828125 0.695078046875 0.3412488515625 0.69697568125 0.3327037609375 0.6941271 0.3167934796875 0.6811981828125 0.314430921875 0.6805324828125 0.3314089953125 0.6757012484375 0.3306401609375
0 0.1722884640625 0.735795184375 0.19131370625 0.7332298484375 0.19644463437499998 0.7396393578125 0.1999257609375 0.752701275 0.2119224375 0.752271521875 0.2238859609375 0.7659714796875 0.2350613484375 0.759919740625 0.241875234375 0.745547128125 0.2470724734375 0.7236972171875 0.242906940625 0.705950309375 0.2564165390625 0.6979311484374999 0.257407865625 0.6903604249999999 0.2536529765625 0.6754245109375 0.254122709375 0.667872471875 0.26697383124999996 0.6589349999999999 0.2712906953125 0.6418261328125 0.259660021875 0.6196371375 0.2455510328125 0.616374953125 0.2344865953125 0.6195970125 0.2312533015625 0.6046424140625 0.22730244375000003 0.599132534375 0.22211242812499998 0.603086059375 0.2112439578125 0.596882084375 0.20896883437499997 0.5884864734375 0.19985389375 0.590696796875 0.19409042031249998 0.587135653125 0.192277803125 0.5890843890624999 0.19362068906250002 0.594687690625 0.19029515156250001 0.604225834375 0.19017697656250002 0.6249519 0.18789462968749998 0.634452675 0.1754873078125 0.6320714328125 0.170323225 0.6397916343750001 0.1712813953125 0.6463506203125 0.184373125 0.6534168515625 0.18914527187500002 0.6645487218749999 0.1979532953125 0.6745941109375 0.20563310937499998 0.6912732265625 0.2101833578125 0.7080644515625 0.2063362234375 0.7176212796875 0.18611220625 0.6976239234375 0.1713706734375 0.697210103125 0.16845578125 0.7095592390625 0.16955083437500001 0.717055221875 0.16790103125 0.723707634375 0.1700392734375 0.7311662484375 0.1722884640625 0.735795184375
0 0.214454284375 0.5327177843750001 0.208313321875 0.5122159374999999 0.20307144375 0.5086361078125 0.197744546875 0.5116526359375 0.1936568078125 0.5052057578125 0.19226205937500002 0.4920691 0.20097358281250002 0.4691513984375 0.19419285 0.4693943 0.1933124734375 0.474135346875 0.1881224578125 0.4780888703125 0.18391654531249998 0.49236805781250004 0.175245403125 0.483259665625 0.1737656390625 0.4767193640625 0.1668220953125 0.47225859375 0.1636406640625 0.464837346875 0.158287834375 0.4640871984375 0.15315690625 0.4576776921875 0.147830009375 0.46069422031249996 0.1498241453125 0.48511222343749993 0.14114578125 0.49390021562499997 0.1410016734375 0.5108596046875 0.129500659375 0.5075039921875 0.1208035875 0.49462892500000005 0.11162956093750001 0.50720228125 0.1093990765625 0.5242364078125 0.112110775 0.5392096921875 0.1314284859375 0.5601814171874999 0.136448465625 0.569420603125 0.149950840625 0.5792978296875 0.1541754609375 0.5866817046875 0.15474891875000002 0.5941963734375 0.1622659203125 0.606171815625 0.1778287421875 0.6122076234375 0.188593484375 0.6033448921875 0.2009374609375 0.5586333296875 0.21252349375000001 0.5553925859375 0.2211759296875 0.5428379140625 0.22021775781250003 0.536278928125 0.214454284375 0.5327177843750001
0 0.0466448984375 0.521774915625 0.05537512812499999 0.520520275 0.08021866875 0.4536972125 0.0851162140625 0.426206628125 0.069612478125 0.40980778593749995 0.0617626265625 0.40632138125 0.059232446875 0.4177148375 0.050750051562499995 0.417076796875 0.0439952515625 0.4210863734375 0.0360344484375 0.4204296515625 0.024422379687500002 0.41212765781250005 0.0257310875 0.43421210156249995 0.028066421875000004 0.4376693109375 0.0405702484375 0.47301365000000006 0.038920446875 0.47966605937500006 0.0325503578125 0.48271995468749995 0.028532453125000003 0.4814851359375 0.028791353125000002 0.48585408125 0.0301051984375 0.4875170546875 0.0333457171875 0.4845752671875 0.03906668125 0.49143458906250004 0.041573059375 0.505002375 0.0394535234375 0.5192068234375 0.0466448984375 0.521774915625
0 0.2053121171875 0.3983533703125 0.202189771875 0.3805690921875 0.2095252515625 0.3661777953125 0.1920129328125 0.361153721875 0.17880302812499999 0.3748135546875 0.171226940625 0.37320114531250004 0.16623289375 0.3677286375 0.1581611421875 0.369901590625 0.15637445625 0.375617003125 0.15862364843750001 0.38024593906250004 0.1545805484375 0.39922880312500003 0.1455246953125 0.39107609375 0.1391805390625 0.397896665625 0.140275590625 0.40539265 0.15034148125 0.4276377 0.16486111406249998 0.43371087968750005 0.17419073125 0.4437375875 0.18082735625 0.4604540703125 0.18763401875000002 0.4639778453125 0.1954060765625 0.45616421875 0.1987316125 0.446626075 0.1984319171875 0.4409854015625 0.1948657734375 0.43451983906249997 0.1946770296875 0.4260494890625 0.19866104375 0.4174296578125 0.204894246875 0.4134387640625 0.2053121171875 0.3983533703125
0 0.8847829265625 0.3118475078125 0.8678109078125 0.32846781406250003 0.8688800296875 0.3321971203125 0.8815870453124999 0.3402190359375 0.8849053609374999 0.348577278125 0.8837180640625 0.3655740375 0.8861041374999999 0.37113997187500003 0.90611348125 0.3789002984375 0.9110297328125 0.373072778125 0.9132602171875 0.3560386484375 0.91159170625 0.34102799687499996 0.9044594187499999 0.3280968734375 0.9056135578125 0.3252298234375 0.9017995828125001 0.32065694218749996 0.8971181953125 0.32270844374999996 0.8847829265625 0.3118475078125
0 0.86836991875 0.3717752546875 0.8632721453125001 0.3512360390625 0.8281395187499999 0.2686653484375 0.8219913328124999 0.2660598875 0.8088405171874999 0.2693566875 0.811252521875 0.278689296875 0.8102611953125001 0.2862600203125 0.8159396484375 0.2964175203125 0.8108202046875 0.32956746406250004 0.8048088999999999 0.32789900156249996 0.8179784265625001 0.3462652640625 0.8186628328125 0.350950253125 0.8139093953125001 0.3614814515625 0.814867565625 0.3680404359375 0.8244968781249999 0.383707815625 0.8292171609375 0.3873063296875 0.8425307921874999 0.388713203125 0.8633354921875 0.39832884218750003 0.86836991875 0.3717752546875
0 0.8427513953125001 0.250245784375 0.840032471875 0.2531688890625 0.8381607703125 0.26548065625 0.8467468921875 0.28118540468750003 0.844653290625 0.29915653125 0.8479456687500001 0.3037480953125 0.8758898828125 0.308398471875 0.8830625515625 0.2893035 0.890723659375 0.284319553125 0.8880638218750001 0.2768796234375 0.8832325890625 0.2761107890625 0.8715874703125 0.28971456562500003 0.86804725625 0.28701568437499997 0.8647030125 0.2748907625 0.850327484375 0.25185819375 0.8427513953125001 0.250245784375
0 0.9340865890625001 0.3119651296875 0.9300579359375 0.29515521875 0.9283375625 0.27261121093749996 0.9149907781250001 0.28533404687499997 0.9113914765625 0.29299819375 0.9123755796875 0.30332385624999997 0.9086653312499999 0.313817684375 0.9081955984375 0.321369721875 0.910555740625 0.3231689796875 0.9327883453125001 0.331791565625 0.9340865890625001 0.3119651296875