0 0.876382171875 0.2664111796875 0.8785661593749999 0.27021555468749997 0.89715405625 0.2738492375 0.9065765593749999 0.27935009375000003 0.913755740625 0.2793462640625 0.9472500953124999 0.2692882453125 0.9592464671875 0.2603752625 0.9590289078125 0.25414077343749997 0.9455548734375 0.25009951875 0.931236065625 0.2512407234375 0.919081471875 0.2556195296875 0.8994114718749999 0.2503670484375 0.8850728875 0.2509414828125 0.8770489390625 0.2561277734375 0.876382171875 0.2664111796875
0 0.7772069625 0.2623801125 0.7691830140625 0.2675664015625 0.770581565625 0.2782535515625 0.782993271875 0.28124278125 0.8064576921875 0.2776676265625 0.8188298453125 0.279523309375 0.8331090937500001 0.2772485609375 0.8558219453125 0.252136078125 0.8554857203124999 0.24250095625 0.847145321875 0.2386188984375 0.8287947640625 0.2417864796875 0.8157360640625001 0.24964743281250001 0.8148814078125 0.2545465078125 0.8048020250000001 0.25961244375 0.78936155625 0.258001303125 0.7772069625 0.2623801125
0 0.6844106984375 0.3070971 0.693338753125 0.2984286640625 0.7246095625 0.28343272812500003 0.7294860843750001 0.27622389062499997 0.7282853109375 0.271204459375 0.72199045625 0.267159375 0.7106608546875 0.265788946875 0.6762228359375 0.2781955671875 0.6533517609375 0.2987738765625 0.6557928656249999 0.30994628281250003 0.66920756875 0.312287221875 0.6844106984375 0.3070971
0 0.5570460984375 0.38808409843749997 0.5725063453125 0.390262009375 0.582674728125 0.387746546875 0.60562491875 0.3694353265625 0.606291684375 0.3591519203125 0.5933261921875 0.3402930796875 0.5829995859375 0.33827436875 0.5707461015625 0.33981931875 0.563863590625 0.348324725 0.5610057875 0.36929719687499996 0.5536415578125 0.37869352031250003 0.5570460984375 0.38808409843749997
0 0.71891193125 0.384674275 0.7279586546875 0.37940646718750004 0.7273949828124999 0.3632534703125 0.735151928125 0.3504157578125 0.734795921875 0.340213865625 0.725393196875 0.335279778125 0.7110941687500001 0.33698775625 0.6943003890624999 0.3553766625 0.6925910703125 0.36517481093750004 0.697295278125 0.3824186796875 0.7066386703124999 0.3856524484375 0.71891193125 0.384674275
0 0.820140878125 0.3464839 0.836623896875 0.348580296875 0.8509031468750001 0.3463055484375 0.859890534375 0.3393374234375 0.8585710921875 0.33091736250000003 0.8502504703125 0.3276020765625 0.8072742765625 0.3304589203125 0.7913450421875 0.3442321359375 0.7986626703125 0.34819570781250003 0.7957525796875 0.352974428125 0.8081049515625001 0.35426333906249996 0.820140878125 0.3464839
0 0.9491090203124999 0.33904690937500004 0.9436984890625 0.3309529046875 0.9589016203125 0.325762784375 0.9648404703125 0.3196059765625 0.9719800953125001 0.318468603125 0.97469240625 0.3080221671875 0.971505421875 0.304866078125 0.9621818078125 0.302199078125 0.9540194124999999 0.3034179671875 0.9167899734375 0.3240039375 0.9169143265624999 0.3569582171875 0.9313122437500001 0.3580841015625 0.946456040625 0.3511936625 0.9491090203124999 0.33904690937500004
0 0.9482303765625 0.3726494765625 0.9350332343750001 0.376543028125 0.9237036312500001 0.3751726015625 0.908401609375 0.3775288625 0.8913309375 0.3879829640625 0.8915089390625001 0.3930839078125 0.8976851281249999 0.393728365625 0.9029769890624999 0.3984217375 0.9173749062500001 0.3995476203125 0.9306313828125001 0.3973543859375 0.9575003453125 0.403169809375 0.9749072406250001 0.40235083281249995 0.9851039140625 0.3996371640625 0.9826552578125 0.37354259375 0.9690418187500001 0.38122107656250004 0.9608003093749999 0.380172878125 0.9544263421875 0.37386070312499997 0.9482303765625 0.3726494765625
0 0.7915541937499999 0.40900715312499997 0.8079580999999999 0.40883646249999994 0.8333098359375001 0.40056410624999994 0.852801834375 0.4007156421875 0.8700702874999999 0.39592926093749997 0.8760091390625 0.38977245625 0.8736471484375 0.38086713437499997 0.8571443515625001 0.3782039671875 0.826382084375 0.378382321875 0.8071669796875 0.3861655890625 0.7908817421875 0.3897369109375 0.7849626703125 0.3964604921875 0.78527911875 0.4055288390625 0.7915541937499999 0.40900715312499997
0 0.674054103125 0.42178197187500005 0.68546281875 0.42541948593749995 0.712015328125 0.4221665609375 0.724347925 0.4228887 0.75768405625 0.40829650624999997 0.7615773640625 0.402302728125 0.75927470625 0.39509772656250003 0.7540619562499999 0.3926714390625 0.7376976078124999 0.3939756734375 0.7165358484375 0.40475583281249994 0.7010756015624999 0.402577921875 0.668386459375 0.4063199359375 0.6645722640625 0.41458079999999997 0.674054103125 0.42178197187500005
0 0.558641553125 0.43380444687499997 0.5649166296875 0.4372827609375 0.5731581390625 0.4383309625 0.5894038203124999 0.43362609531249996 0.5973288812499999 0.42560594375000005 0.6145182218749999 0.418552475 0.6163066500000001 0.41102141249999996 0.608514353125 0.39345531718750004 0.59802951875 0.38690243125 0.5837107125000001 0.3880436359375 0.577672971875 0.39136658125 0.5737598859374999 0.3967935890625 0.5753364421875 0.412581684375 0.5583448828125 0.42530287031249997 0.558641553125 0.43380444687499997
0 0.470796159375 0.41466169218750004 0.451561275 0.42187818750000006 0.44255410937499995 0.428279540625 0.43984179687499997 0.4387259765625 0.44312767031250005 0.44471592187500003 0.4514878515625 0.44916475 0.46991751718749997 0.44826425781249996 0.4790235765625 0.4446967671875 0.5089608515624999 0.450267646875 0.523180765625 0.44629258125 0.5321879328125 0.43989122968750005 0.5282889390625 0.416331359375 0.5208922031250001 0.4101007 0.4993744359375 0.410678965625 0.4953426828125 0.4127053390625 0.48399330156250003 0.4107681421875 0.48586084375 0.4055041640625 0.4715222625 0.40607859843750005 0.470796159375 0.41466169218750004
0 0.461172325 0.3791146734375 0.46738806874999994 0.3808926734375 0.520295309375 0.36871910625000004 0.521945296875 0.3572206375 0.5074682640625 0.35382766875 0.47887021093750004 0.35724362187500003 0.47355857031250004 0.3519834796875 0.4642349546875 0.3493164796875 0.4468676125 0.3512690015625 0.44088920624999994 0.356292265625 0.461172325 0.3791146734375
0 0.28409399999999996 0.32534370468749996 0.265941221875 0.3341790046875 0.26316957812499997 0.342925125 0.266396115625 0.34721475625 0.2746969578125 0.3499632703125 0.2931068515625 0.34849600625 0.306244659375 0.3429021390625 0.3101577453125 0.337475134375 0.3318337359375 0.34143104687500003 0.34103868125000003 0.3406974125 0.354176490625 0.33510354531250003 0.35490259062499996 0.3265204546875 0.345460309375 0.320452825 0.324905984375 0.3192492578125 0.31750924375 0.31301860000000004 0.3092281796875 0.3108368578125 0.3000232328125 0.311570490625 0.2909171765625 0.3151379828125 0.28409399999999996 0.32534370468749996
0 0.3002851328125 0.37785708906250004 0.2994996953125 0.384739865625 0.30378856249999997 0.390081525 0.32782654375 0.40294275625 0.34312856406250003 0.400586490625 0.3504066359375 0.40341651875 0.36887586250000004 0.40364957187500006 0.38093156562499997 0.3964369046875 0.3785497953125 0.3869648125 0.3650559828125 0.382356784375 0.3508162890625 0.3857650765625 0.3425747796875 0.3847168796875 0.33608214531249997 0.3750040765625 0.32365065937500004 0.371448075 0.310354625 0.3725077671875 0.3002851328125 0.37785708906250004
0 0.31499769375 0.4467811484375 0.3280027453125 0.46677353125 0.3539676 0.47607109843749995 0.363212103125 0.4764710109375 0.37534691875 0.47152543125 0.37501069375 0.46189030937500003 0.370721825 0.4565486515625 0.36033588125 0.45282962343750005 0.34652561875 0.43915324843750003 0.33305158437500004 0.435111990625 0.32282386406249997 0.43592713749999995 0.31481969374999996 0.44168020312499995 0.31499769375 0.4467811484375
0 0.45758219999999994 0.5356362953125 0.472844665625 0.5321464875 0.47778052187500003 0.52663796875 0.47844728906249995 0.5163545609375 0.4720337671875 0.5089088421875 0.48182636875 0.495624715625 0.4814505875 0.48485605156249995 0.471005309375 0.479436709375 0.44956665781250005 0.48228206093750003 0.4428028171875 0.49418809843749995 0.4258508109375 0.508042828125 0.42815347031249995 0.5152478328125001 0.44412794218749996 0.5321618124999999 0.45758219999999994 0.5356362953125
0 0.5714799687500001 0.50780318125 0.5760259515625 0.5205128734375 0.5893813203125 0.5211534999999999 0.6025389078125001 0.51612640625 0.6123315109374999 0.5028422781249999 0.623364440625 0.49571112812499996 0.6230282125 0.48607600624999997 0.6095344015624999 0.481467978125 0.597789459375 0.46819534375 0.5823885484375 0.4677177484375 0.5702339546874999 0.47209655625 0.56864330625 0.4852953390625 0.5772012625 0.49541188593749996 0.5714799687500001 0.50780318125
0 0.6765021671875 0.471391209375 0.6777481828125 0.5070978328125 0.7116776546875 0.50950879375 0.7515262015624999 0.5051961796875 0.752780625 0.4823622765625 0.743945775 0.4643109234375 0.745773759375 0.45791340468749997 0.729310521875 0.4563837796875 0.7160342640625 0.45801024218749997 0.70490244375 0.4623075359375 0.7039785609375 0.465222909375 0.6765021671875 0.471391209375
0 0.833051278125 0.49017342812500003 0.8413718984375 0.49348871250000004 0.852642165625 0.4931588234375 0.8647374250000001 0.48707969999999995 0.869574390625 0.4787373203125 0.8706705906250001 0.45136924531249994 0.8614458656249999 0.45153610468750005 0.84877704375 0.4411788453125 0.8363851140625 0.43875639062499994 0.82212564375 0.4415979109375 0.816147234375 0.4466211734375 0.8164636843749999 0.455689521875 0.8189838984375 0.46912901875 0.8262026390624999 0.47025872968750004 0.833051278125 0.49017342812500003
0 0.93870185 0.4317384671875 0.9318391203124999 0.440810646875 0.932511571875 0.4600808890625 0.93786276875 0.466474578125 0.9587335421875001 0.4767464921875 0.9750978921875 0.47544225781250005 0.98430475625 0.47045519531249996 0.9845002921875 0.4638558890625 0.983847940625 0.461672871875 0.9845768609375 0.46127170156249997 0.98579715625 0.420086721875 0.9374615203125 0.42558549218749997 0.93870185 0.4317384671875
0 0.9370388265624999 0.519396621875 0.9356064 0.537129578125 0.9377903890624999 0.5409339484375 0.9491793265625 0.544004690625 0.95940704375 0.54318954375 0.96847354375 0.538488509375 0.9712254140625 0.5291756171875 0.962608121875 0.517358753125 0.9830603890624999 0.5124526359375 0.9835225 0.4968563875 0.9511664421875 0.5019607671874999 0.9370388265624999 0.519396621875
0 0.7876943625 0.5307309921875001 0.785080940625 0.5440112890625 0.7976706515624999 0.552101459375 0.8643090453125 0.55133718125 0.8764240828125001 0.5458248296875 0.8887368984374999 0.5459801984375 0.8890476625 0.5254948984375 0.87657661875 0.52080535625 0.8763788421875001 0.5151376375 0.8355470796875 0.5206653109375 0.8313373234375 0.5175907390625001 0.809898671875 0.5204360921875 0.8029963828125 0.5283747265625001 0.7876943625 0.5307309921875001
0 0.68228875 0.566795003125 0.6925362453125 0.566546628125 0.7178088687499999 0.5560071828125001 0.7424147265625 0.5557511468749999 0.7534674375 0.5491867671875 0.7531312109375 0.5395516484375 0.741682940625 0.5347805890624999 0.7264006968750001 0.5377036265624999 0.706928478125 0.538118859375 0.6937115546875 0.5414456375000001 0.6767002140625 0.553600053125 0.6770562203125 0.563801946875 0.68228875 0.566795003125
0 0.562525553125 0.5734983625 0.57401338125 0.5794029609375 0.590199728125 0.5729977796875 0.6091577203125 0.5578464765625 0.6178879921875 0.543510321875 0.6176111015625 0.5355755171875 0.6040777312500001 0.5298339453125 0.5928667984375 0.53186415 0.584842846875 0.5370504421875 0.5771749015625 0.552438625 0.5650796421875001 0.5585177515625 0.56116655625 0.5639447546875 0.562525553125 0.5734983625
0 0.442458328125 0.5823049671875 0.461871215625 0.5801894171875001 0.46836384999999997 0.5899022234375 0.4755825890625 0.591031934375 0.512263928125 0.5841300046875 0.519007990625 0.57165719375 0.5191605312500001 0.5466377171875 0.5148123296875 0.539595740625 0.47390145468749995 0.5428563296875 0.4781112109375 0.545930903125 0.4650920703125 0.5549253984375 0.43663246093749997 0.5623087531250001 0.4400567796875 0.572266103125 0.43712691093749995 0.5764780515625 0.442458328125 0.5823049671875
0 0.31501477499999997 0.5932249125 0.3191256390625 0.5934656265625 0.3230782828125 0.5891721640625 0.336295203125 0.5858453859375 0.349828571875 0.5915869578125 0.3671365796875 0.5879341203124999 0.372092215625 0.582992371875 0.37043654843749996 0.5649371875 0.3681536671875 0.5582989578124999 0.3598330453125 0.55498366875 0.3444321359375 0.5545060734375 0.3353260796875 0.5580735671875 0.330667115625 0.5715168921875 0.3206965109375 0.5797000734375 0.31501477499999997 0.5932249125
0 0.469642690625 0.6451244390624999 0.472809896875 0.6477137578125001 0.494327659375 0.647135490625 0.501388175 0.64373103125 0.5051034796875 0.632636309375 0.5008541656250001 0.628428190625 0.47549674687500004 0.6071468999999999 0.464028696875 0.6018090703125 0.4344869828125 0.607573628125 0.41328566875000006 0.6172202390625 0.412638678125 0.6280704203125 0.42223918437499997 0.638672225 0.469642690625 0.6451244390624999
0 0.5847214578125 0.6217439875 0.59298274375 0.6233589562499999 0.5963081734375 0.6304824484375 0.6077168875 0.6341199609375 0.628152546875 0.6319228953125 0.635133946875 0.626251346875 0.6338738390625 0.619531596875 0.604583553125 0.603110540625 0.5626499078125 0.6064526421875 0.5545468453125 0.609371846875 0.54965054375 0.616013909375 0.555080853125 0.6246746859375001 0.5695183265625 0.6269341109375001 0.5847214578125 0.6217439875
0 0.7036992140625 0.62192340625 0.7180575734375 0.6219157453124999 0.7187836765625 0.613332653125 0.7310767171875 0.6129212468749999 0.744273859375 0.6090276984375 0.7542246875 0.600277746875 0.753083246875 0.5969586312499999 0.7477913875 0.5922652578125 0.7230866359375 0.589687434375 0.6965934593750001 0.5946406765625001 0.6725018328125 0.609632778125 0.669809296875 0.6206459875 0.683382225 0.627521103125 0.7036992140625 0.62192340625
0 0.7902590375 0.6042259953125 0.7946467953125 0.6124015140625 0.8080614953125 0.6147424531250001 0.8233832968750001 0.612952959375 0.8546400125 0.6269439046875 0.8709648078125 0.624506125 0.8758215515625001 0.6167305187500001 0.8746010015625 0.6111443140625 0.8640963875000001 0.60402465625 0.856541425 0.593259825 0.849302909375 0.5915633390624999 0.837069203125 0.5936750578125001 0.8042613953125001 0.5940164390625 0.793169128125 0.599447275 0.7902590375 0.6042259953125
0 0.9452456828125 0.5782332390625 0.9277992265625 0.577918675 0.9156644109375 0.582864253125 0.9128927656249999 0.591610375 0.921292496875 0.597192746875 0.9295537875000001 0.5988077171875 0.9624011515625 0.5995998796875 0.9805986515624999 0.5955362562500001 0.9811696062499999 0.5762665250000001 0.9514811999999999 0.5805780109375 0.9452456828125 0.5782332390625
0 0.9231516328125 0.6504692984375 0.9057645125 0.6518550484375 0.892414828125 0.6807680734375 0.8879734234375001 0.7004458875 0.9064822046875 0.701812484375 0.9262284749999999 0.6945552312500001 0.97796614375 0.68438336875 0.9780326546874999 0.6821386406250001 0.9722305859375 0.6755434703125001 0.977304890625 0.67400235625 0.9783249187499999 0.672274746875 0.9792371984375 0.6414852984375 0.9525944578125 0.6418708828125 0.9231516328125 0.6504692984375
0 0.83228885 0.691811928125 0.8377389359375 0.701039475 0.86025969375 0.699812925 0.8642518906250001 0.6966530078125001 0.8679671953125 0.6855582828125 0.866449971875 0.671470503125 0.85572780625 0.6581163546875 0.845322084375 0.6538305531249999 0.836057803125 0.652863871875 0.8218576640625 0.6574057078125 0.8192640250000001 0.6712527749999999 0.8338794999999999 0.6786131484375 0.83228885 0.691811928125
0 0.572538678125 0.68409655 0.5798958609375 0.68919366875 0.5850294984375 0.6893528625 0.601888296875 0.702217925 0.6131981203125 0.7030215796875 0.6223437359374999 0.70058763125 0.62625681875 0.695160628125 0.624996709375 0.688440878125 0.6122092203125 0.6746829859375 0.5998964015625 0.6745276203125 0.582271946875 0.6691121078125 0.57312633125 0.6715460546875 0.57224200625 0.6755949734375 0.576431984375 0.6781027734375 0.572538678125 0.68409655
0 0.4421381125 0.709266496875 0.464698428125 0.7091734875 0.4635569890625 0.7058543734375 0.48658629062500003 0.6898102390624999 0.49283590468750005 0.6631681328125001 0.48447572499999997 0.658719303125 0.471179690625 0.6597789953125 0.46010720625 0.6657766031250001 0.45110226718749996 0.6820289515625 0.43651002656250004 0.6949380015625 0.43574436875 0.7023875515625 0.4421381125 0.709266496875
0 0.297342353125 0.6452163843750001 0.3019476703125 0.6596263921875 0.30041635312500004 0.6745254921875 0.313692609375 0.672899028125 0.317862809375 0.67484005625 0.3433727703125 0.6711018734375 0.3430761 0.6626002953125 0.3566828984375 0.64105530625 0.35738922031250003 0.631905440625 0.34293196875 0.62907924375 0.3364986671875 0.6210667546875001 0.3240671828125 0.6175107546875 0.315865228125 0.6175961015625 0.3027076421875 0.6226231953125 0.3013543296875 0.6426232390625 0.297342353125 0.6452163843750001
0 0.23310145312500002 0.693817275 0.2253741703125 0.70750514375 0.2312000375 0.72750135625 0.228369059375 0.734547159375 0.2193223359375 0.7398149671875001 0.2340367015625 0.7500091984374999 0.2504999421875 0.7515388234375 0.3043706234375 0.737583425 0.3072609359375 0.7322379328124999 0.2999630859375 0.728841134375 0.3005309640625 0.7157238687499999 0.31429598593749997 0.6987130515625 0.310772775 0.6859218453125 0.2818384953125 0.679702678125 0.27694219375 0.686344740625 0.2597528515625 0.6933982078125001 0.2568625390625 0.698743696875 0.24152096250000002 0.69996641875 0.23823508906250002 0.693976475 0.23310145312500002 0.693817275
0 0.3240821 0.8020124187500001 0.33842068593749997 0.8014379859374999 0.3485099546875 0.7966554375 0.35615812343750003 0.780700478125 0.354799125 0.7711468734375 0.3245651828125 0.757074415625 0.3122721421875 0.7574858203125 0.301179875 0.76291665625 0.3004735515625 0.7720665203125 0.309955390625 0.7792676937499999 0.315702146875 0.7969968171875 0.3240821 0.8020124187500001
0 0.429446790625 0.7864366406250001 0.4397931796875 0.789022125 0.4550754203125 0.7860990890624999 0.46193815312500003 0.7770269078125 0.46232802812499996 0.75880869375 0.4529846375 0.7555749265625 0.4476532171875 0.7497480078125001 0.4393523765625 0.746999496875 0.42499401406250004 0.7470071578125 0.41496407656249995 0.7534900234374999 0.4162835171875 0.7619100828125001 0.4299355546875 0.7710522890625 0.427065021875 0.7769645515625 0.429446790625 0.7864366406250001
0 0.54437301875 0.7880756625 0.5517499765625 0.79373955 0.557926165625 0.7943840046874999 0.5721856359374999 0.7915424843750001 0.5810741359375 0.7817405 0.580362125 0.7613367156249999 0.5696992890625 0.74968288125 0.559293571875 0.745397084375 0.5480233046875 0.7457269734375 0.5399004625 0.7480794046875 0.5349646046875 0.753587928125 0.5363236046875001 0.7631415328125 0.5448024484375 0.7709909921875 0.54437301875 0.7880756625
0 0.1652777921875 0.854829703125 0.15005488125 0.859453053125 0.14411603125 0.865609859375 0.14543547343750002 0.874029921875 0.1528519890625 0.8808273546875001 0.16829245625 0.882438490625 0.19032445 0.89659629375 0.20676791093750002 0.8975591453125 0.2189027265625 0.8926135671875001 0.22814723125 0.89301348125 0.23813761093750002 0.8853970703125 0.2493683234375 0.8839336390625 0.2533803 0.881340490625 0.252727625 0.8626370234375 0.247964084375 0.8436928390625 0.2113223015625 0.8517283140625 0.20103525000000003 0.85084314375 0.189903428125 0.8551404359375001 0.1793394828125 0.8463204624999999 0.1701345359375 0.84705409375 0.1652777921875 0.854829703125
0 0.1796384375 0.8425728187500001 0.1876426109375 0.8368197515625001 0.21008425625 0.833326115625 0.21509922499999998 0.8300846843749999 0.22745160000000003 0.8313735937500001 0.2447200546875 0.8265872140624999 0.2507182375 0.8221307234375 0.247491696875 0.8178410921875001 0.2512663375 0.8084466859375 0.2603130578125 0.80317888125 0.25989771875 0.7912766703125 0.24748601250000002 0.78828744375 0.2055523671875 0.791629546875 0.18334805781250002 0.8019244437499999 0.1723151265625 0.8090555953124999 0.17046736406250002 0.814886346875 0.1721625875 0.834075071875 0.1796384375 0.8425728187500001
0 0.2795498359375 0.8701106328125 0.289817109375 0.8704290312499999 0.3326153015625 0.8624712390625 0.347191221875 0.8686980671875 0.363575346875 0.8679606046874999 0.3756706078125 0.8618814796875001 0.376357153125 0.8521648453124999 0.3679178640625 0.84544893125 0.346123209375 0.8380923859375 0.2951032859375 0.8455687515625 0.279563928125 0.841123753125 0.2745687390625 0.844931959375 0.2741195265625 0.8614498562499999 0.2795498359375 0.8701106328125
0 0.4293367359375 0.8714549484375 0.4345890375 0.8750147765625 0.460158334375 0.8729769109375001 0.4800599859375 0.8554770046875 0.4839928484375 0.850616771875 0.48215917812500003 0.8274606421874999 0.471674346875 0.8209077562499999 0.45737531875000004 0.822615734375 0.44734538125 0.829098596875 0.4435707421875 0.8384930046875001 0.44685661718749997 0.8444829515625001 0.42909939843749995 0.8646536859375 0.4293367359375 0.8714549484375