0 0.038194465625 0.29965253125 0.054730821875 0.32204876250000003 0.061668926562500004 0.338823765625 0.09046368437499999 0.3556874484375 0.0956665171875 0.3478315796875 0.10925844843750002 0.3506668359375 0.11362918281250001 0.3343348765625 0.12089104218749999 0.3318048734375 0.127480709375 0.338075825 0.135144309375 0.351808890625 0.15051789843750002 0.3571446484375 0.1629717390625 0.372728490625 0.1687826109375 0.376282365625 0.17402097968750002 0.372265840625 0.1838788328125 0.3787927625 0.2049744515625 0.37808403749999997 0.2055578046875 0.3596847234375 0.2107606390625 0.35182885625 0.2062763828125 0.3287534015625 0.20136176562500002 0.3134649203125 0.1907961890625 0.31189961093749996 0.17834234531249998 0.29631576875 0.166254709375 0.29315565 0.1573997203125 0.2864121546875 0.1489395546875 0.2680423421875 0.143110915625 0.2625687953125 0.13209029375 0.2389814046875 0.1320014546875 0.2293830453125 0.1397647453125 0.22674475468750002 0.14554008125 0.2264592875 0.1496048296875 0.23135200312499998 0.1830299171875 0.23278941875 0.179601825 0.215256403125 0.1721978265625 0.20242903281250002 0.165625925 0.198077753125 0.15765633750000002 0.205569365625 0.12094529843749999 0.201956309375 0.076015925 0.1789594625 0.071556353125 0.1856930640625 0.0695575484375 0.2140155984375 0.06470315 0.23237551875 0.0586859828125 0.23367496718749997 0.0505456359375 0.249859246875 0.0486642875 0.263730096875 0.044204715625 0.2704636984375 0.0459863734375 0.2729642 0.0447772171875 0.2780340984375 0.037550892187500004 0.28440344375 0.0217291765625 0.2849349875 0.0211740578125 0.28584978437499997 0.022811090625 0.307949715625 0.026643792187499998 0.30022346718750004 0.038194465625 0.29965253125
0 0.2688227875 0.0416759984375 0.20865111718749998 0.054670479687499995 0.20675891875 0.09451104375 0.20212858437499998 0.1099373109375 0.1926191703125 0.11391444218749999 0.186413475 0.12198688437500001 0.18399516093749999 0.13212668125 0.1785149609375 0.137157184375 0.159353990625 0.1297540734375 0.1563631765625 0.13232346875 0.1561924140625 0.1410161359375 0.1593076046875 0.1518844421875 0.16819813125 0.16246728125 0.1758972640625 0.1800396875 0.186014715625 0.18747229999999998 0.2073877015625 0.18958893906250002 0.2206134265625 0.1800004734375 0.2249841609375 0.1636685140625 0.24053542343749998 0.188200990625 0.2553720453125 0.18980569375 0.265265434375 0.2001719578125 0.272409834375 0.2120936375 0.2895117765625 0.21417088281250002 0.29569970625 0.2041787671875 0.321183828125 0.1890577546875 0.32855229375 0.19804578281250002 0.337748803125 0.18740394375 0.34637973125 0.197081090625 0.35189546875 0.19588992968750002 0.3540541828125 0.1848444421875 0.3463017421875 0.16151301875 0.34657219375000003 0.1364489984375 0.3548546828125 0.13562209375 0.365213965625 0.142040725 0.3661279875 0.1322257921875 0.3632368625 0.11842383281249999 0.3684752328125 0.11440730937500002 0.36715946875 0.107959175 0.36055203125 0.099768553125 0.350836321875 0.10859900781250001 0.34473031718749997 0.10030009687500001 0.342223165625 0.1008415328125 0.336536665625 0.1107253609375 0.3307790984375 0.1129305015625 0.309594640625 0.10404086562499999 0.304249665625 0.0965393609375 0.3046622578125 0.08683271406250001 0.29803705156250004 0.07672241875 0.29339980468750004 0.064259303125 0.276209021875 0.052583696874999995 0.2688227875 0.0416759984375
0 0.445418378125 0.21565584218749997 0.44507685625000004 0.2330411765625 0.43176920937499996 0.2609206671875 0.4262712421875 0.26403149843749996 0.42456757031250003 0.29709906875000003 0.425865565625 0.3016275296875 0.43928673281249997 0.313155453125 0.44165866249999997 0.325146028125 0.438980746875 0.33438013125 0.443635765625 0.34876291875 0.45122829375 0.35481729687499997 0.47533250000000005 0.353458846875 0.48641727343749996 0.356835540625 0.4890951875 0.3476014375 0.4968229421875 0.3411238046875 0.4929822578125 0.3332974375 0.491630959375 0.323009959375 0.50918103125 0.319219903125 0.522029696875 0.3231774265625 0.5326663453125 0.332421425 0.5466422484375 0.3496000765625 0.5525419578124999 0.36275231093750004 0.5555683078125 0.36402225781249997 0.55928461875 0.35841092343750003 0.5584525171875 0.34993483125 0.5543877703125 0.3450421140625 0.55077115 0.33428209531249997 0.5429367890625 0.3292416984375 0.537538509375 0.3159811765625 0.54571439375 0.303636240625 0.5542387125 0.30179535625 0.5554123343749999 0.2928861140625 0.551465046875 0.273541715625 0.54333555 0.2637562828125 0.53477569375 0.2617578234375 0.5325636765625 0.26704429531249996 0.5263046765625 0.26935772343750003 0.51572133125 0.2658727421875 0.5045832515625001 0.2567370328125 0.49101994375 0.2298517359375 0.48574603749999995 0.230028915625 0.46640739218749994 0.2034290859375 0.455322615625 0.20005239375 0.4462968671875 0.202001565625 0.4430819875 0.20750461250000002 0.445418378125 0.21565584218749997
0 0.31115839843750004 0.39372213125 0.3052300703125 0.40461993749999997 0.3091062875 0.41628564843750004 0.309973925 0.428601084375 0.31934811406249997 0.43715596406249996 0.32766613906250003 0.44016840312500005 0.33275151406250003 0.446764215625 0.3350523703125 0.45107610156250005 0.3341561171875 0.46281070625 0.339035196875 0.47425984374999997 0.3525738234375 0.47133608593750004 0.36467922812500003 0.47641587812499997 0.37110898593749997 0.4654097828125 0.3977381109375 0.46542957031250004 0.3981329359375 0.45380325 0.395778775 0.44373235 0.40099937812500003 0.43779615312500003 0.4050285890625 0.4388495265625 0.415234878125 0.455880496875 0.41924632187500005 0.4550141984375 0.4256050109375 0.43632941562500005 0.42527434218750004 0.4277450375 0.42394081093749997 0.4193772328125 0.41601761093749995 0.4047384765625 0.40966977499999996 0.3974535453125 0.39991852968749997 0.40244465625 0.3926033671875 0.3992156421875 0.3661558546875 0.3645334765625 0.36309396718750003 0.3594241859375 0.364562725 0.3552599796875 0.3103124671875 0.32946726875 0.301546315625 0.33232213437499997 0.2976414765625 0.3447064640625 0.30162430156250003 0.36789020625 0.311812821875 0.3830015046875 0.31115839843750004 0.39372213125
0 0.617333109375 0.3603012734375 0.6169205171875001 0.3700079203125 0.6229909874999999 0.3744674875 0.6243778234375 0.38859430625 0.6144202812499999 0.398438740625 0.612019734375 0.41049820937500003 0.6162266234375 0.43074830000000003 0.6239079921874999 0.4464010359375 0.6284564015625 0.44926579375 0.6299429265625001 0.44702125937500004 0.6476529046875 0.4605082484375 0.66670726875 0.45639332968749996 0.665804096875 0.4402385515625 0.6587949203125001 0.4157848609375 0.6734716328125 0.40011251718749996 0.684072746875 0.40551717031249995 0.7066618078125 0.430453296875 0.712607903125 0.4214751609375 0.6989912890625 0.388830846875 0.6803317515625 0.3813194484375 0.6700257749999999 0.38065983281250004 0.6568109 0.364278584375 0.65525330625 0.35884443125 0.6579845234375 0.3553693421875 0.6551289328125 0.345406728125 0.6573409515625 0.34012025625 0.6338556375 0.3269187359375 0.621060271875 0.3287202265625 0.615114175 0.33769836249999996 0.61376979375 0.35530026875 0.617333109375 0.3603012734375
0 0.6554299125 0.025077509375 0.6446047359375 0.022606507812500003 0.634611659375 0.028611596875 0.632399640625 0.0338980703125 0.632506246875 0.0454161015625 0.634565271875 0.0507419671875 0.6303189125 0.080511628125 0.6211046328125 0.0892337953125 0.6260547828125 0.1083616203125 0.64158828125 0.1309744265625 0.6401550578124999 0.138977975 0.633689765625 0.146144725 0.6219150296875 0.14964931406249998 0.6217265015625 0.15642230937499998 0.6175087609375 0.16214193125 0.6208480140625 0.1700765859375 0.6302044343750001 0.17671179374999998 0.6419969375 0.17512687656249998 0.6514885828125 0.16923007343750002 0.6638535875 0.17521555625000002 0.66956476875 0.1951407859375 0.6768976984374999 0.2002894703125 0.6820186109375 0.21072462656250002 0.6841664734374999 0.225648853125 0.692260434375 0.23159494375 0.7007206 0.24996475468749998 0.7037647203125 0.2531543734375 0.7140529296875 0.25189432031250003 0.7224242578125 0.260665775 0.72382194375 0.24882288125000002 0.7277978515625 0.2441172390625 0.7330717578125 0.2439400578125 0.7386407968750001 0.24850791249999998 0.7405754484375 0.2403960765625 0.7398963421875 0.22130764531249997 0.7423857265625 0.21884653593749998 0.748214365625 0.224320084375 0.7513759421875 0.213058021875 0.7470160609375001 0.20342026875000002 0.743488278125 0.2022586078125 0.7366212437499999 0.19316229375 0.736550171875 0.18548360625 0.7422011328125 0.171760434375 0.7403484046875 0.1615812453125 0.73628365625 0.156688528125 0.7299891234375 0.1551626140625 0.7194343953125 0.127627590625 0.699046503125 0.1233747046875 0.6872648515625001 0.0989899078125 0.6792528124999999 0.07475279375 0.657040809375 0.036270678125 0.6554299125 0.025077509375
0 0.48195376718749994 0.41742824062499995 0.47799562656249994 0.4240535546875 0.4797308953125 0.448684425 0.469915496875 0.47388623281250003 0.471992290625 0.4811317703125 0.47080089999999997 0.48812134062499996 0.46352127187500003 0.488731671875 0.45821183281250005 0.485069509375 0.45300899843750003 0.492925378125 0.455829053125 0.4990486484375 0.46694936406250004 0.5062646859375 0.47054821718750006 0.5151050328125 0.4773086453125 0.51268331875 0.4876501609375 0.5171822781250001 0.4916438375 0.5143963078125 0.49283522656249995 0.5074067390625 0.4975899328125 0.5054181734375 0.49627417031250004 0.498970040625 0.50321424375 0.4888154953125 0.5140483046875 0.49224633281249996 0.5187388562499999 0.5104684640625 0.5251044625 0.5196730671875 0.52521106875 0.5311910984375 0.5348626234375 0.542571340625 0.5468969578125 0.53997244375 0.5555742718750001 0.527519221875 0.5572315546875 0.5165820203125 0.5544115 0.51045875 0.5463353078125001 0.5064323328125 0.5429782859375 0.4965780046875 0.5438745421875 0.48484340000000004 0.5474023234375001 0.48600505937499994 0.5495965734375 0.478798915625 0.5480389796875 0.47336476093749996 0.530122703125 0.464731096875 0.520730746875 0.45425654531250004 0.52142070625 0.44737526406250006 0.526139878125 0.4415473546875 0.523561653125 0.434410103125 0.4927434078125 0.4160598984375 0.48195376718749994 0.41742824062499995
0 0.5164123625 0.6119551015625 0.5122479234374999 0.6234337375 0.505935621875 0.61998815 0.49514597968749996 0.6213564921875 0.4893173421875 0.61588294375 0.481294453125 0.6176155421875 0.5179058015625 0.6375999515624999 0.5274152156249999 0.6336228187499999 0.525249584375 0.6167789234375001 0.5291544218750001 0.60439459375 0.54926495 0.605822115625 0.556768640625 0.602278134375 0.5556700234374999 0.5650069656250001 0.5520889390625 0.5580862890625 0.5440838171875 0.5617385578125 0.534001903125 0.558145290625 0.525630575 0.5493738359375 0.5090655984375 0.5510276468749999 0.49619916406250003 0.5451504515625001 0.49218772031249997 0.5460167499999999 0.4887310078125 0.552533775 0.48977632031249996 0.5840459296875 0.49385883750000004 0.59085831875 0.511497746875 0.5966666203125001 0.5158398609375 0.6043847015625 0.5164123625 0.6119551015625
0 0.28448885 0.5793296781249999 0.2738196453125 0.64799481875 0.2661096578125 0.656392125 0.26991480625 0.6603791484375 0.290768596875 0.660684403125 0.296732459375 0.6536259390625 0.2970562140625 0.634320934375 0.30996903593749997 0.6180677609375 0.3180452265625 0.622094178125 0.32598619375000004 0.6386526078125 0.33890593281250003 0.65028881875 0.34687551875 0.64279720625 0.3497774953125 0.6306294515624999 0.3442726109375 0.6058508984375 0.3368508421875 0.5911038546875 0.3420536765625 0.5832479875 0.35256595156250004 0.57905428125 0.34175162812500004 0.5506135671875 0.33512642187499997 0.5405032703125 0.33237743750000004 0.5420586875 0.33075568906249997 0.55683523125 0.3247562890625 0.5600543515624999 0.3022916015625 0.548555928125 0.2879741796875 0.548762609375 0.2815799546875 0.5636080484375 0.2811495953125 0.571395021875 0.28448885 0.5793296781249999
0 0.1940723875 0.445936771875 0.1853950734375 0.458389996875 0.1813836296875 0.4592562953125 0.1899434859375 0.46125475312499997 0.1927457734375 0.46545835156250004 0.201718221875 0.457750165625 0.2110924078125 0.46630504375 0.21170044531249999 0.47771478749999996 0.20476925625 0.48882916875 0.2029589765625 0.5103787078125 0.19694181093750002 0.51167815625 0.19348510000000002 0.5181951828125 0.1983464125 0.527724646875 0.2077028328125 0.53435985625 0.213442634375 0.5302350437500001 0.22150105781249999 0.5323417890625 0.2281262625 0.542452084375 0.2339015984375 0.542166615625 0.24436748437500003 0.5601032781249999 0.250455725 0.56648251875 0.25991183281249997 0.556746371875 0.264076271875 0.545267734375 0.269592009375 0.5440765734374999 0.2698802265625 0.5209322249999999 0.2740802 0.5132929328125 0.2771065515625 0.5145628796875 0.283248090625 0.526701134375 0.292704203125 0.5169649875 0.294137421875 0.5089614390625 0.29128183281250003 0.49899882343749996 0.285695025 0.49251129687499995 0.2779603546875 0.47109954531250003 0.27417297343749997 0.46903219218750003 0.274101903125 0.46135350624999993 0.2705030515625 0.45251315937500003 0.2611821640625 0.44971729531250004 0.260403365625 0.44700021874999996 0.24177936406249997 0.4433281625 0.2094568265625 0.4253028203125 0.1996345125 0.42261524375 0.1943783734375 0.4247120953125 0.1924437234375 0.4328239328125 0.1940723875 0.445936771875
0 0.1006265078125 0.5973465124999999 0.11072619218749999 0.6028594515625 0.1128029859375 0.6101049890625 0.11033136562500001 0.61448576875 0.1156052734375 0.6143085890625 0.12245454062500001 0.62148523125 0.1292327375 0.6209831890624999 0.1431198 0.62856348125 0.1459220875 0.63276708125 0.1543575703125 0.6213278375 0.17047441875 0.6255413296875 0.1783551671875 0.608451359375 0.1910972265625 0.6008908515625 0.202701203125 0.6060789296875 0.1987716796875 0.588654203125 0.204977375 0.580581759375 0.165161996875 0.5401306859375 0.16097287656249998 0.5218002671875 0.12163031093750001 0.505290946875 0.11464581874999999 0.5106463125 0.1177077046875 0.5157556046875 0.1155134546875 0.5229617484375 0.117696853125 0.5417253171875 0.11408715 0.5588546812499999 0.10548090624999999 0.5789865921875 0.0977531515625 0.5854642250000001 0.0973050234375 0.5913315265625 0.1006265078125 0.5973465124999999
0 0.7340588765625 0.459159871875 0.729179796875 0.4477107359375 0.734535621875 0.42924252812499997 0.7292084156249999 0.42366069531250006 0.72571616875 0.426338378125 0.7153746546875001 0.42183941718750007 0.7110680765625 0.41796067968750006 0.7102715109375 0.41332393125 0.69873860625 0.415814540625 0.70932886875 0.44718890624999996 0.7089695796875 0.46265456718750003 0.7128458 0.4743202796875 0.7086991296875 0.48771858906250004 0.7091186375 0.5059013265625001 0.7029484765625 0.5178131125000001 0.7062699640625001 0.523828096875 0.710487703125 0.518108475 0.7167822375 0.519634390625 0.7561741718749999 0.5957618250000001 0.7562097062500001 0.5996011671875 0.763837771875 0.6094948890625 0.7672480968750001 0.62510823125 0.7656085781249999 0.637965103125 0.77825095 0.64677595 0.7807581015625 0.6462345140625 0.7828990499999999 0.633269353125 0.7873586234375 0.626535753125 0.809787775 0.63419483125 0.8140696703125 0.6082645140625 0.80885991875 0.5882309968749999 0.8032731109375 0.5817434703125001 0.799656490625 0.5709834515625001 0.793586021875 0.566523884375 0.7859224203124999 0.5527908203125 0.787266803125 0.5351889109375 0.7763883234375 0.5269588953125 0.776075421875 0.5202941875 0.7833195125 0.5158445140625 0.78200375 0.5093963796875001 0.7673023531250001 0.4952596671875 0.75557400625 0.4766338859375 0.7432090015624999 0.47064840312499995 0.7340588765625 0.459159871875
0 0.6013248921875001 0.5849618734375001 0.6293694703125 0.5750584390625 0.6383419171875 0.5673502515625 0.6466244062500001 0.5665233468750001 0.649373390625 0.5649679296875 0.6554724796875 0.54537745625 0.6607641531249999 0.547119946875 0.6583033859375 0.5255310140625 0.6505400953125 0.5281693046875 0.63743183125 0.5233060875 0.6158811671875 0.5019927296875 0.60073164375 0.49372332031250005 0.5934520156249999 0.49433365 0.589547178125 0.50671798125 0.5965918890624999 0.5350110140625 0.588469309375 0.5531149640625 0.591861865625 0.5668086359375 0.590499715625 0.5824908718749999 0.5968475515625 0.589775803125 0.6003575671875 0.5890177921875 0.6013248921875001 0.5849618734375001
0 0.646688559375 0.5463126500000001 0.65030518125 0.5570726687499999 0.6464536453124999 0.5752160125 0.6513327265625 0.58666515 0.651645628125 0.5933298578125 0.6484485171875 0.6007525765625 0.64341644375 0.599915778125 0.6344795296875 0.611463309375 0.64188353125 0.62429068125 0.6494938296874999 0.6322647296875 0.6843235187500001 0.6497486359375 0.6904472921875 0.6599672187500001 0.7056323515625 0.6720759734375 0.7108884890625 0.6699791203125 0.7145337296875 0.6566891 0.7300780765625 0.6533321921875 0.7290041453125 0.6458700796875 0.719925090625 0.6420602359375 0.7115537640625 0.6332887828125 0.7069520515625001 0.6246650093749999 0.70736464375 0.6149583625 0.711841984375 0.610144434375 0.7105439875 0.605615971875 0.6926277109375001 0.5969823062499999 0.6791887765625 0.5835347109375 0.6737549609375 0.5664348453125 0.6769876078125 0.5628514703125 0.6557143109375 0.544363478125 0.6509240703125 0.5425126984374999 0.646688559375 0.5463126500000001
0 0.415030609375 0.67808988125 0.4153790453125 0.68859393125 0.42347300624999995 0.694540021875 0.43121852968749996 0.689982059375 0.44408496406250003 0.69585925625 0.464153040625 0.66555805 0.4706894046875 0.6660699875 0.4733850859375 0.6587555546874999 0.4697684640625 0.6479955359375 0.45944471875000004 0.645416246875 0.44981093124999993 0.6359556765625001 0.44112670156249995 0.6205195140625 0.4389788390625 0.6055952890625 0.42007746875 0.5990978703125001 0.4143199015625 0.601303009375 0.41396061250000005 0.616768671875 0.4087577765625 0.6246245390625 0.40789705937500004 0.6401984890625 0.3978862140625 0.6442839078125 0.3969188875 0.648339825 0.40485985468749996 0.664898253125 0.415030609375 0.67808988125
0 0.361559146875 0.6550142484375 0.36168352187499997 0.66845195 0.3647809421875 0.6774005843750001 0.392412928125 0.6772037953125001 0.39635330468749996 0.6686588109375 0.3916094484375 0.6446776625 0.38598710468749997 0.63435079375 0.3598594109375 0.6342227203124999 0.3561253328125 0.63791438125 0.361559146875 0.6550142484375
0 0.4194684765625 0.7232957046874999 0.42984552656249997 0.731634009375 0.435585328125 0.727509196875 0.43352630156250005 0.7221833328125 0.42517274218749995 0.7153315499999999 0.42176241875000003 0.6997182078125 0.4184764671875 0.6975425671875 0.417921734375 0.6918918390625 0.4151372140625 0.6896079125 0.397398615625 0.7001709640625 0.3961894578125 0.7052408609375 0.3993046484375 0.7161091671875 0.3986324578125 0.7249101234374999 0.403547071875 0.740198603125 0.416360203125 0.7403167828125 0.414696003125 0.7233646 0.4194684765625 0.7232957046874999
0 0.85080825625 0.23486388749999998 0.8327745234374999 0.24068190312499999 0.8269458828125 0.23520835624999997 0.8218072046874999 0.222853528125 0.8102743 0.22534413749999999 0.7968531328124999 0.2138162125 0.7868778234375 0.2217409734375 0.782247490625 0.23716724218750002 0.78019538125 0.2597307609375 0.78663205625 0.2766140515625 0.77466879375 0.286891634375 0.7747398640625 0.29457032031249997 0.78039774375 0.30873653437500004 0.78097024375 0.31630693593750003 0.769768009375 0.3273819234375 0.7679221968750001 0.34509211875 0.7821754656250001 0.365096134375 0.79625105625 0.36590343281250004 0.8065037328125 0.3608040328125 0.8116601796875 0.3750785359375 0.8162263578125 0.379862965625 0.8207036984375 0.37504903437500003 0.832048071875 0.3793314203125 0.8353873281249999 0.3872660765625 0.843893878125 0.38350551875 0.84994658125 0.386045415625 0.85143310625 0.38380088125 0.8493740796875 0.37847501562499997 0.8512909625 0.3684435078125 0.848588365625 0.3478685546875 0.8495023906249999 0.3380536203125 0.861814090625 0.3382800890625 0.8657544640625 0.329735103125 0.8639372703125 0.3233952578125 0.850327575 0.318640328125 0.8442038000000001 0.3084217453125 0.8343281812500001 0.29997515468749997 0.8246410921875 0.2847555671875 0.8179625843749999 0.26888625625 0.8203809 0.258746459375 0.842639290625 0.27509820625 0.8569389453125 0.2729718546875 0.8580770328125 0.26022326875 0.8560002390625 0.25297773281249997 0.8566901984375 0.24609644843749998 0.85361054375 0.2390674859375 0.85080825625 0.23486388749999998
0 0.83766648125 0.44351738906250004 0.8463862453125 0.46279289375 0.8519375171875 0.4654410765625 0.85667445625 0.46153283749999996 0.8615002328125 0.467222959375 0.8646331921874999 0.4800109390625 0.8593306671875001 0.5042381609375 0.8658492640625 0.502830425 0.8660555593750001 0.49797710312500004 0.8705329 0.49316317343750005 0.8726560796875 0.4782783421875 0.8822721015624999 0.485819240625 0.884590725 0.4920508 0.8919058874999999 0.4952798125 0.8959884015625 0.5020922 0.901262309375 0.50191501875 0.9070909453124999 0.507388565625 0.9118278859375 0.503480328125 0.9065825999999999 0.47960746875 0.9137733890625 0.4693987796875 0.9116077578124999 0.4525548828125 0.923176196875 0.4539036171875 0.9333291812500001 0.46517557343749993 0.940484434375 0.45112754062500005 0.940324525 0.43385049374999995 0.935669509375 0.41946770625 0.9141543828125 0.4019936921875 0.9080483750000001 0.39369478125 0.8936598828125 0.38622277656250004 0.8885745046875 0.3796269625 0.8869991421875 0.3722731359375 0.878108615625 0.3616903 0.8622513656249999 0.35838249843750003 0.8530548546875 0.3690243375 0.8472045125 0.4154902171875 0.8364504078125 0.42069790156250003 0.8297965843749999 0.434637646875 0.8316137781249999 0.4409774921875 0.83766648125 0.44351738906250004
0 1 0.4259223796875 0.9930280421875001 0.4282393390625 0.9781055609375 0.4987847578125 0.9771096187499999 0.52689071875 0.9943181671874999 0.5404859937500001 1 0.54197141875 1 0.4259223796875
0 0.8647605453124999 0.5751971218749999 0.8701943609375 0.5922969890625 0.8650625968749999 0.6078315421875 0.8826659703124999 0.6098005015625 0.89357306875 0.593980478125 0.9011122953124999 0.5942758390625 0.9066813359375001 0.59884369375 0.9141850265624999 0.5952997124999999 0.9151345859375001 0.589324121875 0.9123322984375 0.5851205234375 0.9136589125000001 0.56559894375 0.9235167625 0.5721258625 0.9287195984375 0.5642699953125 0.9266428046874999 0.55702445625 0.9138938265625001 0.5366955796874999 0.8990394390625 0.5331712046875 0.8886623890625 0.5248328984375 0.879978159375 0.5093967390625 0.8729225953125 0.5070734171875 0.86647506875 0.5161598406250001 0.864558184375 0.5261913484375 0.8656143484375001 0.5317337906249999 0.869938696875 0.5375321984375 0.8712722265625 0.5459000031250001 0.8685943140625 0.5551341062499999 0.8631141124999999 0.5601646109375 0.8647605453124999 0.5751971218749999
0 0.220005709375 0.777912096875 0.2341454546875 0.758508696875 0.23260562812500002 0.754994215625 0.21923776093749997 0.7492253078125 0.21489564687499998 0.7415072265625 0.213732878125 0.72444675625 0.210670990625 0.7193374640625 0.190283096875 0.7150845796875 0.18632495625 0.7217098921875 0.186484865625 0.7389869390625 0.1901370203125 0.7535863015625 0.198785715625 0.76518311875 0.19806022031249998 0.7682250578125001 0.20236679999999999 0.7721037953125001 0.20661119218750001 0.7692636796875 0.220005709375 0.777912096875
0 0.22771963125 0.71565569375 0.235436534375 0.7351477734375 0.2806038046875 0.8109897390624999 0.2868983375 0.8125156562500001 0.2991567359375 0.8069831078125 0.2955578828125 0.7981427609375 0.2954868125 0.790464071875 0.288619778125 0.7813677578125 0.2890609890625 0.7476110703125001 0.2950959234375 0.74823129375 0.279875328125 0.7322831953125 0.27857733281249997 0.727754734375 0.281738909375 0.7164926734375 0.2799217140625 0.710152828125 0.268488503125 0.6962720828125 0.2634386609375 0.6935156109375 0.25038369843749997 0.6944114109374999 0.22897517500000003 0.6884554281249999 0.22771963125 0.71565569375
0 0.268988978125 0.8317713734375 0.2712187640625 0.828404571875 0.27135398906249997 0.8158725625000001 0.2609236375 0.8017752437500001 0.260504128125 0.7835925046875001 0.2566989796875 0.7796054796874999 0.22906699531250002 0.7798022687499999 0.224731796875 0.7999735734375 0.21800690312499998 0.8062346312500001 0.2215879859375 0.81315530625 0.2263604609375 0.8130864125 0.23576326875000003 0.7975912515625 0.23955065000000003 0.7996586031249999 0.24442972968749999 0.811107740625 0.2614497515625 0.8314760124999999 0.268988978125 0.8317713734375
0 0.172352034375 0.786279721875 0.17852911093749999 0.8022573203125001 0.1832551984375 0.8243187953125 0.194421896875 0.8094044640625 0.196857978125 0.801184340625 0.19450381875 0.7911134390625 0.196662534375 0.7800679515625 0.19609003281249998 0.7724975515625 0.1935651125 0.771119315625 0.170911896875 0.7663938875 0.172352034375 0.786279721875