0 0.828461646875 0.09174644531250001 0.8238627953125001 0.0985721515625 0.8207596453124999 0.1149368765625 0.8245607312500001 0.13778813125 0.8237400640624999 0.146807809375 0.8279120984375 0.16368127500000001 0.832702378125 0.1705917640625 0.8415181421875 0.17571102968750002 0.8456562859375 0.184720103125 0.847556828125 0.1961457296875 0.866942353125 0.19914520468750002 0.873846584375 0.2056317328125 0.8776696515625 0.20289721093750002 0.8830891703124999 0.187051828125 0.8792880859375 0.16420057500000002 0.8840893578125 0.158318171875 0.8980324625 0.15650574374999998 0.90059613125 0.153039896875 0.9010907296875 0.1450695125 0.8944786765625 0.129669296875 0.8939611796875001 0.1169823984375 0.8988861015625 0.10910740000000001 0.903114003125 0.10825948437499999 0.9032037640624999 0.09840249375 0.9092644296874999 0.09325141406250001 0.9101162390624999 0.08437686250000001 0.8977179578125 0.026599050000000003 0.8292839203125 0.024571375 0.8336219578125 0.0464360828125 0.8307999984375 0.0666800109375 0.8342072343750001 0.0748517703125 0.8290798953125 0.081783465625 0.8270895921875001 0.0802148296875 0.828461646875 0.09174644531250001
0 0.5713010953125 0.292294759375 0.574887853125 0.2807525390625 0.5847376953125 0.2650025421875 0.583972896875 0.256300834375 0.5886166312500001 0.2445466359375 0.6328969578125 0.2248432140625 0.6414315328125 0.226083278125 0.6467503031249999 0.2328877765625 0.6559031265625 0.224164859375 0.6674062125 0.2238256859375 0.67009353125 0.21836724218749998 0.6658766171875 0.2064222703125 0.65144990625 0.203412190625 0.6361347453125 0.19369300312499999 0.6290729734375 0.181334675 0.6286342453125 0.171583675 0.625429428125 0.16435521718749999 0.6266998140625 0.152293653125 0.6211447359375 0.13668145781250002 0.6167592953125001 0.1316575765625 0.598835584375 0.1303327296875 0.58738836875 0.1129505203125 0.580776315625 0.09755030625 0.5690030312500001 0.081217390625 0.5726685578125 0.0726110671875 0.558657675 0.058694707812500004 0.5399691671875 0.0486681515625 0.5382600546874999 0.050978715625000004 0.5362706703125 0.095653140625 0.543950690625 0.0980484875 0.5483361328125 0.10307236875 0.5504729828125 0.12330569375 0.544558865625 0.147121459375 0.5354848125 0.1587802734375 0.537059284375 0.17125519375 0.5352265234375 0.1755583546875 0.5386676484375 0.1915945078125 0.551261596875 0.19890774687499999 0.55739004375 0.2094854578125 0.559211815625 0.2179751859375 0.560168040625 0.2404130859375 0.5575146125 0.25373592500000003 0.5592915046875 0.267154146875 0.556222246875 0.29138326718749996 0.5507239562499999 0.3042927484375 0.5559639562500001 0.3081613484375 0.568197946875 0.3086594859375 0.5728755703124999 0.3047696796875 0.5713010953125 0.292294759375
0 0.3796019 0.35198094375 0.380467446875 0.33803277187499997 0.384785109375 0.327327865625 0.37947733125 0.307730478125 0.3875731796875 0.2992195421875 0.39948110312499996 0.3007669734375 0.40512594062499996 0.306522178125 0.41043372031249997 0.3261195640625 0.42086883750000004 0.3387852578125 0.426524665625 0.3317475734375 0.4390847265625 0.33119641718750004 0.438488459375 0.31557361875 0.44191767656250003 0.2981596015625 0.4363177203125 0.2874758984375 0.43564268281249996 0.268917203125 0.4222390546875 0.2578307515625 0.4199675640625 0.2523829109375 0.4084305890625 0.2448576921875 0.4019202046875 0.25305065937500004 0.3899674015625 0.2564317234375 0.3668595625 0.23351689531250003 0.35334327656250003 0.2116301484375 0.364126446875 0.1976607703125 0.3612138078125 0.181518628125 0.3458198765625 0.1688635390625 0.3273228 0.17257317656249999 0.31847314375 0.1595895140625 0.312592 0.1450266140625 0.30105502500000003 0.13750139374999998 0.2952526484375 0.125874390625 0.2896865796875 0.1230550859375 0.2801737953125 0.1249628984375 0.277160409375 0.1314706359375 0.27820639375 0.1440515453125 0.29361131406249996 0.1439137453125 0.30429373125 0.15259424375 0.30916278125 0.16244063125 0.31515658750000003 0.18780382812500002 0.3194183796875 0.1948203046875 0.33975005937499997 0.27929362812499997 0.3369390875 0.28674466875000004 0.34054874375 0.29585972968749996 0.34358503125 0.310009278125 0.3427643640625 0.3190289546875 0.34900546875 0.3404069578125 0.347330246875 0.3505819171875 0.357607825 0.3573758109375 0.36708671875 0.347603603125 0.3796019 0.35198094375
0 0.049352812499999996 0.4005030828125 0.05269226875000001 0.3929460546875 0.058100799999999994 0.3898935625 0.1503407234375 0.46781669062500003 0.151836428125 0.4773557109375 0.1593928 0.48174365625000004 0.165150296875 0.49829915312499995 0.17010910625 0.49828855 0.1762146515625 0.48820897656250006 0.1835347140625 0.4837892234375 0.189685140625 0.46878115468750003 0.19193373125 0.4535717109375 0.183342365625 0.42380996875 0.17802359843749999 0.41700547187500003 0.16916295312500002 0.41681470000000004 0.1659581359375 0.40958624375 0.1716139640625 0.402548559375 0.1710515859375 0.3947901546875 0.173986203125 0.38534651875 0.1784614078125 0.380513409375 0.1705221796875 0.34865308125 0.16247670625 0.345839078125 0.14862885625 0.331398071875 0.1240372203125 0.3323943921875 0.11562629375 0.32916173125000003 0.0891561 0.2931466453125 0.07242400624999999 0.276824334375 0.0569412359375 0.320269296875 0.0436502671875 0.3199831390625 0.036330206250000004 0.32440289375 0.0323386109375 0.3340585078125 0.014088832812499999 0.33378295156250004 0.0090851421875 0.3387220515625 0.0072523796875 0.3430252125 0.011897031249999999 0.377514075 0.0177781765625 0.39207697656249996 0.0288654328125 0.40264408281249997 0.049352812499999996 0.4005030828125
0 0.42169508437500003 0.540434915625 0.4328272203125 0.546073528125 0.4341205046875 0.55466924375 0.4385847171875 0.562629025 0.443195478125 0.58925349375 0.45135910625 0.5964713453125 0.45896035625 0.59593079375 0.465673159375 0.58868113125 0.470238121875 0.5739910328125 0.4752418125 0.569051934375 0.4745667765625 0.550493234375 0.4680783734375 0.5331004234375001 0.4693936359375 0.5161103625 0.475251884375 0.5100159828125 0.47742170625 0.491870640625 0.46202777812500007 0.47921555156249995 0.4517840875 0.48028605 0.4362216296875 0.47455205312500004 0.430048303125 0.46890283593750004 0.41320355 0.4417802328125 0.398742946875 0.43090576093750005 0.39292958125 0.432071646875 0.3845195734375 0.475082046875 0.3712853921875 0.503317565625 0.37249990781250003 0.508977384375 0.383789584375 0.5204877953125 0.3920209890625 0.5434344359375001 0.4110694546875 0.5602760921875001 0.4164779828125 0.5572236 0.42169508437500003 0.540434915625
0 0.602965525 0.4578374078125 0.6146600390625 0.471234425 0.61472781875 0.48696321249999996 0.6176065671875001 0.4952409609375 0.6238247734375 0.49596168125 0.6279400171875 0.484313471875 0.6360358640625 0.475802534375 0.637485771875 0.444026990625 0.6446931734375 0.42880694375 0.60133334375 0.3705977484375 0.5923151609375 0.364535178125 0.5849163296875 0.36601903281250003 0.5825440875 0.3832210734375 0.5820504078125001 0.43743451875000006 0.577564215625 0.45506051718749996 0.5789023796875 0.458727740625 0.590405465625 0.45838856406249995 0.5945545984375 0.454604746875 0.602965525 0.4578374078125
0 0.8070373671875 0.40805517656249995 0.8067222875000001 0.39631157968749997 0.8093308359375 0.3879172375 0.8186521921875001 0.3722732328125 0.8234085828125 0.371319325 0.8286485828125001 0.375187925 0.8318534 0.38241638125 0.8370934 0.3862849796875 0.8508001953125 0.3756648546875 0.8540608828125 0.365171928125 0.861988203125 0.3635820828125 0.8711300359375 0.36765205624999997 0.8710622562499999 0.3519232671875 0.8785059687500001 0.34551091718750004 0.8708479296875 0.3175297921875 0.8695995249999999 0.304005578125 0.86452805625 0.29321588906249996 0.858354728125 0.287566675 0.85392440625 0.2874712890625 0.8507873671875 0.2959716203125 0.8397230125 0.306061796875 0.8240030140625001 0.2944560015625 0.8134891265625 0.278854409375 0.8049994281249999 0.27268585 0.7883351140625 0.27209232656250004 0.7833314234375 0.277031425 0.7814986609375 0.28133458437500003 0.7857604515625 0.2883510625 0.7921371171875 0.3411866421875 0.791957596875 0.36090062343749996 0.7877187015625 0.374541428125 0.78986654375 0.3819818640625 0.7900918625 0.40358245156250006 0.786707525 0.416067975 0.7888104859375 0.42843690624999997 0.7939717171875 0.42936960468749996 0.794342665625 0.42339181718749996 0.8070373671875 0.40805517656249995
0 0.9539579281250001 0.42483311874999996 0.9599288359375 0.42953903125000004 0.962357865625 0.44085866874999996 0.9411514890625 0.4756125296875 0.9389028968750001 0.490821971875 0.9403198312500001 0.49742509375 0.9646980546874999 0.5082783578125001 0.972163746875 0.4762802296875 0.9792026187499999 0.467981275 0.9878947359374999 0.4750931359375 0.9932811546875 0.4831516859375 0.993436559375 0.472661825 0.974542203125 0.38461133593749997 0.9653364468750001 0.3802434765625 0.9555763640625001 0.38613648125 0.9517871890625 0.39673539999999996 0.9524173453125 0.42022259218749997 0.9539579281250001 0.42483311874999996
0 0.826269025 0.5901551 0.8278206000000001 0.5819727359375 0.8409989078125 0.5714586015625 0.8554705015625 0.5695401859375 0.8669287062500001 0.5741295046875 0.8713700203125001 0.561432 0.875597921875 0.5605840828125 0.880837921875 0.5644526828124999 0.88160271875 0.573154390625 0.8861566906249999 0.5712571796875 0.8882367531250001 0.562968828125 0.884177378125 0.556895653125 0.87668786875 0.5219934359375 0.8849412578125 0.5193543 0.8839740421875 0.5097092875 0.8794649484375 0.506678003125 0.8697497484375001 0.5076425140625 0.8550418453124999 0.5007532328125001 0.8263340484375 0.467154703125 0.8146734234374999 0.46162208125 0.8080054999999999 0.46394325 0.8031593499999999 0.47475414687499995 0.814112884375 0.5463498 0.8148557000000001 0.5806372843750001 0.812359809375 0.5998319203125 0.8178471078125 0.5997153281250001 0.8196011015625 0.5924762671875 0.826269025 0.5901551
0 0.869809290625 0.6748933765625 0.8785462875000001 0.6770767453125 0.8804129390625001 0.6806379765624999 0.8850905609374999 0.676748171875 0.8874857015625001 0.6802034156250001 0.8985839484374999 0.6779776328125 0.9023731234374999 0.6673787156250001 0.902102925 0.6507066234375001 0.8946363140625 0.636461690625 0.8904303921875 0.6117238296874999 0.89093598125 0.59096055625 0.88110811875 0.5811247734375 0.8877082640625 0.56307481875 0.881343509375 0.543689409375 0.8758223218750001 0.5359416078125 0.8731798828124999 0.53647155625 0.87450705625 0.55293166875 0.8649045140625 0.5646964718749999 0.8595408656249999 0.56282046875 0.8338473750000001 0.5689572640625 0.8264714453125 0.591098403125 0.8297211421874999 0.5933983640625 0.832284809375 0.5899325171875 0.8382108374999999 0.5995669234375 0.842787709375 0.618326996875 0.8433839750000001 0.6339497953125 0.848331796875 0.6467320828124999 0.855854278125 0.64325563125 0.8692130234375 0.659270578125 0.869809290625 0.6748933765625
0 0.9702348265625 0.7344485796875 0.9658942625 0.724496203125 0.95992335625 0.7197902921875 0.952659165625 0.7064886609375 0.949904065625 0.6962183171875 0.9069838859375 0.6940031828125 0.899169225 0.706393321875 0.906028578125 0.7178083453124999 0.9018684531250001 0.73438505 0.901328975 0.747283928125 0.9034768171875 0.7547243640625 0.9109883062499999 0.764040803125 0.9695378078125 0.741475659375 0.9702348265625 0.7344485796875
0 0.8278691515625001 0.7620164875000001 0.8263285671875 0.7574059625 0.82803768125 0.755095396875 0.8384389109375 0.7598966953125 0.8456353218749999 0.7574695390625 0.847850025 0.7343957015625 0.8440040609375 0.716472940625 0.841159203125 0.7160595843750001 0.8364367015624999 0.724877884375 0.82111055 0.7279515859375 0.8171409359374999 0.7120214218750001 0.8117433984375 0.7022810234375 0.7871517640625 0.7032773453125001 0.7900305125 0.7115550953125 0.7968110937499999 0.7200342187500001 0.789277625 0.736303559375 0.7889854453125 0.745217246875 0.7920666140625 0.7544382984375 0.7969915359375 0.7465633015625001 0.8019842359375 0.754417090625 0.8030751015625001 0.76206950625 0.8000956015625 0.7764416359374999 0.793832515625 0.7806494109375001 0.79569916875 0.78421064375 0.8167489265625001 0.7898280484375 0.8268011859375 0.77502135625 0.8278691515625001 0.7620164875000001
0 0.7123647671875 0.7015497921875 0.7125781765625 0.6897002078125001 0.7167273125 0.685916390625 0.720505496875 0.6881103625 0.7238339640625 0.693346221875 0.728939321875 0.7120003078125 0.735888434375 0.713558340625 0.7394303125 0.706944615625 0.7607053859375 0.7341626078125 0.7615489531249999 0.7458002125000001 0.770780546875 0.7400131984375 0.7779320796875 0.7425145343749999 0.7836666765625 0.7384127484375 0.786601296875 0.7289691140625 0.783317709375 0.718804759375 0.7904353515625 0.7134417015625 0.7939662375000001 0.7196208656249999 0.8101808328125 0.7232562765624999 0.8112039203125001 0.715179903125 0.8073918453125 0.7051215375 0.7842281343749999 0.6999280921875 0.7787069484375 0.6921802921875 0.7730282203125001 0.678560690625 0.7645834046875 0.6674636359375 0.7609059671875 0.642619784375 0.739327725 0.6371083703125 0.724192084375 0.6076752015625 0.7113059546875 0.6092756484375 0.7028162578125 0.6031070875 0.6982622875 0.6050042984374999 0.702366540625 0.606148978125 0.7054477078125 0.6153700296875 0.7038512546875 0.6284808875000001 0.706111753125 0.6467216171875 0.7053249765625 0.6636056890625001 0.701693340625 0.680076403125 0.6903816828125 0.6941517734375 0.6914725484375001 0.7018041875 0.6955319234374999 0.7078773609375 0.7008955718750001 0.7097533640625 0.7123647671875 0.7015497921875
0 0.670466753125 0.6450152265625 0.6670256265625001 0.628979071875 0.6716015796875 0.6014960828125 0.6922126109375 0.5973624875 0.6851508374999999 0.5850041609375001 0.6898055609375 0.5604570718749999 0.6761995140625 0.5484273171875 0.6682044171875 0.5342883734375 0.651472321875 0.5179660625 0.6420831890625001 0.5178812781250001 0.6382152453125001 0.5255442984375 0.6411617703125 0.549550834375 0.6401386859375 0.5576272078125 0.6441082984375 0.5735573734375 0.6350791234375001 0.5802876921875 0.6319420874999999 0.588788025 0.6354619828125 0.6077600765625 0.6446377046875 0.61969444375 0.6474715734375 0.6329006890625 0.6444133062499999 0.6443369203125 0.6508678203125 0.6538653390625 0.6634278796874999 0.6533141812500001 0.670466753125 0.6450152265625
0 0.538052590625 0.680426321875 0.5426404546875 0.6863935062500001 0.54686835625 0.6855455890625 0.5524005359374999 0.6805005015625001 0.570109915625 0.6474318718750001 0.5690978203125 0.64271535625 0.560855425 0.6325616046875 0.54206525 0.59894186875 0.5224237234375 0.5864007203125 0.5070943671875 0.5695511125 0.5009998109375 0.5668377953125 0.4926227734375 0.5714695296875 0.4961985390625 0.572720196875 0.5000106140625 0.5827785624999999 0.5018662765624999 0.5991326859375 0.49950502500000005 0.6035418359375 0.5093667765625 0.6212420125 0.512403065625 0.6353915609375 0.5148211046875 0.6595040875 0.511762834375 0.67094031875 0.5139106765625 0.6783807546875 0.5230864000000001 0.690315121875 0.5343082984375 0.6860967437500001 0.538052590625 0.680426321875
0 0.589317759375 0.7626314515625 0.5919263078125 0.754237109375 0.598110625 0.747093434375 0.6119529796875 0.7679308859375 0.626897190625 0.7836278640625001 0.641526321875 0.7875812453125 0.655390659375 0.7828329187499999 0.6565373937500001 0.7727639500000001 0.6619459234375 0.76971145625 0.6618332640625 0.7589111640625 0.6576951203125 0.7499020921875 0.662788571875 0.7351060015625 0.6561765171875 0.7197057859375 0.646674725 0.7088207093750001 0.6380613796875 0.7046447453125 0.6178551890625 0.7106649484374999 0.614403071875 0.7074216843750001 0.6084770453125 0.6977872765625001 0.601583803125 0.678507859375 0.6022808203125 0.6714807781250001 0.6001329796875 0.6640403421875 0.5859196765625 0.649180678125 0.5730784265625 0.64585263125 0.5629025140625 0.6626519203125001 0.5577980734375 0.6902408984374999 0.5613289609375001 0.6964200609375 0.5695992921874999 0.697713121875 0.578229584375 0.7058212828125 0.5821543171875 0.7266799421875 0.5828971328125 0.7609674281250001 0.5807721906250001 0.774184275 0.5864619078125 0.7750109843749999 0.5898801359375 0.7703898546875 0.589317759375 0.7626314515625
0 0.7477762140624999 0.8331776734374999 0.750035796875 0.8051753390625 0.7471909375 0.804761984375 0.74264795625 0.79386630625 0.73635098125 0.7902096859375 0.732752315625 0.7683017343749999 0.737317278125 0.7536116359375 0.754352540625 0.748227371875 0.7583890171875 0.7336432609375 0.7572193796875 0.7230549468749999 0.7422751703125 0.7073579703124999 0.7335720640625001 0.713038996875 0.7209781140625 0.7057257578125 0.66471109375 0.7209458515625 0.6610904484375 0.7246236765625 0.668107340625 0.7419104984375 0.6876055234375 0.7557102671875 0.691136409375 0.7618894296875001 0.6920587453125 0.7764629359375 0.68916900625 0.7809780765625 0.69601736875 0.8051859890624999 0.696411215625 0.8198654859375001 0.703956596875 0.8370463171875 0.7017977640625 0.8423987703125 0.71114201875 0.8474120484375 0.7382185515625 0.84001398125 0.7477762140624999 0.8331776734374999
0 0.604566975 0.8491079765625 0.611156128125 0.8438509062499999 0.6171270359375 0.84855681875 0.622356046875 0.8652183078125001 0.6269887875 0.866256996875 0.64174065 0.821974721875 0.63923285 0.807719184375 0.6056789046875 0.78493155 0.589543075 0.7842320359375 0.591083659375 0.7888425640625 0.5866084578125 0.793675671875 0.58830658125 0.804157996875 0.5861028687500001 0.8144389453124999 0.5877222234375 0.8219853703125001 0.5954810109374999 0.8273166171874999 0.597628853125 0.8347570531249999 0.594941534375 0.8402154953125001 0.5951778421875 0.8490231937500001 0.5997657046875 0.8549903765625 0.6039936078125 0.854142459375 0.604566975 0.8491079765625
0 0.52773380625 0.8635331687500001 0.5285205828125 0.8466490999999999 0.535716996875 0.844221940625 0.5439593921875 0.85437569375 0.5558224359375 0.8608516187499999 0.56164679375 0.8468928437500001 0.5610056453125 0.8361985390625 0.5864289375 0.813389653125 0.5876993234375 0.8013280875 0.5629382406250001 0.7630024390625 0.5572485234375 0.762175728125 0.536412178125 0.7447087359375 0.5319818546875 0.7446133500000001 0.529575721875 0.753950996875 0.5234362859374999 0.7561661749999999 0.5315999140625001 0.7633840281250001 0.533826525 0.7737603625 0.536368215625 0.79588029375 0.53485053125 0.8119270515625001 0.5298019609375 0.8217946453125 0.5114395218750001 0.810718796875 0.5079425265624999 0.812404028125 0.5004878234375 0.8316092671875 0.500353184375 0.846394753125 0.5022198359375001 0.8499559859374999 0.5079095546875 0.8507826953125001 0.51882828125 0.8682708921875 0.52773380625 0.8635331687500001
0 0.49482008750000006 0.8051967796874999 0.49657408125 0.7979577171875001 0.49398750937499997 0.78076628125 0.49692212968750005 0.7713226468750001 0.502937915625 0.7711000640625 0.5067948703125 0.776229934375 0.512687009375 0.7779999484375 0.5202543687500001 0.7695950015624999 0.5275295515625 0.77010374375 0.527338121875 0.75636755 0.5206363078125 0.750824325 0.5142266734375001 0.7363674125 0.49785453906250005 0.7268602015625001 0.49265941875 0.7180631078124999 0.4680897640625 0.6934736499999999 0.455821884375 0.6851111203125 0.44797333437500003 0.6896368640625 0.4406871625 0.7019210109375 0.43697675625 0.7154558265625 0.4390348390625 0.7327532531250001 0.442318425 0.742917609375 0.45360810156250003 0.75442801875 0.4597585265625 0.7394199515625 0.46804580468749996 0.74464520625 0.4716783609375 0.7744175546875 0.4680018421875 0.7958167640625 0.471330309375 0.801052625 0.469452665625 0.8102842812500001 0.4651011140625 0.8131247953124999 0.47623325000000005 0.8187634062500001 0.48628551093750005 0.8039567140624999 0.49482008750000006 0.8051967796874999
0 0.4307613078125 0.8534642937499999 0.42892854218750004 0.8577674546875 0.431649753125 0.8601734046875 0.44613233750000003 0.8454620984375 0.45057365000000005 0.8327645953125 0.44968520468750006 0.8260554843750001 0.457781053125 0.8175445484375 0.466113209375 0.8178413093750001 0.477650184375 0.8253665265624999 0.4811920609375 0.8187528015625001 0.48095575156250003 0.80994510625 0.47669395937500003 0.802928628125 0.4630879125 0.7908988734375 0.44788541249999997 0.7919799765625 0.42619450781249996 0.7756682703125 0.41554597812500005 0.7748521625 0.4095192015625 0.787867634375 0.405584396875 0.8260449281250001 0.40854191406249996 0.8372585750000001 0.41093705468749997 0.8407138171874999 0.42354199687499994 0.8352341687499999 0.4307613078125 0.8534642937499999
0 0.3838028140625 0.7733471453125 0.3884016671875 0.7665214406249999 0.39285397031249997 0.7410310484375 0.409697803125 0.7219105921875 0.4129475 0.7242105546875 0.41769290156250005 0.7360495359375 0.4227304828125 0.7389748296875001 0.43436820625 0.7238501703125 0.43461550625 0.7198649796875001 0.4304324828125 0.7157844015625 0.4276773828125 0.70551405625 0.4340641203125 0.6993136843750001 0.4345248265625 0.68347890625 0.42859880156249996 0.6738444984374999 0.4192884375 0.676695615625 0.4115406390625 0.65857148125 0.39560723124999997 0.6588152703125 0.364740603125 0.63056919375 0.352023003125 0.62524855 0.344298103125 0.6277817 0.3394070734375 0.643521090625 0.345563453125 0.6452381093749999 0.35931009375 0.6592074640625001 0.363234828125 0.6800661234375001 0.3629426484375 0.6889798093749999 0.35390248281250003 0.7085030203125 0.36112179375000003 0.72673314375 0.3557022734375 0.7425785265625 0.361988259375 0.7590280328125 0.36905003125 0.7713863609375 0.37534700781249997 0.77504298125 0.3838028140625 0.7733471453125
0 0.34549985781250003 0.8876953484375001 0.3544841515625 0.8858935234375 0.3687643171875 0.8702389140625 0.36914625624999997 0.8514682375 0.35675472343750003 0.8450983015625001 0.35322383749999997 0.8389191374999999 0.3550566 0.8346159765625 0.332061421875 0.8225014390625001 0.32783351875 0.8233493562499999 0.3207048859375 0.841505303125 0.3232236765625 0.8429679515625 0.32504545 0.8514576796875 0.318400425 0.8744361296875001 0.3205033859375 0.8868050609375 0.325945803125 0.8916169640625 0.3368865109375 0.8835193828125 0.34549985781250003 0.8876953484375001
0 0.2019361375 0.6065592890625 0.2053204765625 0.5940737656249999 0.22129876249999997 0.588901478125 0.2208261453125 0.571286084375 0.2246492109375 0.5685515609375 0.2374455796875 0.5768081031250001 0.2515911046875 0.5759389796875001 0.25576313906250003 0.5928124453125 0.2634321671875 0.6080006828125 0.26655821562500004 0.612293240625 0.2758236984375 0.61437061875 0.284509859375 0.60475739375 0.291442028125 0.6023832312499999 0.2918239671875 0.5836125546875001 0.31482921875000003 0.5366911390625 0.3143456109375 0.5318686359375 0.309150490625 0.5230715421875 0.30094198437499997 0.520782184375 0.284901871875 0.5269507671875 0.2211174078125 0.5161293359375 0.212426209375 0.555260534375 0.1983484640625 0.5718584484375 0.1925350984375 0.573024334375 0.1917593109375 0.5771155140625 0.18407929218750002 0.5747201671875 0.1795482171875 0.5972746609375 0.1908040015625 0.6009206765624999 0.1994961203125 0.608032540625 0.2019361375 0.6065592890625