0 0.1134307125 0 0.0988586234375 0.01959079375 0.09083320781250001 0.02007515625 0.08358693125 0.055675224999999995 0.0937920109375 0.057463600000000004 0.0977325875 0.0666626078125 0.105525046875 0.0699189515625 0.10788490312500001 0.09207630624999999 0.11377499687499999 0.0968900390625 0.11395799375 0.1063759375 0.11804002656249998 0.10709128750000001 0.1228624609375 0.11455406875 0.12248805 0.1267784328125 0.1162678921875 0.1417598984375 0.11682249062500001 0.1494201515625 0.11932660937499999 0.15269512968750001 0.132779015625 0.1541071953125 0.1374628 0.15965491406250001 0.134024059375 0.1817414859375 0.13940109375 0.19686451875 0.143111521875 0.1994055125 0.149700478125 0.192997121875 0.168349728125 0.189647603125 0.1700691 0.1786043171875 0.173968134375 0.16983377187499998 0.1824123046875 0.164695878125 0.1869602453125 0.1579298109375 0.190814934375 0.14158843125 0.18993588125 0.1329259359375 0.1933746234375 0.110839365625 0.19022440625 0.095161184375 0.1857264234375 0.08870064375 0.1869355390625 0.077567940625 0.1850331734375 0.079125328125 0.1800249359375 0.07257536875000001 0.1832279171875 0.0646282234375 0.18031065625 0.0452093359375 0.1864892734375 0.0122583171875 0.1905741109375 0.0025749468750000002 0.1989239765625 0.003092825 0.1989395109375 0 0.1134307125 0
0 0.4538870390625 0.11244900312499999 0.4557478640625 0.0929220609375 0.4599242 0.0879816390625 0.4673007125 0.08549279374999999 0.4649464671875 0.0425379984375 0.4632770546875 0.0403546796875 0.44536820625000006 0.0504516265625 0.43200449374999994 0.06418123125 0.4356206171875 0.07237799687499999 0.42443656875 0.08838033906250001 0.4182164109375 0.10336180625 0.4073568140625 0.12036638749999999 0.3900996765625 0.1220690984375 0.385923340625 0.12700952031249998 0.380723690625 0.142169821875 0.3820658453125 0.15374962187500002 0.3790486671875 0.16078394375 0.378721409375 0.1701804234375 0.3720381484375 0.1822445828125 0.3573766265625 0.191965221875 0.343505465625 0.1952066875 0.339559278125 0.206805121875 0.3422020453125 0.2119951625 0.3532889828125 0.21204731250000003 0.36219345000000003 0.22022544375000003 0.3672516421875 0.213548796875 0.375462859375 0.21215161093749998 0.4183213890625 0.2300615046875 0.4229108703125 0.24126499375 0.42225915937499997 0.24965923281250002 0.43190402812500006 0.26458479375 0.435473 0.2756094453125 0.43407808281250004 0.2876549703125 0.438623215625 0.291287625 0.450406209375 0.290516371875 0.455417253125 0.286667609375 0.449993065625 0.2743724609375 0.44679850312499997 0.2511234453125 0.44837922187499996 0.23816509843749997 0.44569210937500003 0.22540422031250001 0.44639377812500003 0.20378337656249998 0.4480659953125 0.1955679765625 0.4538673984375 0.185240040625 0.465930496875 0.17790019375 0.46908913124999996 0.1623822171875 0.46728106875000003 0.1582838328125 0.4686759875 0.14623830625 0.4598186734375 0.135232290625 0.4538870390625 0.11244900312499999
0 0.7143458109374999 0.1075979484375 0.7051612375 0.1059884109375 0.6998257437500001 0.1088349296875 0.6943487953124999 0.12016510625000001 0.683306203125 0.12768379375 0.6777821015625001 0.1418418546875 0.6693822765624999 0.1545505828125 0.6515233874999999 0.15142092499999998 0.6368147140625 0.1639694515625 0.6341663328125 0.1795768484375 0.6446930578125001 0.1927661828125 0.63188394375 0.214156040625 0.6098431078125001 0.23676424375 0.5982930671875 0.23379479062500003 0.5919398703125001 0.226063753125 0.5808972796874999 0.23358243750000002 0.578761959375 0.2388805359375 0.5659556515624999 0.24987167187499998 0.5654869375 0.2677518046875 0.5601957890625 0.2781691609375 0.5636704578125 0.2948495828125 0.5632488953125 0.30990183125000004 0.5753563421875 0.31013281875 0.58087483125 0.316772196875 0.59080541875 0.304331725 0.5957277671875 0.28534129531249997 0.6011104125 0.2796668890625 0.6125689546875 0.27789339375 0.6204529125 0.2858926890625 0.6155305624999999 0.3048831171875 0.619795590625 0.31508436562500003 0.6207661421874999 0.32848980625 0.632782090625 0.3239778453125 0.642011009375 0.3331582171875 0.651847290625 0.32637351875 0.6501335328125 0.3166193640625 0.655937740625 0.2958927078125 0.6550586875 0.287230215625 0.6578457171875 0.2735378796875 0.6612345000000001 0.2646779140625 0.6584530796875 0.2575728078125 0.6772162765624999 0.17577648125 0.6812539625 0.1689209953125 0.686780871875 0.144364215625 0.6913759625 0.1347702625 0.70158385 0.12615991875000002 0.7164283671875 0.1259251765625 0.7173130296875 0.11379023125000001 0.7143458109374999 0.1075979484375
0 0.8221890484375001 0.3203002734375 0.8148512703125 0.351157390625 0.819210603125 0.35570286875 0.822130671875 0.3647230375 0.8216647640625 0.372204453125 0.8271832531250001 0.378843828125 0.8241660749999999 0.3858781515625 0.8156304078125001 0.386273096875 0.8105722156249999 0.39294974374999997 0.8025855328124999 0.4218023796875 0.8049010437499999 0.4363889 0.8109741343750001 0.45068853124999997 0.8180705375 0.4547682796875 0.8240521296875001 0.46432496093750003 0.8288302171874999 0.46421690781249997 0.8342156718749999 0.44814378125000004 0.84145353125 0.44373987187499997 0.8428012953125 0.43452223281249996 0.930914690625 0.3573160203125 0.9361558796875 0.360125271875 0.9394475531250001 0.367319796875 0.9592088078125001 0.3688920640625 0.9697882984374999 0.358456075 0.9753124 0.3442980109375 0.979450003125 0.310989315625 0.977641940625 0.30689093437500004 0.972772353125 0.3022560390625 0.9551907640625 0.3029565109375 0.9512501890625 0.29375750156249997 0.9441537828125 0.2896777546875 0.9313502828125 0.2902701703125 0.916006734375 0.248820615625 0.9000445984375001 0.2649310109375 0.8748922765625 0.3002293078125 0.8668197109375001 0.30354155625 0.843115075 0.30316900156250004 0.8299135859375 0.317399725 0.8221890484375001 0.3203002734375
0 0.5358557015625001 0.48861718125 0.5372893546874999 0.504939928125 0.531207846875 0.5218364578125 0.5307391328125 0.5397165937499999 0.53560871875 0.5443514875 0.5401510468749999 0.5583828625 0.54669004375 0.565201078125 0.5540194031250001 0.5655401171875 0.5618146687500001 0.5583977421874999 0.5659966171875 0.5326598812500001 0.5702201046875001 0.5248915765625 0.5713820703125 0.51658675625 0.5820530578125 0.5108937171875 0.5872442890625 0.526929571875 0.592485478125 0.529738821875 0.6106744328125 0.5130732796874999 0.6183810078125 0.4907892359375 0.629146296875 0.47944042343750004 0.6302611109375 0.473963490625 0.6172330734375 0.44710045625 0.608708628125 0.40590052187500003 0.6030958328125 0.404916915625 0.5892690171875 0.41572921406249996 0.573304075 0.4422383296875 0.5674111749999999 0.447823315625 0.5524723546875 0.453713828125 0.5425917265625 0.4529276953125 0.527883053125 0.4654762203125 0.5301514093749999 0.48289062656250004 0.5358557015625001 0.48861718125
0 0.395447159375 0.4488853578125 0.40658405468750003 0.4357109 0.41465662031250006 0.4323986515625 0.4186915015625 0.4359418875 0.4297784390625 0.43599403593749997 0.4310319015625 0.43243216562500003 0.42653672499999995 0.41557290625 0.4255302453125 0.3634004703125 0.42307608593749996 0.3468988859375 0.41593253125 0.345647025 0.40730255781249997 0.3516977375 0.366093796875 0.4087622015625 0.373187396875 0.4232406703125 0.37489554375 0.4537922640625 0.3827795015625 0.46179155625 0.3868587265625 0.4729056265625 0.392843125 0.4720635875 0.3955358515625 0.46402702500000004 0.395447159375 0.4488853578125
0 0.1769740625 0.295262634375 0.1662143828125 0.28581400625 0.1631085109375 0.277706659375 0.158840678125 0.27790413125 0.1529477765625 0.28348911875 0.148166884375 0.2939958921875 0.14709641874999999 0.307043659375 0.139991596875 0.334160071875 0.14722665 0.3401548828125 0.14731534375 0.35529655 0.1560839640625 0.3511609 0.163737775 0.3525021796875 0.1669822953125 0.3625245890625 0.1802932453125 0.3724203109375 0.1853042875 0.36857155 0.18832146562500002 0.361537228125 0.19333250625 0.35768846718749997 0.1979247921875 0.35849323593750004 0.2070594078125 0.3733293796875 0.209655025 0.3813473078125 0.20946641562499999 0.3926588484375 0.22184835625 0.40711868124999995 0.22226430625 0.41286387187500007 0.227228196875 0.41184299687500003 0.2291333671875 0.3998868875 0.22575019843750002 0.3879494140625 0.225755809375 0.36715197499999996 0.227752478125 0.35993881562499996 0.223534603125 0.3469096828125 0.2231686109375 0.3279378890625 0.228795434375 0.2769278953125 0.23283312031249997 0.2700724109375 0.2310250578125 0.265974028125 0.22615547187499999 0.2613391328125 0.2101046453125 0.262307859375 0.2019849265625 0.26844799375 0.1920071890625 0.28371635 0.1769740625 0.295262634375
0 0.00756076875 0.47072211875000003 0.0085341234375 0.4737288421875 0.028156728125000002 0.47338604687499997 0.035860496874999995 0.4615007234375 0.044166017187500003 0.454447765625 0.0510294671875 0.46226822343749996 0.0585362109375 0.49289059999999996 0.0819192015625 0.48186219374999995 0.083219815625 0.4754724375 0.08090430625 0.46088591718750005 0.060130959375 0.4279386515625 0.062360582812499996 0.41698478437500003 0.06806767968750001 0.41231262031250004 0.0695069453125 0.407837928125 0.0698841609375 0.38521484375 0.0661293859375 0.3751030125 0.056667515625 0.36966335 0.045486271875 0.375266971875 0.02548364375 0.408631571875 0.0209828578125 0.41256975 0.015969007812499998 0.42681723125 0.00756076875 0.47072211875000003
0 0.1327447703125 0.5437104890625 0.1348301328125 0.551639 0.139236615625 0.5533565890625 0.1398883265625 0.5449623531250001 0.14489936875 0.5411135921875 0.14898139999999999 0.5418289406250001 0.153385078125 0.5539452515625001 0.16438051874999998 0.549254453125 0.178343178125 0.5507559359374999 0.19114387500000002 0.5605622390625 0.1927189828125 0.5684013296875 0.1991664828125 0.5704765953125001 0.20092739218750003 0.5774028625 0.2062157359375 0.5773842296875 0.20362292656249997 0.5589675828125 0.20400294687499998 0.525945778125 0.213856065625 0.4567687578125 0.20908078125000001 0.44647809374999997 0.20263328125000002 0.44440282656249996 0.1914520390625 0.4500064484375 0.164120053125 0.48303200625000003 0.1500159375 0.49001417968750005 0.1406455640625 0.48931746406250004 0.136330578125 0.492342821875 0.13549306562500002 0.50164988125 0.14347132812500002 0.5039934046875 0.13659665468749999 0.537767828125 0.1327447703125 0.5437104890625
0 0.1332550234375 0.543799909375 0.1397912171875 0.5610168421874999 0.1304180375 0.570718846875 0.13110848125000002 0.5906928828125 0.12729813750000002 0.6146051 0.1202432734375 0.62849490625 0.12014616250000001 0.6445493953125 0.1239009375 0.654661225 0.134616271875 0.65653901875 0.1368902421875 0.6531559875 0.1414353765625 0.6567886421875 0.1431990921875 0.6533161890625 0.151596109375 0.6510061828125 0.1520176703125 0.6359539328125 0.16473248125 0.6202198453125 0.17201468749999999 0.6233867703125 0.1766569296875 0.6109649359375 0.17707849375 0.5959126875 0.1813047859375 0.577745659375 0.1869203875 0.5683305453124999 0.1894245046875 0.5716055250000001 0.19253318125000002 0.5693141515625 0.18520943437499998 0.5481776734375 0.160392790625 0.54288333125 0.155243096875 0.544817028125 0.14587553125 0.53372159375 0.1469931484375 0.5178459421875 0.144441878125 0.517398846875 0.1391978828125 0.524988315625 0.1332550234375 0.543799909375
0 0.011539528125 0.68223975 0.026725334375 0.62061493125 0.024504128125 0.6003726375 0.0259933515625 0.5826713406249999 0.022840328125 0.5773918796874999 0.016994581249999998 0.5801489796875 0.0114760890625 0.5735096046875 0.0042855640624999995 0.578551084375 0.0051218515625 0.691449903125 0.00903260625 0.6893634921875 0.011539528125 0.68223975
0 0.121934584375 0.7214388171875 0.12128848437499999 0.7090356171875001 0.1171177609375 0.6931785968749999 0.12361521875 0.6820272593750001 0.11596421562499999 0.67028725625 0.0746308359375 0.673443059375 0.072076759375 0.683394684375 0.065207696875 0.6963716671875 0.059500598437499996 0.701043834375 0.0554157625 0.710727203125 0.0561561640625 0.7174746328125 0.11279155156250001 0.737798834375 0.11993791406250001 0.728651978125 0.121934584375 0.7214388171875
0 0.199038509375 0.7009170046875 0.18424114062500002 0.6983238609375 0.17960451093750002 0.6899482578125 0.1768674375 0.6904139859375 0.17333720156250002 0.7077576078125001 0.17569705468750002 0.729914965625 0.1826548109375 0.7320796484375001 0.1926297421875 0.7272100125 0.19429915625 0.72939333125 0.1928598890625 0.733868025 0.1940162421875 0.7463606453125 0.20384691406250002 0.760373384375 0.2240740765625 0.7544642374999999 0.22583779218750002 0.7509917859375 0.219761896875 0.747090875 0.21675032968750002 0.73332775625 0.2177264921875 0.725935759375 0.222460234375 0.718256871875 0.22728266874999997 0.7257196546875 0.230161196875 0.71677026875 0.22979239843750002 0.7081971921875 0.22237434843749998 0.6927164828125 0.2288246546875 0.6843930296875 0.2315173796875 0.6763564671875 0.2078127421875 0.6759839125 0.20270739531249998 0.6854884453125 0.199038509375 0.7009170046875
0 0.2529121203125 0.6413450625 0.2448839 0.65222814375 0.23954559999999997 0.6654733828125 0.23430160312499998 0.673062853125 0.2120334234375 0.6786143250000001 0.208458840625 0.6883871140625 0.2095236953125 0.6961367859375 0.22511141875 0.6922507546875 0.22845305 0.686218675 0.235363653125 0.6912112453125 0.2322993234375 0.701073453125 0.23521939062500002 0.710093621875 0.2407850328125 0.7139051140625 0.2476512890625 0.7113268484375 0.25660290625000004 0.7166770953125 0.25730176718750003 0.705454971875 0.2775345453125 0.6787483859375001 0.28101201875 0.6850300859375 0.28769247343750004 0.6833646453125 0.2924290203125 0.6652870375 0.2955848484375 0.660167778125 0.2992037796875 0.6579658234375 0.303238659375 0.6615090593749999 0.303560303125 0.6729100203125 0.3146915875 0.6805330046875 0.3198412796875 0.67859930625 0.323693165625 0.67265664375 0.32466932656249997 0.6652646468750001 0.313632346875 0.6519858921874999 0.309971878125 0.6362182921875 0.30904847812499997 0.6199849640624999 0.311047953125 0.6023730859375 0.3093813484375 0.5897910453125 0.3122598765625 0.580841659375 0.31620325781249997 0.5796419484374999 0.3117967734375 0.5779243578125 0.30367705625 0.584064490625 0.29124515781250004 0.5828312640625 0.276949628125 0.6115236984375 0.256212209375 0.6173434265625 0.2529121203125 0.6413450625
0 0.32391544375 0.5365604640625 0.32864076875000003 0.5600777359375 0.3219575078125 0.5721418984375 0.34185741406250003 0.5756292296875001 0.3465355859375 0.6019743875 0.3433769515625 0.6174923640625 0.35024040312500004 0.62531281875 0.362347846875 0.62554380625 0.368473703125 0.6162181125 0.365414984375 0.6052828796874999 0.3680162125 0.59250336875 0.3767404875 0.5807968812500001 0.3799462734375 0.5624510171875 0.376840403125 0.5543436703125 0.3680745875 0.5480806031250001 0.371743475 0.5326520453125 0.3706786234375 0.524902371875 0.3732826546875 0.501724140625 0.3694807296875 0.49444019843750003 0.36043480781250004 0.4947457234375 0.3444726703125 0.5108561171875 0.336907553125 0.5246565046875 0.32391544375 0.5365604640625
0 0.44886929843749995 0.6028908234375 0.4410268796875 0.6128610828125 0.44009787031250003 0.61742519375 0.45748524062499996 0.6488337078125 0.46286508125000003 0.6535580203125 0.46694711250000004 0.6542733703125 0.47130925156250003 0.6484201281249999 0.4749725265625 0.6537890078124999 0.4858265125 0.6575818625000001 0.4945507875 0.6458753781250001 0.4965474578125 0.6386622187500001 0.49348873906249996 0.6277269859375 0.49558252031250005 0.6044593359375 0.4983695484375 0.5907670015625001 0.5076983828125 0.5734941625000001 0.505380065625 0.5693063609375 0.5070079375 0.5535201265625 0.510582521875 0.5437473374999999 0.5140156499999999 0.54245820625 0.5058987390625 0.5381996203125 0.500052990625 0.5409567234375 0.4854476015625 0.557541225 0.4666451078125 0.570081371875 0.44886929843749995 0.6028908234375
0 0.3980072515625 0.676225884375 0.394712775 0.6794300796875 0.3751844734375 0.6741171046875001 0.3669261046875 0.6783421765625001 0.35787737656249996 0.6890464203125 0.35165721875 0.7040278859375 0.3567098015625 0.7181486796875001 0.3528107640625 0.726919228125 0.3528079609375 0.7373179453125001 0.3580491484375 0.740127196875 0.359252653125 0.74979193125 0.37265790781249997 0.7540318828125 0.38671487187500003 0.7498775953125 0.40096044375 0.7344117671875 0.414094009375 0.7140241515625 0.42012275312499997 0.720752946875 0.42271837031250004 0.728770875 0.4222524609375 0.736252290625 0.4255912859375 0.7406189296875 0.43106542968749995 0.7396874718750001 0.42888856875 0.7270160140625 0.429268590625 0.693994209375 0.43284598125 0.673822703125 0.44108217656250004 0.665812215625 0.44903826406249997 0.66437031875 0.45237989375 0.6583382390625 0.44719146875 0.6319036625 0.4372221484375 0.615975859375 0.42488175000000006 0.6194855796875001 0.41133223281250003 0.63412800625 0.4093355625 0.6413411671875 0.4100759640625 0.648088596875 0.4036228546875 0.6668107703125 0.3980072515625 0.676225884375
0 0.2605519 0.694679940625 0.2595285875 0.7048998234375 0.26356066093749997 0.718841778125 0.2800274390625 0.723618240625 0.2845697671875 0.7376496171875 0.281316828125 0.758823365625 0.2752852796875 0.7624932890625 0.2710146390625 0.7730894796875 0.2682775671875 0.773555209375 0.27072892187500003 0.800455515625 0.28000499218749997 0.8068080015625 0.3061665953125 0.8132834203125 0.31512101875 0.808234946875 0.31298850625 0.8031343218749999 0.320090521875 0.7864166296875 0.32032628124999996 0.7722772046874999 0.3266878953125 0.7488120796875 0.32385932500000003 0.7445348609375 0.3246053390625 0.7304848515625 0.32794696874999996 0.7244527703125 0.346599025 0.7107045328125 0.3531907859375 0.6938974234375 0.34966616093749997 0.69044360625 0.2953019359375 0.6771350921875 0.2832388375 0.6844749390625 0.27479747187500003 0.6792141109375 0.2605519 0.694679940625
0 0.39188926875 0.8283057703125 0.396764465625 0.8121432265624999 0.40247156406249995 0.8074710625 0.4088719125 0.8123742125 0.40947366562500004 0.81720658125 0.41355569687499993 0.8179219312500001 0.41791783281250006 0.8120686875 0.4180592890625 0.8035850312499999 0.4154165234375 0.7983949875 0.41741319218750006 0.7911818296875001 0.4248368546875 0.7858650984375 0.42632326875000004 0.7785625203125 0.424099259375 0.7687189484375 0.425632825 0.7585884828125 0.42127349374999995 0.7540430078125 0.42271275625 0.749568315625 0.40717218437499997 0.750626459375 0.375064915625 0.773361353125 0.372788140625 0.7871431046875 0.38743563281250004 0.829416065625 0.39188926875 0.8283057703125
0 0.45361371562499997 0.72756740625 0.448139571875 0.7284988640625001 0.42465666406249997 0.7659804796875 0.42599881718750005 0.7775602796875 0.4507183515625 0.7989091109374999 0.45020529218750005 0.8092184109374999 0.45595392968750004 0.8225158015625 0.4673209734375 0.8159993578125 0.47516339375000005 0.8060290968749999 0.48212114531249994 0.80819378125 0.48304454375 0.8244271078125 0.4916717109375 0.8287751140624999 0.502021053125 0.8116811125 0.5074951984375 0.8107496546874999 0.5092589125 0.8072772046875001 0.50898441875 0.7930483578125 0.5016135203125 0.7747397640625 0.49822754375 0.7732010109375 0.48064314843749995 0.7843001984375 0.4756820640625 0.77492235625 0.47406260937500005 0.75951243125 0.476295040625 0.7381598453125 0.47833886249999996 0.7281187984375 0.48613412812499995 0.720976425 0.48019688125000004 0.718990578125 0.47778706875 0.710059825 0.47351923281249997 0.7102573 0.45361371562499997 0.72756740625
0 0.53884858125 0.65931058125 0.51541563125 0.683565590625 0.5104960875 0.6921573015625 0.4948140578125 0.701699103125 0.48877970312499996 0.7157677484375 0.482376546875 0.721263315625 0.4823265890625 0.7344899203125 0.48933149531250003 0.7338267203125 0.4967052015625 0.74173659375 0.5023651453125 0.7398923140625 0.506031228125 0.7348624765625 0.5118298234374999 0.7349332578125 0.51474989375 0.7439534265625001 0.5124259640625 0.7605630671875 0.514186875 0.767489334375 0.522398090625 0.7660921484375 0.5322287593749999 0.7801048875000001 0.5428997484375 0.774411846875 0.538679065625 0.771781434375 0.5367795078125 0.7629401031249999 0.539935334375 0.75782084375 0.536183365625 0.7373102968749999 0.5393919578124999 0.7085657140625 0.5473258734375 0.7033384 0.553398965625 0.71763803125 0.56416425625 0.7062892187500001 0.5672285875 0.6964270124999999 0.5690422609375 0.6797279546875 0.5653346390625 0.6667882390625001 0.5581938875 0.655137659375 0.5505872296875001 0.6509684921875001 0.53884858125 0.65931058125
0 0.5570897515625 0.7929700625 0.5614934296875 0.8050863749999999 0.575591934375 0.8189016421875 0.57819035625 0.8165208500000001 0.5763822921874999 0.81242246875 0.58315985625 0.7947025359375 0.5953588015625 0.79967646875 0.5976327718750001 0.7962934359375 0.6003726484375 0.7854289890625 0.5962075390625 0.7487745296874999 0.5902730968750001 0.7363899625 0.5800208640625 0.737429475 0.559280640625 0.7536479234375 0.5446219250000001 0.7529698421875 0.5316298140625 0.7648738015625 0.527592128125 0.771729284375 0.5274506718749999 0.7802129421874999 0.530928146875 0.78649464375 0.5419707390624999 0.7789759578125001 0.5499961515625 0.7784915953125 0.5578801109375 0.7864908890625 0.5570897515625 0.7929700625
0 0.5857060625 0.6419967171875001 0.57670729375 0.6394743578125001 0.5710916953125 0.6488894703125 0.5716906390625 0.66412055625 0.5779051859375001 0.6699365312500001 0.5753511109375 0.6798881578125 0.5713605765625 0.6839157578124999 0.571637875 0.6877458828125 0.5829993078125 0.7020268796875 0.5878245484375 0.699090940625 0.5922809906250001 0.6875819265625001 0.5953896656250001 0.685290553125 0.6118064875 0.7032936203125 0.6163460093750001 0.727723715625 0.6208439890624999 0.7341842546875 0.6290080546875 0.73561495625 0.6350396046875 0.73194503125 0.641722865625 0.7198808703124999 0.6476185703125 0.7038971625 0.6422415375 0.688774128125 0.6490191000000001 0.6710541953125 0.6401174390625 0.6524773453125 0.6397486421874999 0.643904271875 0.64332603125 0.6237327625 0.65643461875 0.6099584499999999 0.6623496906249999 0.608158878125 0.6574829109375 0.5931252640625 0.650014903125 0.5908711624999999 0.6378131546875 0.5962959437500001 0.608348653125 0.6242208796875001 0.5929938828125 0.624366203125 0.5857060625 0.6419967171875001
0 0.66712815 0.8391138078125 0.6777491796875 0.8466473734375001 0.6829460234375 0.8418857875000001 0.684851196875 0.82992968125 0.6782235062499999 0.807969796875 0.6798957234375 0.7997543968749999 0.68230834375 0.7982864265625 0.6752618984375001 0.7809800734375 0.671179865625 0.780264725 0.6491418328125 0.7924742078125 0.6509498953125 0.7965725906250001 0.647608265625 0.8026046718750001 0.6357309671875 0.8090316984375001 0.6362827609374999 0.8270906703125 0.6501954640625 0.841818759375 0.6588697812500001 0.8433388796875001 0.66712815 0.8391138078125
0 0.71486550625 0.5695369125 0.72332904375 0.57858315625 0.732236315625 0.5763625671875 0.7352063421875 0.5721561296875 0.7424470078125001 0.5573535015625 0.7463016984374999 0.5410121203125 0.75993990625 0.5415113609375 0.7721888078125 0.53325869375 0.7758992359375 0.5357996875000001 0.775616325 0.5527670015624999 0.7910625953125 0.5573646265625001 0.7944457640625 0.5693021 0.79681123125 0.570662015625 0.805116753125 0.5636090578124999 0.815926390625 0.5598310828125 0.8113397156250001 0.5382288734375 0.8039632062500001 0.5407177187500001 0.8031756515625 0.536798175 0.79756285625 0.53581456875 0.783835959375 0.5201736546875 0.775078559375 0.4827144296875 0.713725990625 0.49465197187500004 0.6982103953125 0.48909681406249994 0.69032363125 0.4914962421875 0.6854040859375 0.5000879515625 0.6849853296874999 0.5047414828125001 0.7076110859375 0.5493579625 0.7081628796875 0.5674169359375 0.71486550625 0.5695369125