0 0.8189752640625001 0.7346556078125 0.7893250265625 0.7215266109375 0.78241519375 0.7208357750000001 0.7719272578124999 0.72536134375 0.753097734375 0.7271675625 0.7500149421875 0.7307120640625 0.748006609375 0.740921796875 0.7543940421875 0.7468066531249999 0.76804860625 0.7487456265625 0.788336971875 0.7454458093749999 0.79890874375 0.75092928125 0.8123982046875 0.7534255578125 0.8264100640625 0.7507278125 0.8282262046875 0.7445974953125 0.8189752640625001 0.7346556078125
0 0.7265443734375 0.7428286765625 0.7111523703125 0.7158782875 0.6979931171875 0.7122674109375 0.6856052046875 0.712914253125 0.6639392609375 0.7071413265625 0.6512211421874999 0.7089027734375 0.6471206390625001 0.7193132 0.6535080718749999 0.7251980546875 0.6640798421875 0.7306815296875 0.6793583546875 0.7305696015625001 0.68775540625 0.7365324156249999 0.68731555625 0.7414477859375 0.6978602390625 0.7504533734375001 0.7147085171875001 0.7553347734375 0.7237376109375 0.7523028046875 0.7265443734375 0.7428286765625
0 0.562407484375 0.665622503125 0.5488909359374999 0.66664834375 0.5436617953125 0.6774377640625 0.5603746296875001 0.699929740625 0.59032798125 0.71546625 0.6015872578125 0.7151984031249999 0.6086892859375 0.711809821875 0.6111387500000001 0.7069724140625 0.60830233125 0.6993932671875001 0.58206509375 0.681605165625 0.57570475 0.6721981953125 0.562407484375 0.665622503125
0 0.46827519375 0.58904421875 0.472942584375 0.5990196828125 0.47028866249999995 0.619985259375 0.4747219421875 0.6290356187499999 0.48611923125 0.6317325859375 0.49658007812499994 0.6307291328125 0.5139211015625 0.6133632375 0.515929434375 0.6031535046875 0.4985561875 0.582890734375 0.48941617031250007 0.5794357765625 0.47397255625 0.5801050062499999 0.46827519375 0.58904421875
0 0.6173466390625 0.59682033125 0.6075191156249999 0.59911669375 0.5985467718749999 0.6156798218749999 0.597667075 0.6255105609375 0.6090940218750001 0.6452608 0.622418378125 0.6483143765625 0.6327412109375 0.6443461078125 0.6357130765625 0.6343146796875 0.63155454375 0.620906253125 0.6362599984374999 0.6050231562499999 0.6289090328125 0.5989599953125 0.6173466390625 0.59682033125
0 0.7069306703125 0.63750023125 0.6947078624999999 0.637589775 0.69627763125 0.6425831015625 0.6882120703125 0.6457933796875001 0.699996315625 0.6609069 0.740629796875 0.667838421875 0.7494937859374999 0.6653637531250001 0.7529338734375 0.6571825359375 0.74607821875 0.6494474703125 0.7329189671874999 0.6458365921875 0.71651181875 0.6463275140625 0.7069306703125 0.63750023125
0 0.84887568125 0.6866940171875 0.8447455203124999 0.68005116875 0.8314482562500001 0.6734754765625001 0.8387424749999999 0.6660074812500001 0.8393190531249999 0.6537692296875 0.8265170968750001 0.645521634375 0.8123672234375 0.6452545656249999 0.8037547421875001 0.6777563640625 0.8342872437500001 0.7016300125 0.8418304015625001 0.70361375625 0.85149281875 0.7018746953125 0.8553740390625 0.699065803125 0.8554553078125 0.6884994578125 0.84887568125 0.6866940171875
0 0.860595475 0.6265502140625 0.8687990484375 0.626304753125 0.8860613718750001 0.64008059375 0.8880155265624999 0.636915090625 0.8959405031250001 0.6101646125 0.8935181265625 0.61147990625 0.8798906531249999 0.60601881875 0.863345490625 0.6035449296875 0.8359821859375 0.6067112125 0.8237864671875 0.6032786390625 0.8096365921875 0.6030115703125001 0.8033329953124999 0.607135759375 0.797221590625 0.607180528125 0.7957356578125 0.6121962437499999 0.80947405625 0.6241442609375001 0.8235968421875001 0.62793344375 0.8348561171875 0.627665596875 0.8465565249999999 0.6327700734375 0.8528330328125 0.6321680015625 0.860595475 0.6265502140625
0 0.761928171875 0.5959465140625 0.7431257390625 0.5942306171875 0.7208535578124999 0.5836426671875 0.7051068265625 0.581904384375 0.6981699046875 0.5847356640625 0.69552824375 0.5936524890625 0.6994933 0.6008526390625 0.7142494109374999 0.6059347296875 0.73074039375 0.6154528499999999 0.76030679375 0.618572803125 0.7768790437499999 0.6175245781250001 0.7814477703125 0.6089643625 0.777317609375 0.602321515625 0.761928171875 0.5959465140625
0 0.6439902156249999 0.56177670625 0.631932509375 0.561308946875 0.6072108640625 0.5555584062500001 0.5952911734375 0.558055459375 0.5843079265625 0.5642529328125 0.58585060625 0.5727683781249999 0.6163534484375 0.5795887515625 0.6317970640625 0.5789195234375 0.6493895921874999 0.591580759375 0.66480611875 0.5944336453125 0.6704493015625 0.5925386640625 0.674522715625 0.5856503531249999 0.672319621875 0.5793641171874999 0.6439902156249999 0.56177670625
0 0.5371484734374999 0.5555441234375 0.522419453125 0.5469399171875 0.5168575390625 0.538268553125 0.5024316359375 0.5320718578125 0.49422806250000006 0.532317321875 0.487291140625 0.5351486000000001 0.48481458593750004 0.543508125 0.49789256875000004 0.557685346875 0.49230613281249996 0.5731114890625 0.49467432968749997 0.5788404234375 0.499630009375 0.5826967625 0.51311946875 0.5851930375000001 0.524901146875 0.5797311703125 0.53692919375 0.56314565625 0.5371484734374999 0.5555441234375
0 0.4242796859375 0.5522929750000001 0.444844084375 0.554922784375 0.4535700578125 0.5494833015625 0.46339501250000004 0.5266115484375 0.456374253125 0.5194337859375 0.44371031250000004 0.5141510031250001 0.413456409375 0.5167823703125001 0.40561013125 0.5123911140625 0.3881014390625 0.50973891875 0.378907240625 0.5133281921874999 0.37420050312500003 0.5189235921875001 0.374119234375 0.5294899375 0.38113999375 0.536667703125 0.3977960796875 0.5456285203125 0.396283059375 0.55416635 0.4099376203125 0.5561053234375 0.40949648906249997 0.550732996875 0.42092086875 0.5499078468749999 0.4242796859375 0.5522929750000001
0 0.374639765625 0.6094721859375001 0.3843021859375 0.6077331234375001 0.3907708859375 0.6030516359375 0.417419596875 0.6091587875 0.43222988593749995 0.60719665 0.4336048953125 0.59569400625 0.38581263906249996 0.5786199062499999 0.379371028125 0.57977928125 0.35396444531250004 0.60035545 0.35842481249999997 0.60588369375 0.374639765625 0.6094721859375001
0 0.2327702140625 0.625803475 0.2528663890625 0.626583075 0.2635194296875 0.621500203125 0.26503245 0.6129623734375 0.2538273546875 0.606185990625 0.24515555937500003 0.60458124375 0.2232703328125 0.606409846875 0.220902134375 0.6006809109375 0.20969703750000002 0.5939045296875001 0.1923534453125 0.5906950328125 0.18365456093750002 0.5926123999999999 0.17944313437499998 0.5965358968750001 0.1798571765625 0.6054303359375 0.1950544203125 0.615884753125 0.19899238749999998 0.62660701875 0.2068386640625 0.6309982765625 0.215510459375 0.6326030234375 0.2240442390625 0.63124295625 0.2327702140625 0.625803475
0 0.3065938734375 0.555009503125 0.2968476203125 0.5467395203125001 0.27900871718750003 0.5452019296875 0.27127336562500004 0.5472976015625 0.25715058125 0.54350841875 0.23069662968750002 0.5538972375 0.2251914609375 0.5587570328125 0.22417375 0.5656229578125 0.2324882484375 0.5718644234375 0.24501417499999997 0.5741823921875 0.25789739843750004 0.5718636453125 0.2666504625 0.562902046875 0.2748540359375 0.562656584375 0.2876830796875 0.567382065625 0.30186004375 0.56412701875 0.3065938734375 0.555009503125
0 0.273770271875 0.4805478890625 0.2560990421875 0.499028384375 0.25461310937500004 0.504044096875 0.2608354375 0.51048625625 0.270470765625 0.5122693093749999 0.284482625 0.5095715640625 0.30130124999999996 0.4973996921875 0.3122574078125 0.49472433281250006 0.317762575 0.48986453750000003 0.3205693375 0.480390409375 0.31016266875 0.4743496359375 0.3011606671875 0.4738594921875 0.273770271875 0.4805478890625
0 0.431368875 0.44602745 0.43337720781250005 0.4358177171875 0.430045478125 0.42991047499999996 0.4162528984375 0.4250066890625 0.40240614375000006 0.42714713125000003 0.3826698328125 0.44230620312499996 0.37859642031249996 0.4491945125 0.391344196875 0.464486340625 0.394786853125 0.47688050937500004 0.414690834375 0.48173952499999995 0.42614230312499995 0.4773922609375 0.42927927343750005 0.4668035296875 0.4232762265625 0.452759840625 0.431368875 0.44602745
0 0.550763109375 0.45812826875 0.5393929078124999 0.4519091890625 0.5263716703125 0.4512631265625 0.5187201531250001 0.46336784062499997 0.5210341734374999 0.4761410046875 0.510188940625 0.4853032953125 0.508318621875 0.4984778421875 0.51889039375 0.503961315625 0.533838696875 0.5049639906250001 0.5485651500000001 0.492992809375 0.5627421140625 0.4897377625 0.565548875 0.4802636359375 0.5567661562499999 0.47217196093749997 0.550763109375 0.45812826875
0 0.6352923781250001 0.518059109375 0.63543039375 0.521023921875 0.64503863125 0.5263290921875 0.6573994562500001 0.5292043625 0.6736415 0.5292707390625 0.6735305734375 0.5227838125 0.686687259375 0.5058193015625 0.6913643390625 0.4831706265625 0.6541167671875 0.47510211562500004 0.6208342515624999 0.47423375156249997 0.6104327203125 0.5093437546875 0.6352923781250001 0.518059109375
0 0.7921831265625 0.547680184375 0.7981810359375 0.5205730953125001 0.7956748250000001 0.5118793453125 0.7855983640625 0.5047239671875 0.7748344 0.503319909375 0.7659704109375001 0.505794578125 0.75424548125 0.5247876046875 0.7470054390625 0.525211371875 0.7411158859375 0.53823 0.7384742281250001 0.5471468234375 0.74293459375 0.5526750703125 0.7559287421875001 0.5568432515625 0.768481759375 0.5556391046875 0.7833462265625 0.5466327375 0.7921831265625 0.547680184375
0 0.9136966187500001 0.556058196875 0.9037852609374999 0.548345515625 0.9080237796875 0.5408999046875 0.8989108515625001 0.5339228312500001 0.8834943265625 0.5310699453125001 0.8607564906249999 0.5392071734375 0.8539575828125001 0.545003265625 0.8483440578125 0.5639515187499999 0.852612234375 0.5735591828125 0.849832559375 0.5795111937499999 0.89655035625 0.5899200609374999 0.9045888281250001 0.5902319 0.9094335796875 0.5876013125 0.9143596015625001 0.574404378125 0.9136966187500001 0.556058196875
0 0.8798760359375001 0.46573635468749996 0.8767932453125 0.46928085468749997 0.8736020953124999 0.486913815625 0.8827081546875 0.5054685906249999 0.9133060796875 0.5138102921875001 0.9165669812499999 0.49833649687500003 0.8976904156250001 0.49137145000000004 0.909030959375 0.48053725625 0.9087820203125 0.4710855140625 0.9012659515625 0.465579653125 0.8916306234375 0.46379659999999995 0.8798760359375001 0.46573635468749996
0 0.8118225015625 0.4484399578125 0.7478720390625 0.441308521875 0.7336679859374999 0.44808568437499996 0.7327611984375 0.4614385375 0.7468839843749999 0.46522772031250004 0.751482365625 0.473720778125 0.7713863484375 0.47857979375 0.776231103125 0.47594920468749996 0.8141120000000001 0.48531062656249996 0.8157630375 0.47973760781249997 0.8289764671875 0.47630425781249996 0.8339566671875 0.45606309375 0.8220640671874999 0.4550380328125 0.8118225015625 0.4484399578125
0 0.6503903078125 0.416994990625 0.6405898765625 0.41576923906249996 0.6347815906250001 0.41822152343749996 0.631809725 0.42825294999999997 0.6450528125 0.44187287187499996 0.656918325 0.44642004843749994 0.6755556578124999 0.448693246875 0.6895133375 0.45303973124999997 0.701763234375 0.449428075 0.704569996875 0.43995394687499995 0.6956221734375 0.43241957343750004 0.672002075 0.42981214999999995 0.6503903078125 0.416994990625
0 0.5396111234375 0.3929677625 0.52703101875 0.39769402187499997 0.5232607234375 0.40698984375 0.5256289203125 0.4127187796875 0.53570538125 0.41987415781250004 0.5391209484374999 0.43579044375000003 0.54550838125 0.4416752984375 0.5557770359374999 0.4447512609375 0.57028420625 0.44038161093749995 0.5725956578125 0.43257938749999997 0.5678863515625 0.4175994015625 0.553541715625 0.40083636250000004 0.5396111234375 0.3929677625
0 0.4846656625 0.39534589375 0.4813881078125 0.382394421875 0.447856653125 0.3720743171875 0.44061661250000006 0.3724980859375 0.43186355 0.38145968125 0.41372152812499996 0.3775145796875 0.4070877234375 0.3827533703125 0.408822596875 0.387189396875 0.40296013124999996 0.39668590937500003 0.42845311875 0.406694175 0.43866759375 0.41681436562499996 0.433822840625 0.419444953125 0.472364153125 0.4265771671875 0.4783646328125 0.42004546875 0.4846656625 0.39534589375
0 0.34266604218749996 0.364752303125 0.326946396875 0.35949190625 0.312439228125 0.36386155625 0.300573715625 0.3593143796875 0.297875309375 0.35470004843749997 0.293856075 0.3545441296875 0.2958398859375 0.368431896875 0.30332886718749996 0.377459871875 0.30434914687500003 0.39116933593750003 0.31219542499999997 0.3955605921875 0.3271437265625 0.3965632671875 0.336007715625 0.3940885984375 0.339916025 0.3877575890625 0.3461628765625 0.37010224375 0.34266604218749996 0.364752303125
0 0.4597953 0.31588495 0.4560791828125 0.31813654375 0.40878480625 0.3199659265625 0.3968109375 0.3295072109375 0.39463749843749996 0.3402742453125 0.4125602375 0.35182087968750003 0.4395120671875 0.3603355453125 0.45192706875 0.3561665859375 0.4818211078125 0.3375965484375 0.48699606875 0.33385135625 0.4862789078125 0.32254940625 0.4803596953125 0.318514759375 0.4597953 0.31588495
0 0.5861561125 0.342207765625 0.5742364234374999 0.34470481875000003 0.569199478125 0.35141482343749997 0.5608307984375 0.3522175875 0.5475335343750001 0.3456418953125 0.5330534515625 0.34648943125 0.5255941281250001 0.35451472812499996 0.5285956515625 0.3615365734375 0.5356435 0.365192221875 0.5751483453125 0.3725027421875 0.6075756859375 0.3591043390625 0.6105204625 0.352595025 0.6052616671875 0.3463311734375 0.5861561125 0.342207765625
0 0.6994415109375 0.37492874375 0.687714015625 0.3733463796875 0.6892270375 0.3648085515625 0.67540736875 0.3634268796875 0.6572924390625 0.35595966093750003 0.6424550609375 0.3614439140625 0.6422086890625 0.3725675625 0.6615360921875 0.3896648265625 0.685762428125 0.39708727499999996 0.71020804375 0.3969081875 0.7165116421875 0.39278400156250004 0.718465796875 0.389618496875 0.7111419203125 0.380033221875 0.6994415109375 0.37492874375
0 0.8370861234375001 0.37688620625 0.8219998046875 0.372918715625 0.7883058140625 0.383731303125 0.774017925 0.3804994203125 0.7605013765625 0.38152526249999996 0.7541706890625 0.38917156406250003 0.755740459375 0.39416489375 0.7650184906249999 0.40058466406250004 0.7965119578125 0.40406122968749997 0.8077441437499999 0.407315496875 0.8151492859375 0.406334428125 0.825196090625 0.3964365328125 0.8371428703125 0.3904173640625 0.8397574390625 0.385022653125 0.8370861234375001 0.37688620625
0 0.886862190625 0.407848075 0.8784935140625001 0.4086508390625 0.8689691093749999 0.41335471406249996 0.869383153125 0.422249153125 0.8797898203125 0.42828992968749996 0.8966651921875 0.42964921718750004 0.9032719078125 0.4279325390625 0.9353716078125001 0.436224128125 0.950815221875 0.4355548984375 0.95521884375 0.42755198437499997 0.9509235796875 0.4214664390625 0.9186858625 0.4102100375 0.886862190625 0.407848075
0 0.953560103125 0.3713988359375 0.958569959375 0.3682109453125 0.9612116171875 0.359294121875 0.9585132140624999 0.3546797875 0.9511351578125 0.352138740625 0.9542450390624999 0.34507212656249997 0.9522070484375 0.3382285859375 0.9477195921874999 0.33622245624999997 0.9571059796875 0.32855376875000003 0.908336646875 0.31306241875 0.8911987937499999 0.30401245 0.8730296843750001 0.3035894609375 0.872233825 0.3234292421875 0.8776332015625 0.353233296875 0.8940132593750001 0.3562644875 0.9201395703124999 0.36756565937499996 0.953560103125 0.3713988359375
0 0.824825953125 0.298196309375 0.8172015265624999 0.3067789109375 0.81533120625 0.3199534578125 0.7993651921875 0.32581670625000003 0.798293303125 0.33972686093750004 0.810792140625 0.345566946875 0.819959246875 0.345499790625 0.8310805078125 0.342267128125 0.844843428125 0.3301176421875 0.849934553125 0.31636340625 0.8492173921875 0.3050614546875 0.8461887796875001 0.3015617234375 0.824825953125 0.298196309375
0 0.6173658468750001 0.2780285359375 0.6091893625 0.2747518828125 0.5980951890624999 0.2744624296875 0.5785510734375 0.285542084375 0.573568303125 0.285207859375 0.5651725390625 0.28953273749999997 0.5673756328125 0.295818975 0.5626959828125 0.2978922625 0.562503790625 0.30197167812500003 0.570680275 0.30524833125 0.5890415765625 0.301591903125 0.6009341781249999 0.3026169640625 0.6167892671875 0.2902667859375 0.6197340453125 0.283757471875 0.6173658468750001 0.2780285359375
0 0.4382054875 0.2583949015625 0.437022671875 0.26581812656250003 0.447742609375 0.279951084375 0.4522224828125 0.29684793125 0.46133541093749997 0.30382500625 0.4738613375 0.3061429765625 0.48305553437500004 0.30255370312499996 0.4839055734375 0.27566969218750004 0.4658719109375 0.25763612812500003 0.467826065625 0.2544706234375 0.44613303281250005 0.2522198109375 0.4382054875 0.2583949015625
0 0.34629318593749997 0.3113408921875 0.338747459375 0.288781759375 0.34122401562500004 0.28042223437499997 0.31763100624999996 0.274292696875 0.313116459375 0.27580868125 0.3007556359375 0.2729334109375 0.29839000625 0.2877798625 0.2902431796875 0.3015564828125 0.29343689687499996 0.3044989109375 0.28958533124999997 0.32436107812500004 0.3009555328125 0.3305801578125 0.3088289 0.3314493 0.321712121875 0.3291305515625 0.329969875 0.321840859375 0.3446150609375 0.32043602187500003 0.34629318593749997 0.3113408921875
0 0.2664759109375 0.250421465625 0.28120493281250003 0.25902567187500003 0.28420645625 0.266047515625 0.3136619296875 0.2626805421875 0.3203499125 0.25039751875 0.31148335625 0.2322968 0.314317209375 0.21930055624999997 0.32221766406249996 0.21664758437499998 0.320813 0.211096953125 0.272552521875 0.19217264218750002 0.25631047812499996 0.1921062640625 0.2395189453125 0.20075602343750001 0.2468699125 0.20681918281249997 0.24777926562500002 0.21404171875000003 0.23701786875000003 0.23321304999999998 0.24092874531250003 0.247457428125 0.24591151406249998 0.2477916546875 0.25061825312499997 0.242196253125 0.26507124531250004 0.24487083437499998 0.2664759109375 0.250421465625
0 0.34703260468749997 0.153562325 0.3369316203125 0.17050445 0.32594837656250003 0.17670192499999998 0.3242702484375 0.18579705468750002 0.33354828125 0.1922168265625 0.34527577656249997 0.1937991890625 0.3780062359375 0.182808296875 0.3817765328125 0.1735124734375 0.37852606875 0.157038890625 0.370046465625 0.151354725 0.35639190468750004 0.1494157515625 0.34703260468749997 0.153562325
0 0.482655740625 0.18726020625 0.47838756718750003 0.17765254375 0.464429884375 0.17330605937500002 0.45380393281250003 0.174866815625 0.4490701046875 0.18398433281249998 0.45030966718750004 0.19009226562499998 0.434811875 0.1978057234375 0.4313717875 0.20598694218750002 0.439356078125 0.21334301249999998 0.45317574374999997 0.2147246828125 0.4618746296875 0.21280731875 0.4685084328125 0.20756852656250002 0.47833595625 0.20527216250000002 0.482655740625 0.18726020625
0 0.592523003125 0.1834895125 0.57952885625 0.1793213328125 0.5734174515625 0.179366103125 0.56485658125 0.1842482828125 0.560867003125 0.20114563749999997 0.550682184375 0.20807871875 0.5469118890625 0.217374540625 0.5502436203125 0.2232817828125 0.557456571875 0.22638012968750001 0.5682205359375 0.2277841859375 0.5793417984375 0.224551525 0.5926094078124999 0.2140739453125 0.598553140625 0.1940110875 0.592523003125 0.1834895125
0 0.2409206984375 0.08415696875 0.2505289375 0.08946213750000001 0.26065957812499996 0.08957328437499999 0.293860825 0.10100799375 0.3033284828125 0.082772959375 0.308776903125 0.06438200625 0.3055831875 0.061439578125000005 0.2951494296875 0.058920918749999995 0.2874953453125 0.050450245312499996 0.27849334375 0.0499601 0.26808667656249996 0.043919324999999995 0.2520097359375 0.0432956453125 0.2271526421875 0.055155678124999996 0.21187412968750002 0.055267606250000004 0.202983053125 0.061264390625 0.199542965625 0.0694456109375 0.20367312499999998 0.0760884578125 0.21713549531249998 0.082106846875 0.21980681249999998 0.09024329375 0.22847860781249998 0.0918480421875 0.2409206984375 0.08415696875
0 0.27912188437499996 0.15562689375 0.291840003125 0.1538654484375 0.29530718125 0.14216211406249998 0.287956215625 0.136098953125 0.2867437421875 0.1264689046875 0.2909551703125 0.122545409375 0.2863297 0.117574465625 0.27094026250000003 0.11119946562500001 0.2587174546875 0.1112890078125 0.25472530781249997 0.10761097187499999 0.2340228984375 0.10201635 0.22780056875 0.09557419375000001 0.21841418125 0.10324288125 0.211837121875 0.1220128296875 0.21211315156250002 0.12794245625 0.22089587187499998 0.136034134375 0.2396170390625 0.14831637656250002 0.27912188437499996 0.15562689375
0 0.395823015625 0.085833225 0.380187209375 0.0905818703125 0.34103965937499997 0.078634634375 0.331074125 0.077966184375 0.3236148015625 0.08599148281249999 0.31979032812499997 0.102331534375 0.32361736875 0.106566871875 0.339721396875 0.103668434375 0.386907415625 0.1159275125 0.4097832640625 0.1107550984375 0.4196378765625 0.10493662031249999 0.4214811046875 0.0952841890625 0.4114046453125 0.08812880937499999 0.395823015625 0.085833225
0 0.4815817796875 0.0879650421875 0.475608390625 0.090974625 0.473627146875 0.09766224531249999 0.4855223140625 0.1192626953125 0.480815575 0.1248580953125 0.482028046875 0.1344881421875 0.49001233906249997 0.1418442125 0.50333669375 0.144897790625 0.5151183703125 0.139435921875 0.522851153125 0.1167648609375 0.520317853125 0.1115932265625 0.5056701 0.092422675 0.4815817796875 0.0879650421875