0 0.08624762500000001 0.11100696406249999 0.0872285859375 0.1206983 0.0914561703125 0.1215196421875 0.0970045671875 0.129248121875 0.0976456796875 0.141723659375 0.09254918125 0.156884784375 0.09375670781249999 0.16471998906250002 0.096587546875 0.168120196875 0.11044047812499999 0.16986149374999998 0.11568699062500001 0.175631171875 0.11402509375 0.19811010625 0.12078101562500002 0.213673790625 0.12478203437499999 0.2163512671875 0.1309727796875 0.2099534125 0.1497329921875 0.206947653125 0.1505639375 0.1957081859375 0.1538105609375 0.186838190625 0.1620018140625 0.1817790734375 0.16607876562499999 0.174970546875 0.168646309375 0.1583680171875 0.167023615625 0.149502078125 0.1686855109375 0.12702314374999998 0.1641566640625 0.1109420640625 0.159023434375 0.10424431875 0.159325934375 0.0929021828125 0.1575140234375 0.0944503125 0.151852346875 0.0876498984375 0.1544572359375 0.079605303125 0.14985307187500002 0.059709289062500004 0.1534028125 0.0261962234375 0.15676271875 0.0163981625 0.16533116875 0.01711278125 0.164482971875 0.0060919625 0.083803390625 0.0031038296875 0.0704953828125 0.0228906828125 0.064287684375 0.0737470171875 0.0673380171875 0.07978098125000001 0.07556661875000001 0.0832798 0.0798309328125 0.1059600140625 0.08624762500000001 0.11100696406249999
0 0.4389153171875 0.10960972656250001 0.446238271875 0.10723214218749999 0.4402386 0.0633131203125 0.438351375 0.061046315625 0.420911971875 0.0709592140625 0.40841720156249994 0.0846829890625 0.41279541875000003 0.0931342 0.40271632031250004 0.10922744843750001 0.397619821875 0.12438857343750001 0.3879558890625 0.1415125578125 0.3704791390625 0.14286751875 0.366628753125 0.1478199109375 0.36258914999999997 0.1631863734375 0.3649288921875 0.175041846875 0.3624372828125 0.1821583765625 0.362889796875 0.1917470453125 0.35707625 0.20391863593749998 0.3429208203125 0.21351947343750002 0.329029921875 0.2165211765625 0.3259719 0.228278040625 0.3291046203125 0.23363704687500003 0.34042859375 0.2339369375 0.3502045734375 0.2424867625 0.3548099734375 0.2357809046875 0.363076540625 0.2345367203125 0.40833385 0.253780221875 0.4139575625 0.2653236359375 0.4139949109375 0.273881571875 0.4250917 0.2893385328125 0.429658515625 0.3006766109375 0.42924273125 0.3129468125 0.43418736406249997 0.316757690625 0.4461530671875 0.316232184375 0.45094706718750005 0.31241319375 0.4443797421875 0.299736375 0.43917181562499996 0.2759227609375 0.4397008828125 0.26272449375 0.4358890796875 0.2496329484375 0.4347954546875 0.227568740625 0.435815 0.2192161421875 0.4408735328125 0.20879801874999998 0.45257532187500005 0.20157070781250003 0.4545011328125 0.185793575 0.4523120234375 0.1815679703125 0.4527278078125 0.1692977671875 0.44276323125 0.157861078125 0.43479977812500004 0.134462190625 0.4350649296875 0.11456211875 0.4389153171875 0.10960972656250001
0 0.685597184375 0.136242434375 0.6809538171875 0.1476912921875 0.670308921875 0.1551239375 0.66585415625 0.1694596640625 0.6583419828125 0.1822513171875 0.639846303125 0.17865794375 0.625879471875 0.19114564843749998 0.6244821078125 0.20702545 0.6363339125 0.22072894375000002 0.62504666875 0.242287925 0.6044359625 0.2648857515625 0.5923949421875 0.261596325 0.585261203125 0.25355984062500003 0.5746163078125 0.2609924859375 0.5728797140624999 0.2663555484375 0.5607247921875 0.27729512500000003 0.561743103125 0.2955443984375 0.55721301875 0.306065190625 0.5621570328125001 0.3231770046875 0.56298674375 0.338539409375 0.5753676140625 0.3390446359375 0.581557740625 0.34594771875 0.59065525625 0.33346406875 0.594091096875 0.31418000468749996 0.5991116609375 0.30850488125000003 0.6106621999999999 0.3069486390625 0.619381284375 0.315293128125 0.61594544375 0.334577190625 0.621153990625 0.3450898703125 0.6232671640625 0.358801478125 0.6351575515625 0.354461034375 0.645348696875 0.3640415921875 0.6548234093749999 0.3573316765625 0.6522571046875 0.3473323390625 0.6564479578125 0.3262948078125 0.654825265625 0.3174288703125 0.656524509375 0.303507871875 0.6592426828125 0.294535209375 0.6558080796875 0.28721739999999996 0.66811734375 0.20410207656249998 0.6716658468750001 0.19719088125 0.675252934375 0.17223575156249998 0.6791412890624999 0.1625403578125 0.6888425687499999 0.1539743109375 0.7039789609375 0.1540648109375 0.7038662984374999 0.1416919421875 0.7003184124999999 0.1353021984375 0.690806346875 0.1334541765625 0.685597184375 0.136242434375
0 0.8281543499999999 0.391006725 0.831890834375 0.4002833359375 0.8320414656249999 0.40791320468750003 0.8382315921875 0.4148162859375 0.8357399843750001 0.42193281562499996 0.8270582515625 0.4221462625 0.8224528515625 0.4288521203125 0.816714003125 0.45813958125000004 0.8202992374999999 0.4730872578125 0.827696890625 0.48782554375 0.8352837609374999 0.49214976093749996 0.842190934375 0.502042378125 0.84706025 0.502038321875 0.8512131359374999 0.48574379375000004 0.8582342093750001 0.4814074078125 0.858838590625 0.47202407500000004 0.9423377000000001 0.3951390390625 0.9479240624999999 0.39812451875 0.9518871109375 0.4055449953125 0.9721947015625 0.407590240625 0.9821225468750001 0.397168059375 0.9865773156250001 0.38283233125 0.9880132640625 0.3489085953125 0.98582415625 0.3446829890625 0.9804643609375001 0.339841378125 0.9625724453125001 0.3401656046875 0.9577790640625 0.3306836609375 0.9501921921875001 0.3263594421875 0.9371695921875001 0.3266796140625 0.9180340359375 0.28400883125 0.9030856249999999 0.300106134375 0.8803605078125001 0.3355942265625 0.8723958203125 0.33879721093750004 0.848162528125 0.337889425 0.8358753406250001 0.35212856718749996 0.8282315203125 0.3549188515625 0.8233230015625 0.38626778125 0.8281543499999999 0.391006725
0 0.5480156953125 0.554260265625 0.5490340046875 0.5725095390625 0.5543938015625 0.5773511499999999 0.5602061109375 0.5917814328125 0.567453134375 0.5988898500000001 0.5749646875 0.5993991328125 0.582325609375 0.5922785484374999 0.5844406390625 0.5660873468750001 0.5881024265625 0.5582480859375 0.5885935250000001 0.5497928203125 0.5990118515625 0.54421630625 0.605654490625 0.5607080578125 0.611240853125 0.5636935359375 0.6284163406250001 0.5470788390625 0.6344191015625 0.524493178125 0.644460234375 0.51314293125 0.64513993125 0.50757453125 0.629589609375 0.4798514265625 0.617437159375 0.43758725781249996 0.61162423125 0.4364579125 0.5984124140625 0.44719215312499994 0.5843316828125 0.47390886249999997 0.57878266875 0.4794813171875 0.5640234734375 0.485164553125 0.553869678125 0.48414192968750003 0.539902846875 0.4966296375 0.54367668125 0.5144641828125 0.549980090625 0.5204391968750001 0.5528103125 0.5371403390625 0.5480156953125 0.554260265625
0 0.4215311171875 0.46033110781250003 0.4259473 0.46403931875 0.4372712734375 0.464339209375 0.438252853125 0.46072960937499996 0.43225194531250005 0.4434124609375 0.4268566546875 0.3901101046875 0.42296953750000005 0.3732036265625 0.415571265625 0.371766278125 0.4072667296875 0.3777534609375 0.36997040000000003 0.435112590625 0.37842495 0.4500562140625 0.3827266125 0.4812943625 0.3914456953125 0.48963884843749994 0.3965409578125 0.5010795953125 0.40258045156250005 0.5003528078125 0.4046568953125 0.49220554375000003 0.403298734375 0.476740471875 0.41356643125000003 0.4635340890625 0.4215311171875 0.46033110781250003
0 0.15175377343750002 0.296759453125 0.14741290625 0.2968661765625 0.14186389375 0.3024386328125 0.1378622578125 0.3130620921875 0.137861640625 0.32636302968750003 0.1328778046875 0.35389702343749996 0.140766559375 0.3601800421875 0.14212471875 0.3756451140625 0.1507311359375 0.3716167328125 0.15865785625 0.37315675000000004 0.16280950624999999 0.38346409531250003 0.17722823125 0.39386599375000003 0.18202223281250002 0.39004700312499996 0.18451383906250002 0.382930475 0.18930783906249998 0.3791114828125 0.1940638703125 0.38003549375 0.20463221250000002 0.3953897875 0.20795353125 0.4036356625 0.208707928125 0.41518313281249997 0.22256023906250003 0.43022536406249995 0.2234658859375 0.43610176875000006 0.228448484375 0.43516964687500004 0.22939271562500002 0.4230021125 0.22493918281249997 0.4107359671875 0.223203825 0.38949715937499996 0.2246385375 0.38217529375 0.21924139375 0.3687757453125 0.21727946875 0.349393071875 0.21875400156249997 0.29742539687499997 0.2223025046875 0.2905142046875 0.22011339843750002 0.286288596875 0.2147536015625 0.281446984375 0.19844703125000002 0.2820792171875 0.1906709421875 0.28816906875 0.181762025 0.303539584375 0.167380028125 0.31499655625 0.1556035421875 0.305107996875 0.15175377343750002 0.296759453125
0 0.0859518015625 0.5034427531250001 0.0867447828125 0.49694628593749995 0.0831595484375 0.481998609375 0.059192025 0.4478898171875 0.060551421875 0.43675301875 0.0659871515625 0.4321086296875 0.0670820140625 0.42757096250000004 0.065573221875 0.404476021875 0.060893123437499995 0.394066009375 0.050777295312500005 0.3883003859375 0.0398305203125 0.39377423125 0.022201284374999998 0.42740213281250006 0.0209825546875 0.42852260624999994 0.0170610796875 0.46064914687499997 0.0182792046875 0.493538534375 0.0303514796875 0.493590696875 0.037221920312500004 0.4816244421875 0.045111290625 0.474606525 0.052773478124999995 0.48274567656249995 0.063001353125 0.5141851046875 0.0859518015625 0.5034427531250001
0 0.15045733125 0.57772990625 0.1504199828125 0.569171971875 0.15521398125000002 0.5653529796875 0.1594415671875 0.5661743234375 0.16495199375 0.5786458046875 0.1757854859375 0.5741000265625 0.1901668640625 0.5759439921875 0.20405714375 0.586243225 0.20632156875000002 0.5942837640625 0.213078109375 0.5965465109375 0.215455815625 0.6036589859375 0.22085357968750002 0.603757596875 0.21666457968750003 0.5848923171875 0.21428810937499998 0.5511779734375 0.21855675156249998 0.48075163437499996 0.2128197578125 0.4701362859375 0.20606321562500002 0.4678735359375 0.195116440625 0.4733473828125 0.1699756484375 0.506466 0.1561600671875 0.5132826390624999 0.1465347203125 0.512362684375 0.142382453125 0.5153562765624999 0.14230651875 0.5248422765625 0.150648403125 0.527413028125 0.14645693125 0.5617514953125 0.1430217109375 0.5677346234375 0.14581458125 0.5758778296875 0.15045733125 0.57772990625
0 0.1429071921875 0.5952645609375 0.14528428124999998 0.6156779703125 0.14339581875000001 0.6400130359375 0.13735570625 0.6540407593750001 0.138600584375 0.6704339 0.1432806828125 0.6808439125 0.15437809062500002 0.6829999375 0.15641656406249999 0.6795956734375 0.161361196875 0.6834065515625001 0.1628712234375 0.6798996203125001 0.1712510765625 0.6777273703125 0.1704213640625 0.6623649671875 0.1820858046875 0.646579721875 0.189785959375 0.6499758718749999 0.19348571406249998 0.6373936109375 0.192656 0.62203120625 0.19545010937500001 0.6035725421875 0.2003953578125 0.594082484375 0.2032261953125 0.5974826906249999 0.206208284375 0.5952118296875 0.196961371875 0.5734637390625 0.1711807046875 0.56750495 0.1660848234375 0.5693651390625 0.15559179843749998 0.5578257796874999 0.15540381718750002 0.5416379765625 0.1527615765625 0.5411246359375 0.1480428921875 0.5487585625 0.14355015937499999 0.567837290625 0.15166485937500002 0.5855651109375 0.1429071921875 0.5952645609375
0 0.03363050625 0.5996861265625 0.0278928953125 0.602371715625 0.0220695421875 0.59587765 0.026482417187500003 0.7150252546875 0.028906878125 0.7137275390625 0.0308700390625 0.706508340625 0.0412155234375 0.6439131515625001 0.0372530890625 0.6231917375 0.037291675 0.6051478 0.03363050625 0.5996861265625
0 0.1395796921875 0.7200280453125 0.1452799546875 0.708784521875 0.13648555625 0.6966250984375 0.0945489484375 0.6989284109375 0.09277438593750001 0.7090344749999999 0.0868475578125 0.72213413125 0.081411828125 0.7267785203125 0.0780519234375 0.73657658125 0.0793727328125 0.7434837187500001 0.13889813906249998 0.7654992515625 0.1454287328125 0.7563171984375 0.14686344375 0.7489953328125 0.145165434375 0.7363144609375001 0.1395796921875 0.7200280453125
0 0.20310735000000002 0.71811918125 0.200351828125 0.718533909375 0.19819945 0.7361671750000001 0.202463765625 0.7588473890625 0.2097487546875 0.7612128046875 0.21952535156250003 0.756461690625 0.2214125765625 0.7587284953125 0.22031771406249998 0.7632661609375 0.2225441703125 0.7760497015625 0.23375424374999998 0.7905785953125 0.2539112 0.784993971875 0.255421228125 0.781487040625 0.248891253125 0.7773681578125 0.24466428750000002 0.7632458796875 0.24504210468749998 0.7557186796875001 0.24923233906250003 0.7479820859374999 0.2547807328125 0.7557105671875 0.256970459375 0.7466352374999999 0.2558762140625 0.737871965625 0.2470064984375 0.721897609375 0.2528953625 0.7135409546875 0.25497180468749997 0.705393690625 0.23073851250000002 0.7044859046874999 0.2263217140625 0.7140786296875 0.223867453125 0.7297530953125 0.2085424609375 0.726775728125 0.20310735000000002 0.71811918125
0 0.2622574109375 0.6944581703125 0.257538728125 0.7020920953124999 0.235267978125 0.7072660484375 0.23243652343750001 0.7171667765625 0.2341724984375 0.7251046515625 0.24976202343749998 0.7214828828125001 0.252668796875 0.7153970890625 0.26014238437500004 0.7206493703125 0.257839375 0.73065276875 0.261575859375 0.739929378125 0.2675773859375 0.7439455921875 0.2743718953125 0.7414653390625 0.283959275 0.7471282953125 0.2837333265625 0.7356834921875001 0.3021549265625 0.708860059375 0.3062312609375 0.7153524703125 0.312912484375 0.7138002859375 0.3162350390625 0.6954442875 0.3190285296875 0.6902865578124999 0.32253906718750003 0.6881183671875 0.32695525000000003 0.6918265765625 0.32823809375 0.703476715625 0.3402411484375 0.7115091421875 0.3453370296875 0.709648953125 0.3487722484375 0.7036658265625 0.349150065625 0.696138625 0.3367698140625 0.6823324609375 0.3317125171875 0.666148715625 0.32941074531250003 0.6495502390625 0.329977778125 0.631608971875 0.3272228734375 0.6187227609375 0.3294126 0.6096474328125 0.3333383015625 0.6085099734375 0.328695553125 0.606657896875 0.3209194640625 0.6127477484375 0.308123428125 0.6112117875 0.2959299234375 0.6401953 0.2752445171875 0.64567725625 0.2738845046875 0.670114990625 0.266598896875 0.6810505109375 0.2622574109375 0.6944581703125
0 0.33858543281250003 0.6009787171875 0.3591949046875 0.6049827624999999 0.3661767734375 0.63199125 0.3642509640625 0.6477683812499999 0.37191315 0.6559075328125 0.3842940203125 0.6564127609375 0.3897677171875 0.6470253703125 0.38572934999999997 0.6357899578125 0.3873153109375 0.6227970265625 0.3952426484375 0.6110361078125 0.39697986093750004 0.5923721078125 0.39313009375 0.5840235640625 0.3836559953125 0.5774325421875 0.38611025468750004 0.561758078125 0.3843742796875 0.55382020625 0.3850925625 0.53020786875 0.3806010640625 0.522684725 0.3713908828125 0.5227955046874999 0.3564424703125 0.538892809375 0.34987391093750003 0.5528178640625 0.33760570625 0.56468550625 0.344398978125 0.5888071265625 0.33858543281250003 0.6009787171875
0 0.46299603906250003 0.64985139375 0.48337770625000004 0.6823134453125 0.48926595156249997 0.687257725 0.4934935359375 0.68807906875 0.4974572046875 0.6821986078125 0.501646821875 0.6877629515625 0.5130461093750001 0.6918777781250001 0.52097345 0.680116859375 0.5224081593750001 0.67279499375 0.51836979375 0.6615595828124999 0.518559628125 0.6378445796875 0.5202588718750001 0.6239235812499999 0.5283374609375 0.6064915937500001 0.52561990625 0.60216331875 0.525960371875 0.586078184375 0.5287918296874999 0.57617745625 0.532189084375 0.574937328125 0.5235453171875 0.570407775 0.5178077062499999 0.5730933640625 0.504284203125 0.589705021875 0.4861369390625 0.6020931015625 0.47073477812500003 0.6352036078125 0.46356245156250003 0.6452110609374999 0.46299603906250003 0.64985139375
0 0.401466415625 0.7063027390625 0.393388446875 0.710433790625 0.3850459421875 0.721163975 0.37994944375 0.7363250984375 0.3862902015625 0.7508580499999999 0.38304358125000004 0.75972804375 0.383911259375 0.7703474484374999 0.38949762187500003 0.773332928125 0.391535478125 0.7832296015625 0.40557700625 0.787857765625 0.4195811890625 0.78392799375 0.4328309734375 0.768450753125 0.44453338125 0.7479225078125 0.45125195468749996 0.7549282578125001 0.454573275 0.7631741328125 0.4547239078125 0.7708040031250001 0.45849835937499994 0.775337609375 0.46400940312500005 0.7745081546875 0.46072605156249996 0.7615192796875 0.45834958124999997 0.727804934375 0.4603133578125 0.7072847999999999 0.46805178906249995 0.6992874828125 0.4760541328125 0.697991965625 0.47896090625000004 0.6919061703125 0.4714505875 0.664795015625 0.4599386328125 0.6483073203124999 0.4476330796875 0.6516170296875 0.43502502656250003 0.6662688718750001 0.4335903140625 0.6735907359375 0.434911125 0.6804978734375 0.42988994375 0.6994739328125 0.42494469375 0.708963990625 0.4218493203125 0.7121629171875 0.401466415625 0.7063027390625
0 0.2912442609375 0.7494937109375 0.30845648125 0.754737884375 0.3142687890625 0.769168165625 0.3127201765625 0.79071903125 0.30686928125 0.7943326875000001 0.3033960953125 0.805058815625 0.3006405703125 0.8054735421875 0.3053953671875 0.832999425 0.31539791093749997 0.8396931140625 0.342650640625 0.8468879749999999 0.351370340625 0.841931525 0.34876606718750003 0.8366751875 0.35461758125 0.8197605953125 0.3536745859375 0.8053262562500001 0.3582052890625 0.7815045296875 0.354959284375 0.7770735890625 0.35454473750000004 0.7627419171875001 0.35745150937500003 0.7566561218750001 0.37534404375 0.7430309562499999 0.3806671078125 0.7260137 0.3767793734375 0.72240815625 0.320160125 0.7076077640625 0.308458334375 0.714835075 0.2993994015625 0.7092747875 0.2861496171875 0.7247520296875 0.2859604015625 0.7351660984375 0.2912442609375 0.7494937109375
0 0.44049006874999996 0.843094584375 0.44743520937500003 0.8482442015625 0.4484541390625 0.8531925375 0.45268172343749996 0.8540138796875001 0.45664539218750005 0.848133421875 0.45607959375 0.8394728171875 0.45294687187499993 0.8341138109375 0.454381584375 0.8267919453125 0.46151594218750003 0.8215274921875 0.46242220625 0.8141029609375 0.4593274515625 0.8040009515625 0.4600451171875 0.7936895500000001 0.4552137703125 0.7889506046875 0.4563086328125 0.784412940625 0.440530509375 0.7851478390625 0.40965272500000005 0.8076511109375 0.4084819265625 0.8216747765625 0.42697575312499997 0.8651709609375 0.4314299015625 0.8641361703125 0.435054340625 0.8477389750000001 0.44049006874999996 0.843094584375
0 0.4596673015625 0.8012167515625 0.4620070421875 0.813072225 0.48903258593750004 0.83542415625 0.4893718171875 0.8459408906249999 0.49635430625000004 0.8596484421874999 0.5074143640625 0.8532465312499999 0.5145866875 0.8432390765625 0.521871678125 0.84560449375 0.5241734499999999 0.8622029703124999 0.5333456640625001 0.8668351890625001 0.5424811484375 0.8496085390625 0.5479921953125 0.848779084375 0.5495022234375 0.8452721546875 0.548030778125 0.8307351468749999 0.538972465625 0.8118739250000001 0.5353866140625 0.8102271828125 0.5183623765625 0.8211708156249999 0.5125120984375 0.811483534375 0.5095685953125 0.7957104578124999 0.5100603125000001 0.7739542546875 0.511306425 0.7637455234375 0.5186673500000001 0.7566249359375 0.51243925625 0.7544648578125 0.50923121875 0.7452909140624999 0.5048903515625 0.7453976375 0.48601623906249997 0.7626324015625 0.48050519375 0.7634618546875 0.4596673015625 0.8012167515625
0 0.5411279328124999 0.727735978125 0.5259156078125 0.7371314812499999 0.5209323890625 0.7513645390625 0.5148549296875 0.756834328125 0.5159112078125 0.7703406 0.523007596875 0.7698191484375 0.5311982328125 0.77806096875 0.5368225609375 0.7763034453125 0.5401445 0.7712483859375 0.546070709375 0.771449665625 0.5498071953125 0.7807262749999999 0.548824996875 0.7976368093749999 0.5512027015625 0.8047492843749999 0.5594692718750001 0.8035051 0.5706793453125 0.8180339953125 0.5810976734375 0.8124574812500001 0.5765682078125 0.8096773390625 0.5738886171875001 0.8006060640625 0.57668210625 0.7954483359375 0.57113433125 0.77441891875 0.5720038656249999 0.745135515625 0.5796666703125 0.73997373125 0.5870643234374999 0.7547120171875 0.5971054515625001 0.74336176875 0.5994084609375 0.7333583734375 0.5998622109375 0.7163451703125 0.5949935140625 0.703048290625 0.5867275640625 0.6909915359375 0.5786122453125 0.6865646515625 0.5673256203125 0.69482269375 0.5454314515625 0.71907131875 0.5411279328124999 0.727735978125
0 0.618200459375 0.8586189718749999 0.6206541015625 0.8562454421875 0.6184649921875 0.8520198375 0.623901340625 0.8340745109375 0.6367726921875 0.8394254078125 0.6388111671875001 0.8360211453125 0.6406990109375 0.8249870125 0.6333779093749999 0.787461790625 0.6262821390625 0.77468230625 0.6159017796875 0.775515815625 0.5960840515625 0.7916171765625 0.581060940625 0.7905986109375001 0.5687927375 0.8024662546875 0.5652442343749999 0.809377446875 0.5658100296875 0.8180380515625 0.5698863625 0.8245304593749999 0.5805312578125 0.8170978140624999 0.58868454375 0.8167816999999999 0.5974036265625 0.8251261859374999 0.59713909375 0.8317253203125 0.602649521875 0.8441968015624999 0.618200459375 0.8586189718749999
0 0.599372965625 0.6848976296875 0.601259575 0.70046536875 0.60809143125 0.706543053125 0.6063168703125 0.7166491171875 0.6025797671875 0.72067344375 0.60318353125 0.7245910453125 0.6159789484375 0.7394279421875 0.6206596640625001 0.73653701875 0.6242461359375 0.7248828234375 0.6272282234375 0.7226119625 0.6454967203125 0.74136240625 0.65217670625 0.7664120921875 0.6573099375 0.7731098390625 0.6657651062500001 0.7747525234375 0.6716160015625 0.77113886875 0.6774295453125 0.758967278125 0.6821108796875001 0.7427754203125 0.6753549578125 0.727211734375 0.6807913046875 0.709266409375 0.6701476484375 0.6900971828125 0.6690534046875001 0.6813339125 0.67101718125 0.6608137796875 0.683247728125 0.6470386687499999 0.6891362812499999 0.64533248125 0.6829088062500001 0.6298714640624999 0.67509536875 0.62740338125 0.663091696875 0.6326718890625 0.6353466328125 0.66053416875 0.6196817921875 0.660341003125 0.613716996875 0.6781836593749999 0.6043182140625001 0.675407571875 0.599372965625 0.6848976296875
0 0.7297316296874999 0.8844791796875 0.730675859375 0.872311646875 0.7220706781249999 0.8497381562499999 0.723090225 0.8413855578125 0.7254305828125001 0.8399400953124999 0.716787434375 0.8221096078125001 0.71255985 0.821288265625 0.6910814640625 0.8332666874999999 0.6932705718750001 0.8374922921874999 0.6903637984375 0.8435780875000001 0.6787752921875 0.8498773296875 0.6808505 0.8683319390625 0.69628815625 0.883682175 0.705271771875 0.885427528125 0.713349740625 0.8812964765625001 0.7248243453125001 0.8892262375 0.7297316296874999 0.8844791796875
0 0.7578276671874999 0.6144158546875 0.7605078734374999 0.6101861921875 0.76666126875 0.595230403125 0.7692288125 0.5786278703125001 0.783195025 0.5794411015625001 0.795010096875 0.571285725 0.799011115625 0.5739632015625 0.8001427078125 0.5912844078124999 0.8162980296875 0.59632324375 0.8207515609374999 0.6085893890625 0.8232805203125 0.6100307953125 0.8311698906249999 0.6030128765625 0.8418901 0.5993951671875 0.8353987109375 0.577232346875 0.8280757546874999 0.57960993125 0.8269435421875 0.5755896609375 0.8211306125 0.574460315625 0.8058062406250001 0.5581820125 0.79372910625 0.5197327781250001 0.732088365625 0.5305589140625 0.715782103125 0.5245406781249999 0.7079306984375 0.5268155953125 0.70362718125 0.535480253125 0.703589215625 0.54022325625 0.7304249234375 0.5862901890625001 0.73250013125 0.6047447984375001 0.73952089375 0.6070588796874999 0.7489193671875001 0.616485434375 0.7578276671874999 0.6144158546875