0 0 0.174679746875 0.0007524999999999999 0.174642359375 0.0073848546875 0.181142871875 0.0096507234375 0.19371464375 0.0064404078125 0.210461371875 0.0086804546875 0.21815583125 0.0119940515625 0.22091835624999998 0.026280670312499997 0.21923281874999997 0.032353015624999995 0.223809715625 0.03357631875 0.24716619843749998 0.0424487234375 0.26136116875000004 0.046856521875 0.2630936109375 0.052312051562499996 0.2550168015625 0.0709651578125 0.247260003125 0.07035350781250001 0.23558176249999999 0.0725006046875 0.2257178921875 0.08016003125 0.21850730624999998 0.083416825 0.21053973906249998 0.08387355625000001 0.1929541 0.0810786609375 0.18431149062500002 0.07985535625 0.16095500625 0.073176525 0.14567532968750002 0.0670990171875 0.1401229703125 0.0659376796875 0.128472040625 0.06429895625 0.130504896875 0.057671765625 0.12497984843750001 0.059274342187499995 0.1161187515625 0.0520251703125 0.0969645359375 0.0512895828125 0.0618751890625 0.0534315140625 0.051035857812499995 0.0622212953125 0.049623425 0.056014685937499996 0.0196844984375 0.056111723437500004 0.0143424921875 0 0.0171303578125 0 0.174679746875
0 0.3518932453125 0.0756377984375 0.35901848125 0.0713809109375 0.3472427375 0.028058612500000003 0.3450336734375 0.0262169296875 0.32861545 0.0406927234375 0.3177095578125 0.057821803125 0.323247709375 0.065352396875 0.31510056406250003 0.0842958484375 0.3118902484375 0.1010425765625 0.3042979515625 0.120934178125 0.28673388437499997 0.12668543125 0.28346676406250004 0.132702071875 0.281355815625 0.1493941796875 0.2852655703125 0.1609085578125 0.28365783125 0.1687941921875 0.2853585234375 0.17846688593749999 0.28103334687500003 0.19234184999999998 0.2679080625 0.20567831875000003 0.254196946875 0.21221385937499998 0.252615025 0.22497680468749998 0.256488634375 0.2296629453125 0.26802166875 0.227138496875 0.279051496875 0.23342052343750003 0.282857975 0.2254256484375 0.2910877421875 0.22208960156250002 0.3395167375 0.230416359375 0.346719434375 0.2407914109375 0.347865278125 0.24951595312500002 0.3611299890625 0.2625169765625 0.36723331875 0.27294665 0.3683998171875 0.28557304375000003 0.3739121484375 0.288226325 0.38598970625 0.2846991046875 0.39036135625 0.27960330624999996 0.382054128125 0.2683074140625 0.373684934375 0.24530596875000002 0.3725132703125 0.23170411093749999 0.3669492984375 0.219296203125 0.3629827390625 0.197051734375 0.3629362625 0.18827256875 0.3667220828125 0.17637584374999998 0.3776641234375 0.1660750046875 0.3775763359375 0.1494921390625 0.374807259375 0.14572684062500002 0.373640759375 0.1331004484375 0.36204575625 0.1239193421875 0.3509333046875 0.1020299125 0.3486261234375 0.0816544390625 0.3518932453125 0.0756377984375
0 0.6057315203125 0.0411582328125 0.602500546875 0.05400311249999999 0.592657875 0.0642493296875 0.589992078125 0.0799932859375 0.5840230140625 0.0949256421875 0.564784075 0.09588151406249999 0.552223965625 0.11211705937500001 0.5528614375 0.1286726140625 0.56666550625 0.139695403125 0.5579996609375 0.16451893906249998 0.5400046796875 0.19273314375 0.527356784375 0.192385825 0.5190753765625 0.1859672453125 0.509232703125 0.1962134625 0.5081643203125 0.20212086093749998 0.4972429359375 0.21632354999999998 0.5006391546875 0.234693478125 0.49740301875000004 0.24656289375 0.5046367 0.26279072187499997 0.5074677421875 0.278261571875 0.5201001453125 0.275682503125 0.527277021875 0.2811802421875 0.5348951390625001 0.266165953125 0.5358860640625001 0.2456266140625 0.5402473875 0.23857989218750003 0.5517700953125 0.23410451718749997 0.5617005546875 0.240441165625 0.5607096296875 0.260980503125 0.567357478125 0.2704074046875 0.5712775609375 0.28387270781249996 0.582784778125 0.2764709453125 0.5943694546875 0.2837011234375 0.603117921875 0.274484990625 0.59921849375 0.26492153749999997 0.600748775 0.24240396406250003 0.5979538796874999 0.23376135312500002 0.5978764187500001 0.2191294125 0.59947383125 0.2092928546875 0.5950402125 0.2026831 0.5967741890625 0.1147822140625 0.5994812984375 0.106841959375 0.5998915546875 0.0804771578125 0.6025831703125 0.06961051406249999 0.6113213109375 0.058443456250000005 0.6266969703124999 0.0547523703125 0.6249807875 0.0421532890625 0.6205523296875 0.036518996875 0.6106580187499999 0.0370105875 0.6057315203125 0.0411582328125
0 0.7834142765625 0.265527115625 0.7884079078124999 0.27406048437499997 0.7895485875 0.2818095640625 0.7967254625 0.2873073015625 0.795117721875 0.29519293593749996 0.7863331078125 0.29758083125 0.78252663125 0.30557570625 0.7804931421875 0.3368997546875 0.7860674421875 0.351258590625 0.7954843656249999 0.3644507859375 0.8037451171875001 0.36696751562499996 0.812036853125 0.375337021875 0.8169788453125 0.3741157640625 0.8190846296875 0.3564481921875 0.8256498546875 0.3502676890625 0.82504853125 0.340540371875 0.89984916875 0.24120347656250002 0.9059060203125 0.2428539859375 0.9108893234375 0.24943642968750002 0.9317669890625 0.2464477015625 0.9404948 0.2333297171875 0.9431605968750001 0.21758576093749998 0.9402262734375 0.1826056578125 0.9374571984375001 0.17884035781250002 0.9313900187499999 0.175238925 0.9132711015625 0.180042025 0.9071781015625 0.17156327656249998 0.8989173515625 0.1690465484375 0.8857404265625 0.172628390625 0.860792921875 0.1338633984375 0.8477037859375001 0.15402810625000002 0.829231415625 0.1959261 0.8215616609374999 0.20118576093749999 0.7968465375 0.2063165890625 0.78621806875 0.22391974218750002 0.7788205734375 0.22867801718749997 0.7778967796875 0.2618983703125 0.7834142765625 0.265527115625
0 0.5201994328125 0.5021595734375001 0.5235956515625 0.5205295 0.52966283125 0.524130934375 0.537430703125 0.5374050640625 0.545706946875 0.5428481828125 0.553397359375 0.5414903703125 0.5599470906249999 0.5323834796875 0.5587031312499999 0.5051251453125001 0.5614050749999999 0.49620942812499996 0.560808915625 0.487457575 0.570661915625 0.47916228125 0.5795394843749999 0.494332715625 0.5855963375 0.49598322499999997 0.60087904375 0.4747338109375 0.6040480484375 0.45018338125 0.612770696875 0.43608993281249997 0.6127397140624999 0.43023715781250005 0.593366509375 0.40583099687499996 0.575559734375 0.36573550312499997 0.5695132109375 0.3660359203125 0.5574924578125 0.38029323125 0.5466588609375 0.4110787875 0.541747853125 0.41815282187499997 0.5275025453125 0.4276420609375 0.5170637124999999 0.429136425 0.5045036046875 0.44537197031250003 0.51064308125 0.4626298828125 0.5178147921875 0.467152159375 0.522849734375 0.483489228125 0.5201994328125 0.5021595734375001
0 0.37965303906250003 0.43791499843750004 0.3846156875 0.4405955921875 0.396148725 0.43807114374999995 0.396677753125 0.4341419828125 0.38834470468750004 0.417968775 0.3759676375 0.3649191609375 0.369833325 0.3486367125 0.3621377484375 0.3490190609375 0.354483484375 0.35720511093749996 0.32405233125 0.425065965625 0.3345686234375 0.4382035421875 0.3429791296875 0.46900869062500006 0.352909590625 0.4753453375 0.359562603125 0.4857477 0.3655987984375 0.483496359375 0.3666516921875 0.474662571875 0.3632709625 0.4592190328125 0.371983284375 0.44317466093749996 0.37965303906250003 0.43791499843750004
0 0.084643596875 0.338413146875 0.080251290625 0.33960709375000003 0.0753402828125 0.346681128125 0.07265383125 0.3585232328125 0.074375178125 0.3720977796875 0.0728810453125 0.40144359218750003 0.081701809375 0.4058839359375 0.08508253593750001 0.4213274765625 0.0932968140625 0.41506504062499994 0.10154207343749999 0.41465538124999995 0.1070905515625 0.42413690312499996 0.12307270156250001 0.43114859687499996 0.127444353125 0.4260527984375 0.1290520921875 0.418167165625 0.1334237453125 0.413071365625 0.13837090000000002 0.412825571875 0.1510859296875 0.42585390624999997 0.1555247125 0.43343912187500006 0.1577854171875 0.4450354328125 0.173793384375 0.4569244390625 0.1754734203125 0.46269528437499996 0.1804102484375 0.46049856250000004 0.1797934328125 0.44784485937499996 0.173684940625 0.4364397234375 0.1691738609375 0.4151980296875 0.16968223437500002 0.4073670171875 0.1624692109375 0.3950410390625 0.1579684578125 0.3757502703125 0.1527372828125 0.3223456171875 0.1554443921875 0.3144053625 0.152675315625 0.310640065625 0.1466081359375 0.30703863125 0.130138271875 0.31175980000000003 0.123033690625 0.3199185390625 0.11598075000000001 0.3378319046875 0.10286579375 0.3531193 0.0896320671875 0.345971053125 0.084643596875 0.338413146875
0 0 0.546990578125 0.008253575 0.5529638828125 0.0227054421875 0.58249315 0.044610178125 0.5657933234375 0.0445740296875 0.558965084375 0.038999728125 0.54460625 0.010256078125 0.5157870578125 0.0101941109375 0.5040815046875 0.0151102828125 0.49798293437499996 0.015634146874999998 0.49307830937499997 0.011112740625 0.46988568906249994 0.005014575 0.46043147968750003 0 0.45890373437500004 0 0.546990578125
0 0.1197028609375 0.6254841578125 0.1185570171875 0.6167596140625 0.12292866875 0.6116638156249999 0.1273261421875 0.61144533125 0.134534 0.622795846875 0.14494184999999998 0.6154487046875 0.15977815312500002 0.6137358578125001 0.1752106171875 0.6207748625 0.17855003281249998 0.6284147 0.1857010890625 0.6290351249999999 0.1890353421875 0.6356995000000001 0.1945270171875 0.63445093125 0.18783269375 0.6162448671874999 0.18105574687499998 0.5824314 0.176270975 0.5094901828125 0.16907344375 0.50009059375 0.16192238750000001 0.4994701703125 0.1515197046875 0.5077927718749999 0.13028858593749998 0.54787639375 0.117147809375 0.558286475 0.1072586609375 0.5597535265625 0.10343153125 0.563846553125 0.10458253749999999 0.5735465578125 0.11338264687499999 0.57408505 0.11357371406250001 0.6101771703125001 0.110861440625 0.6171419625000001 0.1147505421875 0.624754490625 0.1197028609375 0.6254841578125
0 0.11430929999999999 0.6452665171875 0.1193649 0.6655054390624999 0.12059853125 0.690812846875 0.11628368281250001 0.706638734375 0.119669575 0.7230577375 0.1257677375 0.7325119484375 0.137311103125 0.731938425 0.1389395 0.7279546421875 0.14445183125 0.7306079234375 0.14553054375000002 0.726651453125 0.153755146875 0.7223399421875001 0.150924103125 0.7068690937500001 0.1607203015625 0.6878437109375 0.1689758890625 0.689384978125 0.17110232812499998 0.6756192578125 0.168271284375 0.6601484078125 0.1687176875 0.6406118421875 0.1725086734375 0.629690578125 0.17582226875 0.632453103125 0.17855519687500002 0.6293901625 0.16635370625 0.609506278125 0.139414025 0.6098690359375001 0.1344823609375 0.6130412187500001 0.12233767343749999 0.603887425 0.12005115 0.5874138015625 0.1173027296875 0.5875503546874999 0.1135014171875 0.5965206937499999 0.1114111265625 0.617114653125 0.121942909375 0.6331786171875 0.11430929999999999 0.6452665171875
0 0 0.8077549953125001 0.00850716875 0.8085897296875 0.0090052125 0.7988077921875 0.0139317140625 0.794660146875 0.014989768749999998 0.7868018234374999 0.0173870375 0.72033380625 0.0106823875 0.7001768171875 0.008385534375 0.6817522687500001 0.00396224375 0.6770934390625001 0 0.6801141921875 0 0.8077549953125001
0 0.12708399374999998 0.773426759375 0.13141433593750002 0.760527259375 0.120913534375 0.750316071875 0.0786446703125 0.763149078125 0.078151790625 0.773906478125 0.073831778125 0.788756903125 0.06891560625000001 0.7948554734375 0.0667736734375 0.80569480625 0.06900855624999999 0.8124138015625 0.132279021875 0.8200031734375001 0.137719059375 0.8089999765625 0.1382274296875 0.8011689656250001 0.13486219375 0.788651815625 0.12708399374999998 0.773426759375
0 0.19131956249999998 0.7555994796875 0.18857630625 0.7567114953125 0.188674421875 0.7752452859375001 0.1959390859375 0.797325890625 0.2036398265625 0.7979190046875 0.21294830625 0.7906264843749999 0.21515737031249998 0.7924681671875 0.21463350625 0.7973727921875 0.218548425 0.8098626328125 0.23180797343749998 0.8218881937500001 0.2515449578125 0.8111503859375 0.2526236703125 0.8071939140625 0.24546228750000001 0.8046225640625 0.23934346718750002 0.7912665015625 0.2387524703125 0.7834901109375 0.24200409843749998 0.774547084375 0.2486364546875 0.7810475953125 0.2496841828125 0.7712383468749999 0.247438971875 0.762568425 0.23636783125 0.748482696875 0.24126334843750002 0.7384822734375 0.24231624062499998 0.7296484890625 0.217601115625 0.7347793171875 0.214359815625 0.7456732703125 0.2138979203125 0.7622834468749999 0.1979570828125 0.763075453125 0.19131956249999998 0.7555994796875
0 0.24829563281249997 0.7166670578125001 0.24449431875 0.7256373968750001 0.22255859843749998 0.736484446875 0.2209663515625 0.7472964671875 0.22375608281249998 0.7549636171875 0.23911108749999999 0.74737068125 0.24127367500000002 0.7404332 0.24953959218750002 0.7439253921875 0.248497028125 0.7547101015625 0.25349065937500004 0.7632434703125 0.260102359375 0.7658421328125 0.266677909375 0.7616125546875 0.2771425625 0.764995503125 0.2754315421875 0.7533718828125 0.2906574484375 0.72139238125 0.2956355890625 0.7269993609375 0.3022163046875 0.7237452453125 0.30321239218749996 0.7041813703125 0.30538014375 0.6982193515625 0.30866275625 0.6951291 0.3136254046875 0.69780969375 0.316435790625 0.7093786921875 0.3296591921875 0.7145760140624999 0.33459085625 0.71140383125 0.33730312812499996 0.7044390390624999 0.33671213125 0.6966626484375 0.32235838125 0.685667171875 0.315129865625 0.6704148062499999 0.31064460625 0.6540504265625 0.3088974375 0.6355985671875 0.3044328328125 0.6231360359375 0.3054805625 0.6133267874999999 0.309318021875 0.6111846890625 0.304365703125 0.6104550203125 0.297261121875 0.618613759375 0.2840738703125 0.6202446765625 0.2754493359375 0.652871915625 0.25516266875000004 0.663637034375 0.256945984375 0.6889171328125 0.2509665921875 0.7018985640625 0.24829563281249997 0.7166670578125001
0 0.31366901875000003 0.6021870390624999 0.33510669375 0.6011219265625 0.3456901171875 0.6269405171875 0.34577790625 0.6435233828125 0.354608996875 0.6499146515625001 0.36724140156249996 0.6473355828125 0.3715820703125 0.636387009375 0.366028425 0.625930025 0.3659561296875 0.6122735484375 0.37248004375 0.59828934375 0.37182707812500004 0.5788074 0.3668386125 0.57124949375 0.3563687953125 0.56689108125 0.3568306921875 0.5502809046875 0.354040959375 0.54261375625 0.35171312499999996 0.5183364296875 0.34618013593749997 0.5117812984375 0.3368458359375 0.514196503125 0.3237567 0.5343612109375 0.3188921671875 0.5502144109375 0.30797594687499996 0.5653925625 0.3179941953125 0.5883120765625 0.31366901875000003 0.6021870390624999
0 0.44627712812500003 0.620967215625 0.471167828125 0.64900211875 0.47778469062499995 0.6525762421875 0.4821821625 0.6523577578124999 0.4854441203125 0.6453656546875 0.4904170953125 0.6499971734375001 0.5025204703124999 0.651347265625 0.5090443828125 0.6373630609375 0.5095527546875 0.6295320484375 0.5039991125000001 0.6190750640625 0.5011215921875001 0.5948250500000001 0.50104413125 0.580193109375 0.5069873765625 0.5603834390625 0.5036686171875 0.556645453125 0.5019317765625 0.54014451875 0.5035240265625001 0.5293324984375001 0.5068118015625 0.5272177078125 0.49745168125 0.5247556 0.49197549687500003 0.5289305578125 0.4803992828125 0.5492640265625 0.46358299687500004 0.566442828125 0.4522358640625 0.6040839328125001 0.4462513078125 0.6160899015625 0.44627712812500003 0.620967215625
0 0.3911308484375 0.6939588984375 0.38346625625 0.7001940234374999 0.376387496875 0.7132300765624999 0.37317718125 0.72997680625 0.3814947359375 0.7432236249999999 0.3793476390625 0.7530874937500001 0.3816031796875 0.7637083421875 0.3876600328125 0.7653588499999999 0.3910097765625 0.7749496140625001 0.4058615703125 0.776163153125 0.4195675234375 0.7686521484375 0.43101277031249996 0.7495448359375 0.44023346406249997 0.7256694515625 0.44796002343749997 0.731139878125 0.45239880781249997 0.7387250953125 0.45353948749999995 0.746474175 0.4579576171875 0.750157540625 0.463444128125 0.7479335093749999 0.45842984062500003 0.735498290625 0.45165289375000006 0.7016848234374999 0.4509896015625 0.6802519546875 0.4578090125 0.6701559453125 0.46576393749999995 0.666833553125 0.46792652500000004 0.659896071875 0.4567934171875 0.6341047921875 0.442973859375 0.6201556171875 0.4309117953125 0.6266092249999999 0.4200110671875 0.6447137656249999 0.41950269375 0.652544778125 0.421737578125 0.659263775 0.4190976015625 0.6798850437499999 0.41530661718750006 0.6908063062500001 0.412578853125 0.6948447109375 0.3911308484375 0.6939588984375
0 0.284843303125 0.7655886187500001 0.3029932046875 0.7666382953124999 0.310761075 0.779912421875 0.3119792140625 0.80229344375 0.3065081953125 0.8074438640625001 0.3043714265625 0.8192586578125001 0.30162816875 0.8203706734375 0.310018021875 0.84727396875 0.321037521875 0.851605071875 0.3496314171875 0.8521358453125 0.3578405296875 0.8448979484375 0.35451660625 0.8401844984375 0.3582662796875 0.8214595328125001 0.35544039843749997 0.8069641453124999 0.3569551875 0.7815201843749999 0.3530867453125 0.77780950625 0.35081054843750004 0.763286809375 0.3529731375 0.7563493265625 0.3693707046875 0.73797168125 0.3725706921875 0.7192740265625 0.368157728125 0.7165661234375 0.30877119999999997 0.7156138171875 0.297829159375 0.7259146546874999 0.28791419218750003 0.722504396875 0.27646894375 0.741611709375 0.2776251140625 0.752287178125 0.284843303125 0.7655886187500001
0 0.44845060156249994 0.8238088343750001 0.456166834375 0.8273283359375 0.45784170625 0.8321237171875 0.46223917812500004 0.8319052328125001 0.465501134375 0.8249131296875 0.4638056078125 0.8162158984375001 0.4599319984375 0.811529759375 0.46044037187500003 0.8036987468750001 0.46700043124999996 0.7965427796875 0.46695911875 0.788739078125 0.46251000781249996 0.7792029359375 0.46190351874999996 0.7685001578125 0.45638602500000003 0.7648714125 0.45690988906249996 0.7599667906249999 0.440989709375 0.764660646875 0.41256105937500004 0.7953446796875 0.413188203125 0.8099493093750001 0.4375911859375 0.8497170765625001 0.4419783296875 0.8475476656250001 0.4435344296875 0.8299074046875001 0.44845060156249994 0.8238088343750001
0 0.4624945171875 0.7762765500000001 0.466404271875 0.7877909265625 0.49672984375 0.8038471734374999 0.4984356984375 0.8144953312500001 0.507297775 0.8267393765625 0.5176952953125 0.8174413109374999 0.523679853125 0.8054353421875 0.531380590625 0.80602845625 0.5358658515625 0.8223928375 0.54577565625 0.824827634375 0.5528182687500001 0.8049633421875001 0.5583047796875 0.8027393109375 0.5593834921874999 0.7987828390625 0.556007928125 0.7843147640625 0.5443716125 0.76732995625 0.540518659375 0.7665456671875 0.524655284375 0.781969615625 0.5174629171875 0.773545490625 0.5124331375 0.75818388125 0.5101156296875 0.7358574828125 0.510058825 0.7251273921875 0.51660855625 0.7160205015625001 0.5100071859375 0.715372765625 0.5055632375 0.7068120875 0.5011709296875 0.708006034375 0.4842443328125 0.730312840625 0.4787578203125 0.732536871875 0.4624945171875 0.7762765500000001
0 0.5356667578125001 0.6809234359375 0.52144210625 0.6943145265624999 0.5182266249999999 0.71008579375 0.5127659328124999 0.7171871375000001 0.51558665 0.7307070625 0.5227222125 0.7284010999999999 0.5321029890625 0.734765059375 0.5375843375 0.7315655640625 0.5403017718750001 0.725576234375 0.5463431328125 0.72430035625 0.5513367640625 0.732833725 0.5525290843749999 0.75033743125 0.5558633359375 0.7570018078125 0.56409310625 0.753665759375 0.577352653125 0.7656913203125 0.5872056515625 0.7573960296875 0.58224816875 0.7556908984375 0.57835390625 0.7471029078125 0.5805216578125 0.7411408890625 0.572167953125 0.7210658328124999 0.5692594515625 0.690963040625 0.57636919375 0.683779765625 0.58578611875 0.6969719624999999 0.594508765625 0.682878515625 0.59555133125 0.6720938046875 0.5938093265625 0.6546174078125 0.5871459875 0.6422641203125 0.5771948703125 0.632025621875 0.5683844359375 0.629536203125 0.5579972421875 0.64078519375 0.538913221875 0.6710049453125 0.5356667578125001 0.6809234359375
0 0.6308424125000001 0.7952324625 0.6330256578125 0.79219683125 0.6302565812500001 0.7884315328125 0.6334514046875 0.768758415625 0.647208996875 0.7710020390625 0.6488373937499999 0.76701825625 0.649325109375 0.75528539375 0.6370358296874999 0.7188186453125 0.62817891875 0.7075500609375001 0.6177504140625001 0.7109953515625 0.599719284375 0.7323813171875 0.5843384609375 0.7350969390625 0.573422240625 0.7502750921875 0.5707151328125 0.7582153468749999 0.5724106609375 0.7669125796875 0.5773888 0.7725195593749999 0.587231471875 0.7622733421875 0.59546640625 0.7599127578125 0.6053968640625 0.76624940625 0.6059826953125 0.7730503343749999 0.6131905578125 0.7844008484375 0.6308424125000001 0.7952324625
0 0.58924144375 0.6226456234375 0.59317185625 0.638061853125 0.60089325 0.6425568171875 0.6004003703125 0.6533142187500001 0.5971280875 0.6583553953125 0.5982481109375 0.662202625 0.6131567109375 0.674146253125 0.6175335265624999 0.6700259187500001 0.61966513125 0.6572356609375001 0.6223980578125 0.6541727203125001 0.643368675 0.6687423203125 0.6533920875 0.6926372953125 0.6594695953125 0.6981896562500001 0.6682645375 0.6977526875 0.6737355593750001 0.6926022671875 0.6780607359374999 0.6787273046875 0.6807162015625 0.6610324234375 0.6718438 0.6468374515625 0.6750386234375 0.6271643359375 0.6617532578125 0.6102614609375 0.65950804375 0.6015915390625 0.658844753125 0.5801586703125 0.6694758046875 0.563043246875 0.6752319921875001 0.5598300984375 0.6669092734375 0.5456078171875001 0.6586588484375 0.5450420125 0.6471567953124999 0.5534192375 0.6226017578125 0.588789409375 0.6066764109375 0.5925078046875 0.6029319046875 0.6122082328125 0.593032428125 0.6117243609374999 0.58924144375 0.6226456234375
0 0.7473982046875001 0.79374635625 0.7467813890625 0.781092653125 0.7351244171875 0.7602059953125 0.7350779421875 0.75142683125 0.7372663484374999 0.7493666640625001 0.72618488125 0.733330009375 0.7217874109375 0.7335484937500001 0.7015368875 0.751141853125 0.7043059656249999 0.75490715 0.7021433765625 0.76184463125 0.6911961734375 0.7711700078125 0.6956917609375 0.7894853140625 0.7133487796875 0.8012923890625 0.7226934093749999 0.800828109375 0.7303580015625 0.7945929859375 0.7430317171875 0.7998176171875 0.7473982046875001 0.79374635625
0 0.7409534953125 0.511107971875 0.7431264093750001 0.506121415625 0.74743609375 0.48932006406250006 0.7478928265625 0.471734425 0.7621742828125 0.46907342500000004 0.773111159375 0.4577971234375 0.777518959375 0.45952956250000004 0.7809100140624999 0.476924028125 0.797960546875 0.4780283265625 0.8040690390625 0.4894334609375 0.8068226234375 0.490272371875 0.8139220390625 0.48113816875 0.8243350515625 0.474766490625 0.814876815625 0.45377059375 0.807751578125 0.45802748125 0.8060818703124999 0.4542075609375 0.8000353468749999 0.454507978125 0.7823731640625 0.44172544062499997 0.765136728125 0.4055044859375 0.703970896875 0.43196072343749997 0.686640359375 0.42989461875 0.6789654390625001 0.43417881718749995 0.675718975 0.4440973078125 0.676294478125 0.4489473109375 0.7094975703124999 0.48925357031249994 0.7139931578125001 0.5075688765625 0.72141905625 0.508175646875 0.73217920625 0.515446790625 0.7409534953125 0.511107971875