0 0.10854004375 0.9775741578125 0.113351246875 0.9823434703125 0.119981759375 0.9838117828125 0.1225547265625 0.9838444046875001 0.1254692828125 0.9759054765625 0.12397990156250001 0.9306867875 0.129527659375 0.901565584375 0.1210451140625 0.9005163734374999 0.1188281359375 0.890129975 0.1190350953125 0.8562327453125 0.125740634375 0.8374845125 0.1240711796875 0.82898838125 0.130372590625 0.8234183015625 0.1319793125 0.8253219968750001 0.1329309640625 0.8140341125000001 0.1387027796875 0.808457315625 0.1449145703125 0.7934694734375001 0.1457586765625 0.7708802734375 0.148326009375 0.7624378593750001 0.14763509218749998 0.7454791734375 0.1443858 0.737904675 0.1369086796875 0.731218234375 0.1347006640625 0.7217736140625 0.1351227140625 0.7104790140625 0.1170536171875 0.7036582796874999 0.11168592968749999 0.6960569234375 0.10746706406249999 0.6978867578125 0.0991279125 0.711905965625 0.098283809375 0.7344951656250001 0.0925030328125 0.739130184375 0.0787244984375 0.7380138265625 0.0755737921875 0.740798865625 0.07352709375000001 0.74830621875 0.076857046875 0.764356703125 0.07485515937500001 0.7765729343750001 0.0685627078125 0.7830847921874999 0.064325915625 0.7830310734375 0.0622971421875 0.7924219781249999 0.05544820625 0.7961017921875 0.04876955 0.8176753531250001 0.04031389375 0.8194514703125 0.036657721875 0.824798728125 0.03913220625 0.8804746421875 0.06415315 0.9318115765625 0.063731096875 0.9431061765625 0.065885340625 0.9469001406249999 0.0860280234375 0.949038853125 0.10204146249999999 0.9624251609375 0.10854004375 0.9775741578125
0 0.4199882421875 0.6750946546875001 0.41426123906249995 0.6853803296875001 0.4016763359375 0.6984040453125 0.400697796875 0.7068666015625 0.393911596875 0.71713885 0.347405478125 0.7269074921875001 0.3394346078125 0.72398144375 0.3356557171875 0.71640023125 0.32512647656250004 0.72285836875 0.313986975 0.7208338078125001 0.3103245921875 0.7254956875 0.312029896875 0.737758921875 0.32532364375 0.743577446875 0.3381505265625 0.7559816921875 0.3425127890625 0.7692202781249999 0.341013615625 0.7786178953125 0.342674109375 0.78617225 0.3390744609375 0.7974265625 0.341345215625 0.8134636171875 0.3445765828125 0.8191545609374999 0.36156855781249997 0.8240783140625 0.3691621875 0.84300784375 0.3724921375 0.8590583281249999 0.380606403125 0.8770527984375001 0.3753821125 0.8845198609375 0.3861264484375 0.9006643515625001 0.4021398859375 0.9140506609375001 0.40424035625 0.912193965625 0.414958634375 0.8699550453124999 0.408038 0.8661006484374999 0.40480663281249996 0.860409703125 0.40673682187500004 0.8406592625 0.4171226703125 0.8191327015625 0.4281546234375 0.8098559484375001 0.4290973125 0.7976262859375 0.43170945781250003 0.79389275625 0.4315571 0.7778825578124999 0.4208755015625 0.7683305015624999 0.4170607609375 0.756982184375 0.4169801015625 0.7485061984375 0.42048116406249997 0.7268923468749999 0.42566064375 0.7147164046875 0.4265943703125 0.7015449671875 0.43432326093749996 0.6790430578125 0.442159696875 0.6678424609375 0.4378780953125 0.6630798625 0.42620003281249996 0.6601068109375 0.4209309296875 0.6628649921875 0.4199882421875 0.6750946546875001
0 0.61627595625 0.657254746875 0.6126942359374999 0.6703926124999999 0.6064286703125 0.6797297984374999 0.607676075 0.699520528125 0.598206028125 0.7059920984375 0.587048603125 0.702083984375 0.5827490765625 0.69543783125 0.5815016734375 0.6756471015625001 0.57395285625 0.6614264515625 0.5671218437500001 0.6669898187500001 0.55492314375 0.6649518265625 0.55241854375 0.679986671875 0.5456861156249999 0.695909578125 0.54897125625 0.70725118125 0.5459639453125 0.725104640625 0.5566813953125 0.7384238046875 0.5577943656250001 0.744087890625 0.5674167671875 0.7536265171875 0.5752980171875001 0.7471348046874999 0.5874698281249999 0.7463474671875 0.605197534375 0.7729387875 0.613895171875 0.7965906281249999 0.6007627453125 0.8077240765625 0.6003855046875 0.8237275578125001 0.612709675 0.8389504156250001 0.6312456359375 0.8391854296875 0.6372056578125 0.8533859359375 0.639997046875 0.8684879296875 0.64961945 0.8780265578125 0.6529135515625 0.8903099359375 0.6577157890625001 0.8941374734374999 0.6672485703125 0.8942583390625 0.6714315875 0.8886613984375 0.6729038765625 0.8764384515625 0.658048221875 0.8734251109375 0.649476053125 0.8629581375 0.646729475 0.852565025 0.6459578968749999 0.8271303515625 0.6432382046875 0.8195625671875 0.640313209375 0.7347758468750001 0.644487265625 0.7282371296875 0.6428088468750001 0.7187992249999999 0.6426744125 0.70467258125 0.645241746875 0.69623016875 0.6434468203125 0.6745491718750001 0.647064390625 0.6651784109375 0.6385101484375 0.6565949890625 0.6274602687499999 0.663988190625 0.61627595625 0.657254746875
0 0.94372939375 0.6783564140625 0.9390257406250001 0.6848884140625 0.9332180781250001 0.6866981062499999 0.8597847296875001 0.5934841171875 0.8602247078125 0.5840730703125 0.8538157468750001 0.5783418359375 0.85153603125 0.56136300625 0.846760678125 0.560360796875 0.8388973546875 0.5687360609375001 0.8309802578125 0.5714606703125 0.8221025484375 0.5845313859375 0.8169409921874999 0.5985908828125 0.8193461781250001 0.62875458125 0.8231250703124999 0.6363357953125 0.8316165765625 0.638326784375 0.8332770703125 0.6458811359375 0.826446059375 0.651444503125 0.8254585578125001 0.658965284375 0.8207728281250001 0.6673808375 0.8155126890625001 0.6710807953125 0.8168766015625 0.70311461875 0.824066515625 0.707443259375 0.8345505328125 0.7240552796874999 0.8584183328125 0.7281245484375 0.865877528125 0.7329274328125 0.884260303125 0.7727103375000001 0.8971499203125 0.7917070140625 0.9206144203125 0.7533963499999999 0.9333516812499999 0.7563828328125 0.941268778125 0.7536582234375 0.9470137046874999 0.7452561015625 0.9645263171874999 0.7492447921875 0.9703160578125001 0.7455515484374999 0.972928203125 0.741818015625 0.975253559375 0.7079476453125 0.9724621671874999 0.692845653125 0.9638720765625 0.6804951265625 0.94372939375 0.6783564140625
0 0.612893659375 0.468768225 0.6032891796875 0.4611131515625 0.6037381203125001 0.45264387968750003 0.601009465625 0.44413431875000003 0.6018177203125 0.4177780125 0.5953818734375 0.4092214515625 0.5879585281249999 0.40818566875 0.5800683171875 0.41373560468750004 0.572779403125 0.42682646562500004 0.5669896640625 0.4305197109375 0.563982353125 0.44837317031249996 0.5668006296875 0.4663004921875 0.5621865984375 0.48225025625000006 0.555346621875 0.4868718453125 0.5496823546875 0.50374995625 0.5620065234375 0.5189728140625001 0.5720778656250001 0.5200421703125 0.5859280984375 0.5286927390625 0.5907572234375 0.53534560625 0.601627028125 0.5646749640625 0.6134036765624999 0.5780075546875 0.6192292640625 0.578081415625 0.635800015625 0.5387416859374999 0.6541029593750001 0.51449051875 0.6540491859374999 0.508839859375 0.645450134375 0.49554755781250004 0.642048484375 0.47196286406250004 0.6270315078124999 0.45199755 0.6212238453125 0.45380724062500005 0.612893659375 0.468768225
0 0.42212968125000006 0.510607696875 0.413512703125 0.49543184218749997 0.41654690156249996 0.480403709375 0.41540704375 0.47191429375 0.40956353125 0.4699568796875 0.403306928125 0.4802358421875 0.3938368828125 0.48670741093750003 0.3861796921875 0.5167435296875 0.376242784375 0.529800815625 0.40650975312500004 0.5942176265625 0.413995834375 0.601845840625 0.42141021875 0.6019398484375 0.4270834484375 0.5860035140625001 0.43824170156250003 0.53435354375 0.44603332812499996 0.5184440671874999 0.44546788125000003 0.5146702484375 0.43432838125 0.5126456875 0.42958887656250005 0.515410584375 0.42212968125000006 0.510607696875
0 0.21588390624999998 0.516467696875 0.21387305781250002 0.5277421515625 0.2097079640625 0.5352226453125 0.1976526609375 0.548253075 0.1928862703125 0.5481926406250001 0.1886046671875 0.5434300421875 0.1869441734375 0.5358756890625 0.18266257187499998 0.5311130890625 0.16737590156249998 0.5384525734375 0.1621695328125 0.5478031890625 0.15422555 0.5477024671875 0.14622779375 0.5419510890625 0.1431935953125 0.5569792203125 0.134764825 0.561580665625 0.1366224875 0.5898540984375 0.13515916249999999 0.603018821875 0.13791470156250002 0.614353709375 0.1427438296875 0.6210065765625 0.14698958281250002 0.62200206875 0.15168427499999998 0.6145282921875 0.16432295 0.6071552359375 0.1771677578125 0.6214430328125 0.1842138625 0.6384822953125 0.191170346875 0.6461037984375 0.2070941625 0.65007234375 0.21288390000000001 0.6463791015625 0.21549604531250002 0.6426455703125 0.21277635468749997 0.6350777859375001 0.21704982187500002 0.583340525 0.22110736874999998 0.5645587171875001 0.2278756453125 0.5524029171875 0.22727434999999999 0.54486199375 0.231313971875 0.5241966328125 0.2370320125 0.51296918125 0.2374451046875 0.500732803125 0.232660790625 0.49878881875000003 0.231125765625 0.5044193328125 0.21588390624999998 0.516467696875
0 0.0619694515625 0.424116625 0.0550040078125 0.415553346875 0.0495825453125 0.40230133125 0.029951539062499997 0.39828578281250004 0.028389628125 0.40109096875 0.028290214062500003 0.44628951250000004 0.030552007812499997 0.46138479062500004 0.034304009375 0.466140675 0.0478935109375 0.5030378171875001 0.0580275859375 0.51069960625 0.068583715625 0.507066796875 0.07431968125 0.49772289374999995 0.0783413796875 0.47517398125000004 0.07776696875 0.4704583875 0.0729468046875 0.464747296875 0.07283925937499999 0.4534459828125 0.10010057187500002 0.424600084375 0.10526212812499999 0.41054058906249996 0.10519939375000001 0.403948153125 0.0838720421875 0.38861114375 0.0703802984375 0.4176316265625 0.0619694515625 0.424116625
0 0.23325560625000002 0.338713715625 0.2301497109375 0.3462076375 0.2153926421875 0.3535538359375 0.2010845078125 0.3524307625 0.19095939374999998 0.3457107484375 0.18418215468750002 0.3569247734375 0.1799453640625 0.35687105468749997 0.1756637609375 0.35210845625 0.17664229843749998 0.3436459 0.17188487187499998 0.34452724375 0.16824937499999998 0.35201445 0.17096010625 0.3586404578125 0.171291709375 0.393486178125 0.1628270890625 0.39432051874999996 0.1618575125 0.40372485156250004 0.165600553125 0.40753895937499995 0.175142296875 0.40860160156249997 0.1879422921875 0.41818051718750004 0.2089551375 0.456113440625 0.21908921406249998 0.4637752296875 0.2259650390625 0.4629207453125 0.23276020000000003 0.4535902734375 0.23632482656249998 0.3830107734375 0.24236633593749998 0.35012918125 0.24855124062499998 0.332316009375 0.243246290625 0.33130708750000004 0.2401314328125 0.33785923125 0.23325560625000002 0.338713715625
0 0.20804264843750003 0.24893609687499998 0.200062815625 0.2450682703125 0.19896776875 0.2412877359375 0.193698665625 0.24404591718750002 0.1920740203125 0.2402586671875 0.18095244375 0.240117659375 0.1752164796875 0.2494615609375 0.17219124375 0.26543146875 0.1765714296875 0.2805536046875 0.17574525000000002 0.305026359375 0.171167065625 0.3247432265625 0.178688996875 0.3361385484375 0.16877897656250002 0.35202116562499997 0.171085578125 0.371825325 0.17487343125000002 0.3803483140625 0.1775214234375 0.3803818875 0.1794874625 0.3643985515625 0.191049015625 0.35512851093750003 0.1958422921875 0.3580142734375 0.2217836765625 0.35740151875000004 0.2332466453125 0.33777193906249997 0.23057176406250002 0.33491303906250003 0.22742105625 0.3376980765625 0.22361528125 0.32729153593750004 0.22290643906250002 0.308449296875 0.22541103750000002 0.29341445 0.2231671703125 0.280202725 0.2152411109375 0.28198555625 0.2055380484375 0.26397094375 0.20804264843750003 0.24893609687499998
0 0.0669730015625 0.170872821875 0.047934328124999995 0.17345641875 0.0453042578125 0.1753063984375 0.0464530765625 0.184737590625 0.0363906984375 0.1846100125 0.031678081250000004 0.19020023749999998 0.0313725375 0.21373792656249999 0.034101192187500004 0.2222474875 0.030950484374999997 0.225032528125 0.0299629859375 0.2325533078125 0.0297560265625 0.2664505390625 0.0319371578125 0.27306983125 0.030366285937499998 0.2749332390625 0.0346030765625 0.27498695624999997 0.0426277203125 0.2835636640625 0.0448267765625 0.292066509375 0.0523128578125 0.299694725 0.0591438703125 0.2941313578125 0.06447570625 0.2979656109375 0.06866768749999999 0.29331044687499996 0.070615803125 0.27544355781249996 0.07678278125 0.2557468328125 0.07352535624999999 0.1916724734375 0.072394459375 0.184124834375 0.067592221875 0.1802972984375 0.0669730015625 0.170872821875
0 0.12311048437500001 0.17158458125 0.1253274625 0.1819709796875 0.130147628125 0.1876820671875 0.134518853125 0.2018624296875 0.135147034375 0.2122286828125 0.176024734375 0.22310525625 0.1859885296875 0.212873296875 0.1816352296875 0.20057648593750002 0.1889062171875 0.1856020734375 0.19196730312500002 0.1733992703125 0.1913660046875 0.16585834531250002 0.1859714328125 0.155431659375 0.12516614375 0.16501900625000002 0.12311048437500001 0.17158458125
0 0.26558155 0.174332615625 0.266155959375 0.1790482109375 0.2640554890625 0.18090490625 0.25498957187500004 0.1741983203125 0.2475841484375 0.1750460921875 0.24090549375 0.1966196546875 0.2410757765625 0.214513403125 0.2437327328125 0.215488753125 0.25001622343749996 0.20803511718749998 0.265374590625 0.2082298453125 0.266056546875 0.22424675624999998 0.269332725 0.2346465828125 0.2932005234375 0.2387158515625 0.292060665625 0.230226434375 0.287204653125 0.22074823906250002 0.29766219843749997 0.2067558890625 0.29969993281249996 0.19830676249999998 0.2985511140625 0.1888755703125 0.2922586625 0.195387428125 0.289000409375 0.186871153125 0.2894583109375 0.17934365937500002 0.29515842812500004 0.166232653125 0.3020163265625 0.1634946171875 0.3009212796875 0.15971408125 0.281766096875 0.1500545890625 0.2691722328125 0.1621365265625 0.26558155 0.174332615625
0 0.36484873281249997 0.255632534375 0.36230828437499996 0.2669002734375 0.35756878125 0.269665171875 0.35436429999999997 0.266799553125 0.3521921328125 0.26112203906250003 0.35095369062500004 0.2422730828125 0.3445716171875 0.23936717968750001 0.339859 0.244957403125 0.32474343906250003 0.2146325515625 0.32622469062500004 0.2033513796875 0.316198159375 0.20699090468749998 0.3098071234375 0.20314322499999998 0.303478825 0.205887975 0.2987930953125 0.2143035296875 0.299950875 0.22467649843749998 0.2920427421875 0.22834288281249998 0.28986161093749996 0.2217235890625 0.27497010781250003 0.21494314375 0.272393809375 0.2224437796875 0.27408119062499997 0.2328234625 0.2953547671875 0.2425098140625 0.2991426203125 0.2510328046875 0.3019250484375 0.265193021875 0.30786714531250003 0.27750997499999996 0.306511365625 0.3019760109375 0.326196146875 0.3116422203125 0.33496548125 0.34282826875 0.34768481875 0.3439312 0.35464130312500003 0.3515527 0.35939873125 0.3506713578125 0.3556736125 0.3487408015625 0.35452479375 0.339309609375 0.358645075 0.3271202359375 0.360063590625 0.30924663125 0.36414802343749997 0.293290153125 0.3708894140625 0.278309025 0.3845514375 0.2671822921875 0.38500934062500003 0.2596547984375 0.382298609375 0.2530287890625 0.3775053328125 0.250143028125 0.36484873281249997 0.255632534375
0 0.3940385796875 0.3181523609375 0.3941909375 0.33416255625 0.3843705375 0.359462934375 0.36371617968750003 0.3592010609375 0.36807844218749997 0.37243964531249996 0.35876075625000003 0.3949214109375 0.36948716875 0.40918235000000003 0.374396953125 0.4243112 0.3872865703125 0.44330787968749996 0.396307678125 0.4453055828125 0.4015409296875 0.4387802953125 0.40343526875 0.41526274843750005 0.4060115671875 0.40776211250000005 0.40532961093750003 0.3917452015625 0.41534717656250003 0.3871639 0.42004186875 0.379690121875 0.42039222499999995 0.36086131250000003 0.41391156875 0.34759586875 0.413786096875 0.334411 0.4189835015625 0.32411860937500003 0.414648125 0.3137053515625 0.4024494265625 0.31166736093749997 0.3940385796875 0.3181523609375
0 0.5284760390625001 0.3113819109375 0.5252357109375 0.3047491890625 0.5209989187499999 0.3046954703125 0.51467958125 0.3083820015625 0.491116496875 0.3363331265625 0.4911613078125 0.34104200625000003 0.49709444375 0.352417184375 0.5085565843750001 0.3883456890625 0.5249918671875 0.40432691875 0.536427328125 0.423540575 0.541759165625 0.42737482812499994 0.5507354624999999 0.42466364843750004 0.54753994375 0.4227398078125 0.5458525625 0.412360125 0.5472890031250001 0.3963700734375 0.550430746875 0.39264325625 0.5444259140625001 0.37373386875 0.5442914812499999 0.3596072265625 0.5467154203125 0.33609639375 0.5519128234374999 0.3258040015625 0.5513115281250001 0.318263078125 0.5448308703125 0.30499763281250003 0.5331976171874999 0.3067334625 0.5284760390625001 0.3113819109375
0 0.4953280578125 0.222445346875 0.49116296562499995 0.2299258390625 0.4838023546875 0.235482490625 0.47458407812500003 0.2127657109375 0.4632922203125 0.1947309515625 0.4499895125 0.187970653125 0.43570826562500004 0.18967290625 0.43262029375 0.1990503796875 0.42681263124999996 0.2008600703125 0.42479281875 0.21119275 0.42700083906249997 0.22063737187500002 0.41918232499999997 0.23372151875 0.422512278125 0.249772003125 0.429513571875 0.2621023859375 0.43698172968750004 0.26784705 0.4576181609375 0.26622537031250004 0.46030200624999995 0.27002605 0.46410778124999996 0.280432590625 0.466943984375 0.30024346562500004 0.464888321875 0.30680904062500003 0.4654896203125 0.3143499640625 0.47624291718749995 0.33143623125 0.487947865625 0.3372346140625 0.5010534046874999 0.3232758375 0.511403403125 0.2979821734375 0.509222271875 0.29136288125 0.501516203125 0.2884401890625 0.49480659375 0.2789384921875 0.49513902343750005 0.258226128125 0.5011805328125 0.2253445375 0.5058304140625001 0.21316187968750003 0.5005165015624999 0.21121117812499998 0.4963155578125 0.21492456718750003 0.4953280578125 0.222445346875
0 0.3567002734375 0.1227547921875 0.3490072328125 0.1490238046875 0.35166418906249997 0.1499991546875 0.35389013125 0.161327328125 0.35923093125 0.16610335781250002 0.35837786562499996 0.18775078125 0.35108895156250003 0.20084164375000002 0.3336301109375 0.20250360937499998 0.3268707984375 0.2156011859375 0.32591018437499997 0.22594729375 0.3372020421875 0.24398205312500001 0.3466989734375 0.2403358125 0.357380575 0.24988786875 0.41454140781250004 0.24684595312500002 0.41875131093749995 0.24407434375 0.4154034359375 0.22614030624999998 0.3993541484375 0.2089868921875 0.3971730171875 0.2023676 0.39915697968749997 0.18826781406249998 0.40282832500000004 0.1845477125 0.40100650781249997 0.1600413859375 0.40352007187499994 0.145948315625 0.39964259687500003 0.1280075640625 0.40277537968750005 0.12333897187500001 0.394768659375 0.1166458171875 0.36724744062500003 0.11818020625 0.3567002734375 0.1227547921875
0 0.4976900890625 0.136783996875 0.4903115546875 0.1404570953125 0.485491390625 0.1347460046875 0.483741275 0.11777389062500002 0.479486559375 0.11583661875 0.4565606203125 0.1550957734375 0.45616545625000005 0.169215703125 0.4839734640625 0.19781815625000002 0.49936768125000003 0.20177998593750002 0.498793271875 0.197064390625 0.5040534109375 0.1933644328125 0.5044844265624999 0.183011609375 0.50863159375 0.17364756406249998 0.508559896875 0.1661133546875 0.5021419734375 0.15944034375 0.501540678125 0.1518994203125 0.505203059375 0.147237540625 0.5067111953125 0.1387817 0.5034708671875 0.13214897812499998 0.49923407500000005 0.1320952609375 0.4976900890625 0.136783996875
0 0.57449089375 0.1386994078125 0.570406459375 0.154655884375 0.5630010359375001 0.1555036546875 0.5570679015625 0.14412847812500001 0.5469248640625 0.1355249125 0.5385677906249999 0.14766056875 0.537077578125 0.15799996249999998 0.5081109578125 0.1745826265625 0.5045113125 0.18583693750000002 0.5207936171875 0.22747653437499998 0.5261075296875 0.22942723437499998 0.5427222656249999 0.2503544671875 0.5469680171875 0.2513499609375 0.5511241499999999 0.24292769218750002 0.5574703734375 0.24206649374999997 0.5510345265625001 0.23350993125000002 0.5509359421875 0.2231503921875 0.55284820625 0.2015163984375 0.5574712015625 0.186508409375 0.564275328125 0.1781197140625 0.5797681296875 0.19244108437500002 0.583466359375 0.1915463125 0.594426615625 0.1747353484375 0.597469775 0.1606489921875 0.596374728125 0.1568684578125 0.591060815625 0.15491775937500002 0.5839967859375 0.1359949421875 0.57449089375 0.1386994078125
0 0.5946775578125 0.2011050828125 0.5915627 0.20765722812499998 0.590664821875 0.22459577031250003 0.585979090625 0.23301132500000002 0.5801445421875 0.2319956875 0.577442775 0.22631145625000001 0.5721199 0.22341898124999998 0.563179453125 0.22989726406250002 0.556276740625 0.22792642187499998 0.5537542203125 0.2410777140625 0.55911294375 0.24773729531250002 0.5624339328125 0.262846003125 0.5763200125 0.2752636765625 0.5795872281250001 0.28472172812499996 0.59839205625 0.31321003125 0.60855301875 0.3236971484375 0.616999715625 0.32097925625 0.6264339125 0.31074058125000004 0.6326725890625 0.2985780671875 0.6341000671875 0.28164623906249997 0.6329422828125 0.2712732703125 0.6243432296875 0.2579809671875 0.6154655203125 0.2710516859375 0.608518 0.264371959375 0.6108881640625 0.23521046874999998 0.6186439406249999 0.21553388906249998 0.6164717734375 0.209856371875 0.6200983046874999 0.20142738906250002 0.6248467703125 0.1996042703125 0.6152422921875 0.19194919531250001 0.6026484265625001 0.204031134375 0.5946775578125 0.2011050828125
0 0.66585076875 0.168107625 0.6684629140625 0.16437409375 0.6663176328125 0.16152190625 0.6494780125 0.1726083484375 0.6427007765625 0.18382237343750002 0.6422339125 0.19040809375 0.6327638671875 0.1968796609375 0.6248019593749999 0.1948953875 0.6151795578125 0.1853567609375 0.6104669406250001 0.19094698593749998 0.608958803125 0.19940282812500001 0.6116784953125001 0.20697061093750002 0.6224049078125 0.22123154843749998 0.6372516 0.2233031140625 0.6549165703125001 0.243302 0.6650058359375 0.246254909375 0.6733718718749999 0.23506102968749998 0.684682484375 0.1994212546875 0.6840453375 0.1881132265625 0.682420690625 0.184325978125 0.66920760625 0.1869834375 0.66585076875 0.168107625
0 0.6952646703124999 0.25417185781249996 0.68949285625 0.25974865468749997 0.68018413125 0.28317219374999997 0.66020276875 0.2979854546875 0.6575278875 0.29512655312499997 0.655292984375 0.282856603125 0.6510203453125001 0.27903578125 0.6368376812500001 0.2910975734375 0.635814334375 0.29485125 0.6390367390625 0.2996004203125 0.6396649203125 0.3099666734375 0.632295346875 0.314581546875 0.62873155 0.329602965625 0.632537328125 0.34000950625000004 0.6420611453125 0.3391885953125 0.6459475828125 0.35807112343749997 0.6613328375 0.361091178125 0.6854784640625 0.394355509375 0.6966717390625 0.4020307265625 0.7046067593750001 0.4011896734375 0.7124163109375 0.38716375 0.7068286359375 0.384267915625 0.6963490984375 0.3681267828125 0.6966815296875 0.34741441875 0.6987192656250001 0.33896529375 0.71126831875 0.3221744734375 0.70791148125 0.3032986609375 0.7162506296875 0.2892794515625 0.713441315625 0.27229390625 0.709079053125 0.2590553203125 0.7037382546875001 0.25427929374999997 0.6952646703124999 0.25417185781249996
0 0.754667334375 0.1528374890625 0.745664153125 0.1527233375 0.728833496875 0.1647515578125 0.7247669859375 0.18259159062500002 0.7354396249999999 0.1912018703125 0.73762075625 0.1978211640625 0.7350086109375 0.20155469374999999 0.7547561265625 0.2178133359375 0.75899291875 0.2178670515625 0.769432540625 0.20199115 0.76729621875 0.20008073906249998 0.7672155593750001 0.191604753125 0.7781399671875 0.17102668593749998 0.77855305625 0.158790309375 0.7742624921875 0.1530859328125 0.762135490625 0.15858215312499999 0.754667334375 0.1528374890625
0 0.8374598656250001 0.45051092812500004 0.8317418234374999 0.46173838125 0.815342184375 0.4634137765625 0.812325909375 0.4803254609375 0.8081070421875 0.4821552953125 0.7974164796875 0.4716614625 0.7836289828125 0.469603328125 0.782938065625 0.452644640625 0.7785489171875 0.4365807265625 0.7763857093750001 0.4318449875 0.7678762781249999 0.427970446875 0.7576207984375001 0.4353737203125 0.7504801750000001 0.43622484687499996 0.746413665625 0.4540648796875 0.7150231078125 0.49415837500000004 0.7145383187500001 0.49886053906249994 0.7178055359375 0.508318590625 0.7252557687500001 0.5121797015625 0.741911246875 0.5095658875 0.8011766171874999 0.5329172078125 0.8172536203125 0.49733786718750006 0.8340753125000001 0.48436786875 0.8399009 0.48444173125 0.8414538484375 0.4806947703125 0.8483744828124999 0.4845491671875 0.8571804937499999 0.4639442390625 0.84706434375 0.458166003125 0.8400988984375 0.449602725 0.8374598656250001 0.45051092812500004