0 0.15657538124999998 0.9299404328125 0.16198800156249998 0.922872896875 0.166492725 0.9055435859375001 0.16408464375 0.88095034375 0.1656161109375 0.871355809375 0.16237799375 0.8531297390624999 0.1577564796875 0.845515625 0.14870045625 0.839619296875 0.1449284453125 0.829795246875 0.1437244046875 0.817498625 0.12321192343750001 0.8133532015625 0.11629911875000001 0.8060892687500001 0.11201267968749999 0.8088244765624999 0.10506859375 0.8254865453125 0.1074766734375 0.8500797890625 0.10191598125000001 0.856129903125 0.08687451406249999 0.8573886546875 0.08388179375 0.8609661953125001 0.082775078125 0.8694557609375 0.0887292375 0.8862266796875 0.08836287968749999 0.8998033609375 0.0825255109375 0.907975865625 0.0779429265625 0.9086762281249999 0.07713235625 0.9192006390625 0.070277946875 0.92440841875 0.0696562453125 0.9281836218749999 0.0798595890625 0.9982922265624999 0.150120809375 0.9962104125 0.1477724015625 0.9780881906250001 0.152257659375 0.9566016421875 0.14920654375 0.9477074703125 0.1551919859375 0.940552390625 0.1572065984375 0.9423246000000001 0.15657538124999998 0.9299404328125
0 0.47473011249999997 0.8725675374999999 0.47395082187500004 0.8591659484375 0.47622264843749995 0.8546585296875 0.4737054265625 0.8373623390624999 0.46076825 0.8289390109375001 0.454981625 0.8173427500000001 0.45364897812500005 0.8081859437500001 0.454253084375 0.7841723968750001 0.45805637812500005 0.7700704453125 0.45712901562499997 0.7556514328125 0.4621676328125 0.7299201 0.4689831125 0.716397846875 0.46366016875 0.7120110921875 0.45061385156249995 0.7108848171875 0.4453298390625 0.714812540625 0.446109128125 0.7282141281250001 0.44143686718749997 0.74036878125 0.429762125 0.7567137875000001 0.4299491265625 0.7660456859375 0.4241312203125 0.7783754265625 0.3753515984375 0.7972710578125 0.36631503906249996 0.7955319671875001 0.361120703125 0.7880054000000001 0.3507007484375 0.7968782671875 0.3383753234375 0.79668186875 0.335105925 0.8023818 0.33874932812499997 0.8153456640625001 0.35395833125 0.819261571875 0.369631015625 0.8303869875000001 0.37628660625 0.8439305484374999 0.37604885625 0.8543674156250001 0.37895190156249997 0.8622441625 0.376719003125 0.87506605625 0.38152751875 0.8920120671875 0.3858528875 0.8975913343749999 0.40492357968750003 0.8998770031250001 0.41590453906249997 0.9189998312500001 0.4218586984375 0.93577075 0.433264409375 0.9537886109375 0.4287207546875 0.9628034484375 0.4426944375 0.9783487375 0.45721940156249996 0.9871111953125 0.464022959375 0.9869096078125 0.46931332187499997 0.9399587890625 0.4612743359375 0.937027184375 0.4569489671875 0.9314479171875 0.456130746875 0.909731853125 0.46418155 0.8845802171875 0.47473011249999997 0.8725675374999999
0 0.655429840625 0.6737707281249999 0.6534930875 0.6886274671875 0.6480999328125 0.6998522421875 0.6523550890625 0.721043034375 0.6430807796875 0.729740809375 0.6304592125 0.7275095671875 0.6248401265625 0.721087965625 0.62058496875 0.6998971734375 0.6103443703125 0.685861459375 0.6037861046875 0.6931040875 0.5903150328125 0.6930827796875 0.5898200703125 0.7097992750000001 0.584890596875 0.728233553125 0.5901043968749999 0.7399173609374999 0.5894808265625 0.7597736687500001 0.603010290625 0.7722666874999999 0.6050443671875 0.778196134375 0.6168358984375 0.7867945515625 0.6243917375 0.7783594140625001 0.6374185921875 0.7753284500000001 0.6604677624999999 0.800927303125 0.6733347281250001 0.82496215625 0.6607910171875 0.8393598640625 0.66273541875 0.8567436 0.6782794953125 0.8710088296875 0.6983282953125001 0.867944746875 0.706850428125 0.8822430953125 0.7120836921875 0.8980841375 0.723875225 0.9066825546875 0.7292370953125 0.919383784375 0.734984790625 0.9226655687499999 0.745295603125 0.92108975625 0.7489897531249999 0.9142848562499999 0.7487832859375 0.9007957203125001 0.73230003125 0.9001947171875001 0.7215060734375001 0.8904037859375 0.7170131671875 0.879649859375 0.7124424031250001 0.85226698125 0.7083937125 0.8445653234374999 0.692775946875 0.7533474296875 0.696322025 0.74552510625 0.6931228375 0.7356135109374999 0.6909017578125 0.720352165625 0.692433225 0.7107576328125 0.687309103125 0.6876195375 0.6898381437500001 0.6768324890625 0.6793403296875 0.6690764062500001 0.668495625 0.679054240625 0.655429840625 0.6737707281249999
0 1 0.6470253125000001 0.9089880828125001 0.56117535 0.908080184375 0.550913575 0.90031788125 0.5458595796875 0.8953612921874999 0.5278961453125001 0.8900578156250001 0.527666628125 0.8827981203125 0.5381366140625 0.8746499921875 0.5425020625 0.8669850109375 0.558234253125 0.8634778609374999 0.5743710515625 0.870507453125 0.6065784078124999 0.8757017906250001 0.6141049749999999 0.8851631 0.6147390984375 0.88806614375 0.6226158468749999 0.881507878125 0.629858471875 0.8815468078125 0.6381729484374999 0.8777240484375 0.6481176625 0.8725881078125 0.6530628078125 0.8787682 0.6874800999999999 0.88716763125 0.69087664375 0.9009289375 0.706974415625 0.92729825625 0.7071045734375 0.9360581343750001 0.71096605625 0.9617531359375 0.7507212875 0.9784623234375 0.7689686640625 0.9981684015625 0.7233147828125001 1 0.7234375421875 1 0.6470253125000001
0 0.6240795125 0.470428696875 0.6125841234375 0.463865125 0.6118243 0.45462077343749996 0.6076275375 0.44590169218750003 0.60462716875 0.41723875625 0.596420646875 0.4091324921875 0.5882530546875 0.4093407 0.58054914375 0.4167584171875 0.5746026296875 0.43222797343749997 0.568893865625 0.4372606640625 0.5682702953125001 0.457116971875 0.5739477765625 0.47601028437500004 0.57130959375 0.49409438281250007 0.5646032562500001 0.5003195859375 0.5609675000000001 0.5195961984374999 0.5765115749999999 0.533861428125 0.5875432828125 0.5332154906250001 0.603769325 0.540096125 0.6099612343749999 0.5464301765624999 0.6260079234375 0.5762193890625 0.6406830328125 0.5885373171875 0.6469840859375 0.58757431875 0.659095396875 0.5420411046875 0.6752943265625 0.512524021875 0.6744058953125001 0.5064194843750001 0.6631677218750001 0.4935762859375 0.6560289859374999 0.46866598125000003 0.636880434375 0.4497513609375 0.6308755265625 0.4527492046875 0.6240795125 0.470428696875
0 0.42424983125000004 0.5498514 0.41271551406249996 0.53497335625 0.41378329999999997 0.5181693140625 0.4113050078125 0.5091875984375 0.40470781093749997 0.5081157484375 0.39946272656250004 0.5203579453125 0.3901884203125 0.5290557203125 0.3863343796875 0.5629264375 0.37752375 0.5788337171875 0.419670725 0.6431159531249999 0.4288748203125 0.65002970625 0.436894340625 0.6488040734375 0.44067816875 0.6305448828125 0.4451363171875 0.572660621875 0.4512114359375 0.55405125 0.4500463265625 0.550069103125 0.4377209015625 0.5498727078125001 0.4330097125 0.55371288125 0.42424983125000004 0.5498514
0 0.2024164109375 0.5931149437500001 0.20190198124999997 0.605674203125 0.198503975 0.6145139484375 0.18740205625 0.6307714109375 0.1822466515625 0.6315593171875 0.1769237078125 0.6271725640625 0.17402066249999998 0.6192958171875 0.16869772031250002 0.6149090625 0.1532704328125 0.62558725625 0.1490229234375 0.6366369390625 0.1404305796875 0.6379501171874999 0.1309498046875 0.633158759375 0.12988201875 0.6499627984374999 0.1214572125 0.6564506375 0.1276178390625 0.68671069375 0.1279723765625 0.7012172515625 0.1326133546875 0.712988603125 0.1388052640625 0.7193226562499999 0.1435359203125 0.7196397171875 0.14750675 0.7107124265625 0.160069925 0.70047195625 0.17603875156249998 0.7136322171875 0.18615074375000001 0.7308077453124999 0.19478201875 0.7378090421875 0.21255899218750002 0.739252378125 0.21826775625 0.7342196890625 0.2205395828125 0.7297122703125 0.21649089375 0.7220106109375 0.213502340625 0.6652644359375001 0.21512348593750003 0.6442156140625 0.22064524843750002 0.6298510265624999 0.21888785156249999 0.6217991875 0.2202128515625 0.59871551875 0.2247370390625 0.58554344375 0.2233849265625 0.5722294 0.217933378125 0.5709824609374999 0.21710334062499997 0.577349634375 0.2024164109375 0.5931149437500001
0 0.04652308125 0.568057815625 0.04047924375 0.562741184375 0.038702378125 0.5505321078125001 0.06389893906250001 0.5144396437500001 0.0674060890625 0.49830284375 0.0663695859375 0.49118088281250005 0.04108751875 0.478403921875 0.030784354687499998 0.5122202125 0.0226556921875 0.5207428984375 0.013876346875 0.512724178125 0.011295593750000001 0.508301709375 0.0117906953125 0.530581309375 0.023500876562500002 0.611043603125 0.031122903125 0.615133725 0.0419870734375 0.6093131281249999 0.04680740625 0.5981759 0.0478362640625 0.5730573859375 0.04652308125 0.568057815625
0 0.1950524390625 0.39767036093749997 0.192800078125 0.40633501718750004 0.17794561250000002 0.4169256671875 0.1623313234375 0.4182719640625 0.150411184375 0.41281336093750004 0.1447413484375 0.4261605265625 0.1401587671875 0.4268608875 0.134835825 0.422474134375 0.134648821875 0.41314223749999995 0.12964148749999999 0.414947565625 0.126816303125 0.42369976718749996 0.13071692031249998 0.4303840015625 0.1361955828125 0.46802865625 0.1271784890625 0.4704468015625 0.1275135625 0.4807961234375 0.132115609375 0.484253 0.14257449375 0.483694609375 0.1578029625 0.491767753125 0.18606593124999998 0.5290504125 0.1981341421875 0.5355264375 0.20543276875 0.533370928125 0.211398746875 0.5220586093749999 0.204875934375 0.44505151875 0.206567290625 0.40839116875 0.2106277984375 0.3880095875 0.20475149843749998 0.3878676171875 0.2023510640625 0.3955148484375 0.1950524390625 0.39767036093749997
0 0.1546357515625 0.3050422484375 0.145451121875 0.3022857375 0.1437131875 0.298391134375 0.1384291734375 0.3023188546875 0.1361184171875 0.2985117984375 0.12408913749999999 0.30035024843749997 0.11926880468750001 0.31148747656250003 0.11834909062500001 0.32930893906250003 0.125300825 0.344887346875 0.1280050484375 0.3715154359375 0.12595915468750002 0.393669228125 0.1357555375 0.4046526703125 0.127389125 0.42361222343750005 0.13278992812499998 0.444627925 0.138132334375 0.45317191562500003 0.14099645 0.4527341890625 0.14077051875 0.4350878171875 0.151891903125 0.42298759218750004 0.15749152500000002 0.4252519546875 0.185411775 0.4199448171875 0.19490436718749998 0.39665293749999997 0.19159603593750002 0.39403839375 0.1886033140625 0.397615934375 0.1829647625 0.3870370984375 0.1794305015625 0.36677618125 0.1799254640625 0.3500596859375 0.175561165625 0.3361659453125 0.1672649671875 0.33951396875 0.1541407875 0.32175874531250004 0.1546357515625 0.3050422484375
0 0.051563085937499996 0.2365506703125 0.05548316875 0.2473921421875 0.06152700625 0.2527087765625 0.06833066875 0.267269759375 0.0705322828125 0.2783738671875 0.1162684375 0.282824540625 0.1255232796875 0.26996952812499997 0.11901576093749999 0.25744338906249997 0.12466613124999999 0.23993898749999998 0.1261781328125 0.22618721718749998 0.1244207359375 0.218135378125 0.1170637140625 0.2078191765625 0.052817875 0.22907852968750003 0.051563085937499996 0.2365506703125
0 0.20580051406250002 0.21401843281250002 0.20711369531249998 0.21901800312500003 0.20511854999999998 0.22140303125 0.19434405625 0.2157693375 0.1864726078125 0.2180123921875 0.1824315640625 0.2425512109375 0.1852449296875 0.26188224843749996 0.1882571171875 0.262461946875 0.1939464171875 0.25327202031249996 0.21055828124999998 0.250733209375 0.2136483265625 0.26794185625 0.2187140546875 0.27860823749999997 0.24508337343750003 0.2787383953125 0.24260507968749997 0.269756678125 0.23596895468749998 0.26037035468749997 0.24520433437500003 0.24335810468750002 0.24616297812500001 0.2338511171875 0.24353661093749998 0.223851975 0.23769924062499997 0.23202448125 0.23292965468750002 0.22339294375000002 0.232317903125 0.21516601406250002 0.23654594843750001 0.19995909375 0.24354842968749998 0.1957687390625 0.24181049687499998 0.1918741359375 0.21970815312499997 0.1848515328125 0.2078853390625 0.20017911718749998 0.20580051406250002 0.21401843281250002
0 0.3249316859375 0.2842159828125 0.323844434375 0.29686278593750004 0.31913324374999996 0.30070296406249997 0.315252090625 0.2981759640625 0.3120723671875 0.29242160781250004 0.3079652828125 0.27224823593749997 0.30064719375000004 0.27024651093749996 0.29638021718749996 0.2771389546875 0.275602875 0.247032684375 0.27554448125 0.234560971875 0.26525313437500003 0.24029402187499999 0.257786971875 0.23727487187500002 0.25135731250000004 0.2413776828125 0.2475345546875 0.251322396875 0.2503089921875 0.2623389625 0.2423089359375 0.2677218328125 0.23898114218750002 0.2609500515625 0.22190559687500003 0.2562793546875 0.22022605781250001 0.264856465625 0.2235733171875 0.275785484375 0.24796695156249998 0.2824579078125 0.2533093609375 0.2910018984375 0.258394553125 0.30582551874999997 0.266620540625 0.3180890203125 0.2687519421875 0.3448046546875 0.29142710781250003 0.3517397125 0.30547864687500004 0.38391395 0.31937446875000003 0.3828302890625 0.32800574375 0.3898315859375 0.333013075 0.3880262546875 0.3287071734375 0.3866042265625 0.32608080781250004 0.376605084375 0.32873845468749996 0.3626782234375 0.3276435578125 0.3430845515625 0.3297089171875 0.325087996875 0.3347864640625 0.307671140625 0.3479029953125 0.2931858875 0.34729124375 0.28495895781249997 0.343390625 0.2782747234375 0.337791003125 0.27601036093750003 0.3249316859375 0.2842159828125
0 0.36563686875 0.346638465625 0.36815409374999997 0.36393465625 0.3612684 0.3930684375 0.33892830625000003 0.3964827015625 0.345583896875 0.4100262609375 0.3388268125 0.436020228125 0.35250435 0.44953067031250005 0.3600289046875 0.4650215328125 0.37673809375 0.4832689078125 0.38677222499999997 0.4838154859375 0.39146395156249997 0.47581807343750004 0.3900534453125 0.450032315625 0.39173298437500004 0.44145520468750005 0.3886429375 0.4242465578125 0.3987862125 0.417496084375 0.40275704375 0.40856879218750003 0.4003684265625 0.3881327859375 0.3914215453125 0.37493940625 0.3893485375 0.3606954828125 0.393447975 0.348628378125 0.3872366015625 0.338137084375 0.37376553125 0.3381157796875 0.36563686875 0.346638465625
0 0.509801234375 0.315245175 0.5053277953124999 0.30864848437500003 0.5007452109375 0.3093488453125 0.49446362343750005 0.3144690796875 0.47312875156249995 0.34893130625 0.4738691109375 0.35401842031249997 0.4819470265625 0.3652645015625 0.499603040625 0.40208812812500005 0.5196975484374999 0.4164379484375 0.5348684921875 0.43518043124999994 0.5411890078125 0.43837467031250005 0.5504827828125001 0.43383413125 0.5467497 0.4323245578125 0.543402440625 0.421395540625 0.5426036875 0.4038367125 0.5454483375 0.39924174843750004 0.5361858453125 0.3798562859375 0.53396476875 0.36459493906249996 0.53312708125 0.3387216359375 0.5372265203125 0.32665453125 0.5354691218750001 0.3186026921875 0.5265222390625001 0.30540931250000003 0.51421628125 0.3093701515625 0.509801234375 0.315245175
0 0.46094027656250003 0.22494766562500002 0.45754226875 0.2337874109375 0.4504111796875 0.2411175828125 0.43711946562500004 0.218187696875 0.42227681562499997 0.200695109375 0.40691974062499997 0.195761778125 0.3917496671875 0.2001603453125 0.38979345 0.2108598453125 0.383788540625 0.21385769062499999 0.3831260421875 0.2253995234375 0.3868980515625 0.23522357343750003 0.380378715625 0.2507806734375 0.3863328765625 0.2675515953125 0.395704509375 0.2796400078125 0.40461246093750003 0.2845189125 0.42665641093750006 0.27906980312499996 0.4301128109375 0.28270176875 0.43575136406250004 0.29328060625 0.44172498750000005 0.3142087640625 0.44047020000000003 0.32168090781249997 0.44222759843750004 0.32973274531249996 0.4563493515625 0.34629545625 0.4698398859375 0.35047400156249997 0.48193937968749995 0.333024025 0.4893978953125 0.3038026984375 0.4860700984375 0.29703091718749997 0.47731995156249996 0.295248053125 0.4686789453125 0.2861681375 0.46599418750000005 0.2636972875 0.46768554375000004 0.22703693593750002 0.47091601406250005 0.2130225296875 0.46489164218749995 0.2118631359375 0.46090134687499995 0.216633190625 0.46094027656250003 0.22494766562500002
0 0.29660684375 0.14189742031250002 0.292160515625 0.17169844375 0.2951727 0.172278140625 0.2992408578125 0.1841370375 0.30570944375 0.18834869999999998 0.3079694546875 0.21192452031250003 0.302022940625 0.2273940765625 0.28341592968749996 0.232317915625 0.2780422375 0.2476999265625 0.278525384375 0.25906666875 0.29336803125 0.27655925937500003 0.30308655624999997 0.2709137515625 0.3160237328125 0.279337078125 0.37729631874999997 0.265812503125 0.3814346859375 0.26205987343750003 0.37518437968749996 0.24325410781249998 0.35533439843750003 0.22756684843750002 0.3520066046875 0.2207950671875 0.352076815625 0.205183540625 0.3554942890625 0.20050103125000002 0.34992595 0.17431066875 0.350568984375 0.1586115953125 0.3437458578125 0.1398933734375 0.3464424359375 0.1342809875 0.336813590625 0.1284722046875 0.307322940625 0.135059403125 0.29660684375 0.14189742031250002
0 0.450902665625 0.1318368953125 0.443475434375 0.13713222187500002 0.43743159687500005 0.1318155890625 0.43304783437500005 0.11376461093750001 0.42816910625000004 0.112430125 0.40918392187499997 0.15901388125 0.4108321765625 0.174362775 0.4450611234375 0.20033311406249998 0.46226527656250005 0.201863996875 0.46095209375 0.1968644265625 0.4660880359375 0.19191928125 0.4650320671875 0.1806400828125 0.46813392968749995 0.169765490625 0.4669493546875 0.16162610625 0.4590389765625 0.1555546875 0.45728157812500003 0.1475028484375 0.46055097968750003 0.141802915625 0.4609368 0.1323834734375 0.456463359375 0.1257867828125 0.45188077499999996 0.1264871453125 0.450902665625 0.1318368953125
0 0.5341100562500001 0.1201602625 0.532044696875 0.13815681875000002 0.5241732484375 0.1403998734375 0.5160953328125 0.12915379375 0.50387905 0.1216603453125 0.49663882031249995 0.13628756718749999 0.49654914375 0.1477418578125 0.46770917812499996 0.170870459375 0.46547628281250003 0.1836923515625 0.48917613437499996 0.2258326109375 0.49520050624999995 0.22699200312499998 0.5162155984375 0.246661409375 0.520946253125 0.24697847187500002 0.5241961890625 0.237121303125 0.5309219921875 0.2350533375 0.5227154703125 0.2269470734375 0.521086678125 0.21575541875 0.5199723171875 0.1920045078125 0.5227585718750001 0.17493783125 0.5288726203125 0.16464293593749998 0.5477055625 0.1773654703125 0.5515672515625 0.17573523124999998 0.5609312375 0.15558316562500002 0.5621470953125 0.13979655 0.5604091609374999 0.1359019484375 0.5543847890625 0.13474255468750002 0.5439766546875 0.1155321828125 0.5341100562500001 0.1201602625
0 0.565077253125 0.1840710125 0.56267681875 0.19171824531249998 0.5641964671874999 0.21020695156250002 0.5603737093750001 0.220151665625 0.553924584375 0.2200972390625 0.5501720390625 0.21443042656250003 0.5439995953125 0.21225360937499999 0.5352981078125 0.220863840625 0.5275552671875 0.2199670828125 0.526764159375 0.2346487296875 0.53352889375 0.24089523906250002 0.5393349796875 0.2566487359375 0.5561533109375 0.26759906093749997 0.56107096875 0.2772480203125 0.585561928125 0.3047066296875 0.598074353125 0.314234925 0.606795303125 0.3097819328125 0.6154773234375 0.2970144640625 0.6204262640625 0.282737421875 0.6194794375 0.264161171875 0.616705 0.253144609375 0.6054668265625 0.240301409375 0.5978018453125 0.2560336 0.58931864375 0.250049728125 0.587592528125 0.21807188593750002 0.5930753625 0.195392825 0.5898956375 0.189638465625 0.5925727515625 0.17986884218750002 0.5974320125 0.1770460890625 0.585936625 0.17048251875 0.5741138109375 0.185810103125 0.565077253125 0.1840710125
0 0.6370777515625 0.1356251796875 0.639349578125 0.1311177625 0.6366140703125 0.1284156734375 0.6200606015625 0.143426196875 0.61439076875 0.156773359375 0.6148544484375 0.16398286875 0.605580140625 0.1726806421875 0.5966916515625 0.171958975 0.584900121875 0.163360559375 0.580633146875 0.1702530015625 0.5802473265625 0.179672446875 0.5842960171875 0.1873741046875 0.5979735515625 0.20088454687500001 0.6143087359375 0.2004681265625 0.6363214046875 0.21894501875 0.647649253125 0.220333928125 0.6550375578125001 0.206724128125 0.6620129265625 0.16613605781250002 0.6596632390625 0.1540145265625 0.6573524828124999 0.15020747031249998 0.6434761265625 0.1554483703125 0.6370777515625 0.1356251796875
0 0.681484734375 0.2234832359375 0.6760721140625 0.2305507703125 0.6694631 0.2575621625 0.65006498125 0.27716765 0.64675665 0.27455310625 0.6425404234375 0.2616767875 0.637365553125 0.25830745624999996 0.6238242703125 0.273897678125 0.6232709125 0.2781424609375 0.627448209375 0.2827043046875 0.6296498234375 0.2938084109375 0.6223706625000001 0.30012116093749996 0.6207300546875001 0.31701274375 0.6263686046875 0.3275915828125 0.636531346875 0.324998346875 0.6435025453125001 0.344733990625 0.6605586234375 0.34524745 0.6915181718750001 0.3769177203125 0.704732028125 0.38321865625 0.7131762984375001 0.38088805468750003 0.7195475640625 0.36431353125 0.71308870625 0.3621804875 0.6994014375 0.34659142656249997 0.696716678125 0.3241205734375 0.697675321875 0.31461358437500003 0.7087577765625 0.2941988859375 0.7023594 0.2743756953125 0.7093034874999999 0.2577136265625 0.703774078125 0.23983773749999998 0.6971184874999999 0.2262941765625 0.6906499 0.22208251250000002 0.681484734375 0.2234832359375
0 0.7307337671874999 0.1032022140625 0.7209957796875 0.1046904828125 0.70459038125 0.12071842968749999 0.702821165625 0.1407498296875 0.71561026875 0.1481557328125 0.718938065625 0.1549275140625 0.7166662390625 0.15943493125 0.740377909375 0.1734919515625 0.7449604921875 0.1727915875 0.753899725 0.15374449375000002 0.7513122921875001 0.1520598265625 0.7499796437499999 0.14290301875 0.7587513390625 0.1186812625 0.7573992281249999 0.10536722031250001 0.751928215625 0.09996304218749999 0.7396417203125 0.108081121875 0.7307337671874999 0.1032022140625
0 0.8638726828125 0.41047115156249997 0.8593484953124999 0.4236432234375 0.8418871296875 0.4283919734375 0.8411154875 0.447230859375 0.8368290484375001 0.44996606562499997 0.8237437999999999 0.4405253171875 0.808554259375 0.4407666453125 0.8053161421875 0.42254057500000003 0.7982163359375 0.4059447453125 0.795184684375 0.40120781250000004 0.7854272296875 0.3985388421875 0.775441759375 0.40838535781249996 0.7678567234375 0.4105846421875 0.76608750625 0.4306160421875 0.7380852265625 0.47961794375 0.738252765625 0.48479260625 0.7431704203125 0.49444156406250006 0.7517822296875 0.49728562500000006 0.769381934375 0.49147567968750006 0.8368054125000001 0.5061325453125 0.8489361875 0.46475656406250004 0.8651935125 0.44771119531250003 0.8714945640625 0.44674820000000004 0.8726207453124999 0.44241587187500003 0.8806597296875 0.445347475 0.8871401375 0.4214759015625 0.8753680703125 0.4170347203125 0.8665887265625001 0.40901600312499997 0.8638726828125 0.41047115156249997