0 0.8385864515625 0.2954030296875 0.8194773140624999 0.28879614062500003 0.8055497953125 0.28831083281250003 0.7977583265625 0.2928240578125 0.7971158421875 0.30288945312500004 0.79923918125 0.306791215625 0.817296396875 0.31172666875 0.8264517375 0.317827225 0.8334252453125 0.31834932656250003 0.8659549828124999 0.31091021093750004 0.8776031890624999 0.3030225828125 0.8773887234375 0.2968747203125 0.8642986578125 0.2919129828125 0.8503906328124999 0.2919865734375 0.8385864515625 0.2954030296875
0 0.7381986890625 0.2819592 0.737370984375 0.2867150796875 0.7275829093749999 0.29095936718750004 0.7125839703125 0.288243728125 0.7007797890624999 0.2916601859375 0.6929883218749999 0.29617340937500003 0.69435219375 0.3067871875 0.7064098359375001 0.3106363875 0.7292002390625 0.3088388015625 0.7412188875 0.31157020625 0.7550879171875 0.3103788234375 0.7771374390625 0.287343165625 0.7768059921875 0.277841925 0.7687025734375 0.273412803125 0.7508793203125 0.275184109375 0.7381986890625 0.2819592
0 0.6026966390624999 0.299818446875 0.5804911421875001 0.31838293125 0.5828679421875 0.32955035 0.5958995171875 0.3328353953125 0.610664490625 0.328844275 0.6193324062500001 0.320972415625 0.6496998109375001 0.3085137421875 0.654433 0.301780703125 0.653264096875 0.2967558890625 0.6471475390625 0.2923162546875 0.63614181875 0.2901384890625 0.6026966390624999 0.299818446875
0 0.5002726578125001 0.352702328125 0.49359160312499994 0.360563675 0.49082623437499995 0.3809817984375 0.4836777109375 0.38968411718749996 0.4869894484375 0.399169590625 0.5020078828125001 0.40244412343749997 0.5118836953125 0.40071487031249997 0.5341671796874999 0.384385971875 0.534809665625 0.37432057812499997 0.5222061109375 0.35482227499999996 0.5121743234375 0.3520803546875 0.5002726578125001 0.352702328125
0 0.6202951796875 0.3770540015625 0.61863976875 0.38656575625 0.6232178937499999 0.40387052656250005 0.63229524375 0.40773549375 0.6442164078125 0.4076724171875 0.653001303125 0.40315393750000006 0.652445640625 0.3872253859375 0.6599738984375 0.37516705781250004 0.6596229546875 0.36510691875 0.6504871125 0.3595652609375 0.6365985875 0.36019774375 0.6202951796875 0.3770540015625
0 0.7145540718750001 0.373201265625 0.721664059375 0.37763564375 0.7188397453125 0.382122584375 0.7308388953125 0.3842950953125 0.74252609375 0.3775252609375 0.7585379609375 0.38079453750000003 0.7724069890624999 0.3796031546875 0.7811333968749999 0.3734079859375 0.7798475125000001 0.3650297921875 0.771763590625 0.3611595671875 0.730020025 0.3608214390625 0.7145540718750001 0.373201265625
0 0.8363950484375 0.3624945921875 0.8365324390625 0.39491585156250003 0.8505184515625 0.3970778484375 0.865224934375 0.3914100375 0.867795790625 0.3796574390625 0.8625361859374999 0.371300271875 0.8773011609375001 0.36730915 0.8830667734375 0.361688646875 0.8900012875 0.3610929546875 0.8926306343749999 0.35101704843750003 0.8895333609374999 0.3476794359375 0.8804755078125 0.3443733640625 0.8725475625 0.3449743125 0.8363950484375 0.3624945921875
0 0.879172865625 0.420963221875 0.872978321875 0.41428800312499997 0.8669592484375 0.4126428515625 0.854142140625 0.41550566718750004 0.8431364203125 0.4133279015625 0.8282739593749999 0.4145245390625 0.811697596875 0.4235562421875 0.81187306875 0.42858631249999996 0.81787264375 0.42967256875000004 0.8230152687500001 0.4346763546875 0.837001278125 0.43683835000000004 0.849876878125 0.4356522265625 0.875979021875 0.44334011249999994 0.8928868328125 0.44380965000000006 0.9076908015624999 0.44093632187500004 0.909736153125 0.4426024984375 0.9088003 0.4157754609375 0.9076898874999999 0.412427340625 0.887178796875 0.4225978625 0.879172865625 0.420963221875
0 0.7299438625 0.41560381562500004 0.714126965625 0.4179235046875 0.7083808515625 0.42410290625 0.7086928015625 0.43304525 0.7147898609375 0.436925990625 0.7307237390625 0.4379596796875 0.755345028125 0.4316804078125 0.77427869375 0.4332572265625 0.791050028125 0.4298144890625 0.7968156390625001 0.424193984375 0.794516828125 0.4152621515625 0.778485465625 0.411433978125 0.7486045703124999 0.409356084375 0.7299438625 0.41560381562500004
0 0.6419185078125 0.42724956562500005 0.6269000734375 0.4239750328125 0.5951493 0.4252610296875 0.591448534375 0.4331066078125 0.6006623640625001 0.440883853125 0.6117460718750001 0.4452972046875 0.637536265625 0.444042746875 0.6495159203124999 0.44565635937500003 0.6818896828125001 0.4337460703125 0.6856684328125 0.428136078125 0.6834281125 0.4208809359375 0.678363478125 0.4181127359375 0.6624685921875 0.41819683750000003 0.6419185078125 0.42724956562500005
0 0.5070270531250001 0.40390897812500004 0.5032288046875 0.40896007343749996 0.5047681484375001 0.424603921875 0.4882697734375 0.43587121093750003 0.4885622265625 0.444254659375 0.4946592859375 0.44813539843749994 0.50266521875 0.4497700375 0.5184431218750001 0.4463325546875 0.5261371031250001 0.4390248484375 0.5428304484375001 0.433346525 0.5445638484375 0.42607035625 0.5369859359375 0.408222459375 0.5267981734375 0.4010093671875 0.5128901499999999 0.40108295624999996 0.5070270531250001 0.40390897812500004
0 0.4270661234375 0.4188660546875 0.41604090625 0.41612939375 0.41785229375000005 0.41108881249999996 0.40392477343750005 0.4106035046875 0.403223796875 0.418992209375 0.3845435921875 0.42468104531249995 0.3757976890625 0.43031731874999996 0.3731683421875 0.44039322500000005 0.3763631 0.44652532031250003 0.3844860140625 0.45151333749999994 0.40238725468750003 0.4519776203125 0.4112306421875 0.4491358296875 0.44031307656249996 0.456807946875 0.45412361562500003 0.453939875 0.46286951875 0.448303603125 0.45907035625 0.4248457140625 0.45188238125 0.41817574999999996 0.43098135312499997 0.41716834062499997 0.4270661234375 0.4188660546875
0 0.40587549687499996 0.3575474609375 0.39681764375 0.3542413875 0.379948825 0.35488964218749997 0.3741442203125 0.3593923546875 0.39385776250000004 0.3833250359375 0.3998963296875 0.385529084375 0.451281746875 0.3774312 0.45287866875000005 0.3662427546875 0.43881466874999997 0.361845171875 0.4110376171875 0.36311014531249997 0.40587549687499996 0.3575474609375
0 0.2542770640625 0.30779309375 0.2462321375 0.3050406609375 0.237291265625 0.30508796718750003 0.22844787812499998 0.307929759375 0.2218253140625 0.31746779531249997 0.20419702968750003 0.3248280671875 0.2015091921875 0.33322728281249997 0.204645459375 0.33768268749999997 0.21270988281249997 0.3409940171875 0.230591628125 0.3408994015625 0.24335024375 0.336359896875 0.24714849375 0.3313088015625 0.2682054984375 0.3367873828125 0.2771463703125 0.33674007499999997 0.2899049890625 0.3322005703125 0.290605965625 0.3238118640625 0.2814311296875 0.3171524125 0.2614650390625 0.3144630578125 0.2542770640625 0.30779309375
0 0.2786606375 0.38014789531250004 0.2723491125 0.3701192953125 0.26027197343749997 0.3657112 0.2473573796875 0.36577953281250003 0.237579053125 0.37030326874999997 0.23681958593750002 0.377015284375 0.2409882765625 0.38258322499999997 0.26434409062499997 0.3969936390625 0.2792065515625 0.395797 0.2862775453125 0.399113584375 0.30421778125 0.4006956609375 0.3159244765625 0.394484721875 0.31360616874999997 0.384993990625 0.30049660624999996 0.37947335781249997 0.2866665703125 0.3817825359375 0.2786606375 0.38014789531250004
0 0.282525715625 0.433978128125 0.26943565 0.429016390625 0.259501346875 0.4290689546875 0.25172937812499996 0.434141075 0.25190484999999996 0.43917114375 0.2645474 0.45978724218749994 0.28977309375 0.47083376250000003 0.298752959375 0.47190424843749995 0.31053764375 0.467928896875 0.310206196875 0.4584276546875 0.30603750625 0.45285971406250003 0.2959472296875 0.4484411046875 0.282525715625 0.433978128125
0 0.37607247187500004 0.49515983593749996 0.359613090625 0.5075449187500001 0.361853409375 0.5148000625 0.377378765625 0.5326059078125 0.390449334375 0.537008746875 0.4052728 0.5346943140625 0.4100644796875 0.5296379640625 0.41070696562500003 0.51957256875 0.4044734265625 0.5117795562499999 0.41397879687500005 0.49943126718749997 0.41360835468749996 0.48881223125 0.4034595859375 0.48271693281249994 0.3826365453125 0.48394511093750003 0.37607247187500004 0.49515983593749996
0 0.5116459984375 0.479349503125 0.4998418171875 0.4827659609375 0.4983033859375 0.49563109375 0.50662126875 0.506208078125 0.5010701234375 0.5179764437500001 0.5054922734375 0.530810040625 0.5184653578125 0.5324183984374999 0.531243471875 0.5284377874999999 0.5407488421875 0.5160895 0.551462109375 0.50988381875 0.5511306609375 0.5003825765625 0.5380210984375 0.49486194375 0.5266059421875 0.48094734843750003 0.5116459984375 0.479349503125
0 0.6543532187500001 0.47896392031249996 0.6414581234375001 0.4795911484375 0.6306473718750001 0.4830023484375 0.6297514265624999 0.48580208750000003 0.6030652875 0.4898562875 0.60429359375 0.5250667703125 0.6372522640625 0.5299233796875 0.67595705 0.5286005890625 0.677164034375 0.5062342125 0.66857319375 0.4878326765625 0.6703455890625001 0.48167430156249996 0.6543532187500001 0.47896392031249996
0 0.73869730625 0.47572264531249997 0.7390092562499999 0.4846649890625 0.74146404375 0.49806799375 0.7484765453125 0.499707890625 0.7551390171875 0.519796628125 0.7632229374999999 0.523666853125 0.7741701671875 0.5241679296874999 0.7859158578125001 0.519074784375 0.7906100515625 0.51122395 0.791661059375 0.4843864 0.782700690625 0.48387481250000003 0.7703895890625 0.4727599578125 0.75835144375 0.469469653125 0.7445019109375 0.4712199328125 0.73869730625 0.47572264531249997
0 0.856525565625 0.46391920468750003 0.8577334625 0.47006180937500003 0.8510719046874999 0.4784820515625 0.8517348 0.4974845359375 0.856935915625 0.5041650140625 0.87721395625 0.515796715625 0.8931088390624999 0.5157126140625 0.9038611 0.510624725 0.9016012812499999 0.502810684375 0.913327475 0.49715864062500004 0.9186836515625 0.479801309375 0.9172222953125001 0.46639304687500005 0.91313159375 0.46306069375 0.9051451578125 0.46198495 0.856525565625 0.46391920468750003
0 0.8698763390625001 0.54004190625 0.8561622359375001 0.5561560828125 0.8547797796875001 0.5734923890625 0.85690311875 0.5773941546875 0.86796733125 0.581248609375 0.8779016328125 0.5811960468749999 0.8867060265625 0.5772364640625 0.8893743671875001 0.568278346875 0.8809979921875 0.5560246734375001 0.9013504875 0.552615534375 0.9021107109375001 0.537323428125 0.8698763390625001 0.54004190625
0 0.7575786796874999 0.54996970625 0.7534879765625 0.5466373531250001 0.732664934375 0.5478655296875 0.7259643828125 0.55516798125 0.7111019234375 0.55636461875 0.7085700625 0.569235009375 0.7208031765625 0.5781142781249999 0.7855321171874999 0.5822437859375 0.7972973046875 0.5777095375 0.8092574625 0.578764253125 0.809549003125 0.5586387203125 0.7974328703125 0.55311283125 0.7972379015625 0.547523865625 0.7575786796874999 0.54996970625
0 0.632653553125 0.55771490625 0.619816946875 0.5600188265625 0.603299075 0.57072721875 0.60365001875 0.5807873578125 0.608734153125 0.5841144546875 0.6186879515625 0.5846207875 0.643231253125 0.5761059296875 0.6671320703125 0.5776564671875 0.677864834375 0.57200968125 0.6775333859375 0.5625084390625 0.666410684375 0.5569772921875 0.6515677203125 0.5587328296875 0.632653553125 0.55771490625
0 0.5140649125000001 0.5477213796875 0.5066243906250001 0.5622947421875 0.4948787 0.5673878890624999 0.49108045 0.5724389828125 0.492405328125 0.58193496875 0.503567025 0.5885839078124999 0.5192864359375 0.5834697359375001 0.537693684375 0.569956346875 0.54616663125 0.556495521875 0.5458936734375001 0.5486709703125 0.5327451171875001 0.54203254375 0.5218563781250001 0.54320815625 0.5140649125000001 0.5477213796875
0 0.3977537765625 0.5565306171875 0.37011320312499996 0.5617078640625001 0.3734444375 0.571752234375 0.37060062656250004 0.5756802796875 0.3757822421875 0.5818018609375 0.3946379203125 0.5811430921875 0.400949446875 0.59117169375 0.4079619484375 0.5928115875 0.443588959375 0.58871008125 0.4501335359375 0.5769364609375 0.45026910156250005 0.5523397531249999 0.4460419203125 0.545095121875 0.4063047109375 0.545305378125 0.4103954140625 0.5486377328125001 0.3977537765625 0.5565306171875
0 0.2805503140625 0.5472799390625 0.2717069265625 0.5501217296875 0.267188203125 0.563002634375 0.2575073609375 0.5703208531249999 0.25199520937500003 0.5832070125000001 0.2559884265625 0.5837448828125 0.25982567031250003 0.5798115828125 0.2726622765625 0.5775076625 0.28581083125 0.5841460890625 0.3026211578125 0.5818211437499999 0.30743233281250004 0.5773236890625 0.30581500156249997 0.5594442546875 0.303594178125 0.5527480078125 0.2955102578125 0.5488777828125 0.2805503140625 0.5472799390625
0 0.3680519875 0.6060709296875 0.347462909375 0.6140058640625 0.3468399203125 0.6246301562500001 0.3561707328125 0.6357607796875 0.40221946875 0.6455791265624999 0.40529724375000004 0.648357840625 0.42619827343749994 0.6493652484375 0.4330548 0.6465339703125 0.4366580796875 0.6358939109375 0.43252838281250006 0.6314437640625 0.4078866828125 0.60865515625 0.3967444828125 0.6025651140625 0.3680519875 0.6060709296875
0 0.484673265625 0.6166338640625 0.4799205796875 0.622808009375 0.48519968281250003 0.6317240734375 0.49922468750000004 0.6350038609374999 0.5139896625 0.631012740625 0.5220150921875 0.6332062765625001 0.52524884375 0.6404561609375 0.5363325515625 0.6448695156250001 0.556181659375 0.644205490625 0.5629601984375 0.6391386265625 0.5617328046875001 0.6324371234374999 0.533273359375 0.6141407156249999 0.4925427203125 0.6143562265625 0.484673265625 0.6166338640625
0 0.6226430875 0.6125498484375 0.5992491921875 0.6255306218750001 0.5966393421875 0.6361654265625 0.60982689375 0.643921646875 0.6295590203125 0.6399042421875001 0.6435060359375 0.6409484453125 0.6442070125 0.6325597421875 0.656147671875 0.6330555625 0.6689647812499999 0.6301927453125 0.6786261265625 0.622315628125 0.677515715625 0.61896750625 0.6723730906250001 0.61396371875 0.6483747906249999 0.6096187 0.6226430875 0.6125498484375
0 0.7709761453125 0.62070899375 0.7590939765625 0.6218898625 0.7272262203125 0.6198224812500001 0.7164544640625 0.6243514734375 0.7136301484375001 0.6288384140625001 0.7178963234375 0.6372008390625 0.7309278984375001 0.6404858859375 0.7458098546875 0.63984814375 0.776178171875 0.6558984515625 0.7920340640625 0.654696559375 0.796747753125 0.6474046203125 0.7955593546874999 0.6418209109374999 0.7853520953124999 0.6340489218750001 0.7780081453125 0.6229077843749999 0.7709761453125 0.62070899375
0 0.8641636203124999 0.6146259281249999 0.8472168140624999 0.613038596875 0.8354321296875 0.61701395 0.83274429375 0.6254131671875001 0.8409062015625001 0.631518978125 0.8489316312499999 0.6337125125 0.8808383796875001 0.636897690625 0.9154329671875001 0.631683646875 0.921218075 0.6266220375 0.9189387609375 0.6182491031249999 0.9039203265625 0.6149745703125 0.8702216859374999 0.6173888734374999 0.8641636203124999 0.6146259281249999
0 0.8258505984375001 0.684144615625 0.8128979234375 0.7116041375 0.8085936671875 0.7306329046875 0.8265728984375 0.7333327703125 0.8457498171875001 0.7276413046875 0.897690440625 0.721217484375 0.8904244765625 0.7123119328125 0.8953526343749999 0.7111678578125 0.899111890625 0.70499896875 0.897865 0.697738571875 0.905773446875 0.6965787265625 0.9096106890625 0.6926454265624999 0.9092987375 0.6837030796875 0.9051885390625 0.6798118296875 0.8713339234375 0.677754959375 0.8427389125 0.6840552578125 0.8258505984375001 0.684144615625
0 0.758141365625 0.680030878125 0.744350325 0.6834578453125 0.741837959375 0.6968871328125 0.7560384375 0.70519699375 0.75450000625 0.7180621265625 0.7597986046874999 0.7275370859375 0.7816735671874999 0.7279803421875 0.7855498046875 0.725164834375 0.7891530828125 0.714524775 0.787672228125 0.7005576140625001 0.777250503125 0.686637765625 0.767140728125 0.681660259375 0.758141365625 0.680030878125
0 0.5116341859375 0.6774221828125 0.5027518046874999 0.6791461796875 0.501894853125 0.6830637140625 0.505966059375 0.6858371703125 0.50218730625 0.6914471609375 0.5093362890625001 0.69699933125 0.5143229359375 0.6975319468750001 0.53070524375 0.7114202609375 0.5416914671875 0.7130391281249999 0.5505738484375 0.71131513125 0.554372096875 0.7062640390625 0.553144703125 0.6995625359375001 0.5407166218749999 0.6850942984375 0.5287564640625 0.6840395828125 0.5116341859375 0.6774221828125
0 0.3929675578125 0.6651930703125 0.3842287828125 0.6805184484375 0.37006108437499996 0.6921462593750001 0.3693211140625 0.699417171875 0.37553515625 0.7066512890625 0.39744911250000003 0.7082123375 0.3963387015625 0.704864215625 0.41870017343750005 0.690770903125 0.42475732656250004 0.665024865625 0.4166344125 0.6600368484375 0.40371981874999996 0.66010518125 0.3929675578125 0.6651930703125
0 0.260800515625 0.6077564125 0.252833578125 0.607239565625 0.24005546249999998 0.6112201749999999 0.23875099375 0.6307920671875 0.2348552609375 0.6330486796875 0.2393359015625 0.647558965625 0.2378559609375 0.662100790625 0.25075105781249996 0.661473559375 0.2548027671875 0.66368811875 0.27958003124999997 0.661880021875 0.279287578125 0.653496571875 0.2924937125 0.6333027062500001 0.2931751921875 0.624355103125 0.2791306890625 0.6205164171875001 0.27287765468749997 0.6121645078125 0.260800515625 0.6077564125
0 0.19836689999999998 0.677684459375 0.19556208125000002 0.6827302984375 0.180660628125 0.68280914375 0.17746587187500001 0.6766770515625 0.1724792234375 0.6761444359375 0.164980209375 0.689041109375 0.1706492515625 0.7091351046875001 0.1679029234375 0.71585763125 0.15911802656250001 0.7203761125 0.1734159890625 0.7314804546875 0.18940835625000002 0.7341908359375 0.2417287125 0.72441100625 0.24453353125000002 0.7193651671875 0.23744304062500002 0.7154896859375001 0.23798804062499998 0.7026298078125001 0.25135015156249996 0.6869071140624999 0.24792143125 0.6740682625 0.2198129296875 0.665831990625 0.21506024531249998 0.672006134375 0.19836689999999998 0.677684459375
0 0.23864213437499998 0.7490937609375 0.2379606546875 0.7580413609375001 0.24717448593750002 0.7658186078125 0.2527655375 0.783677015625 0.2609079484375 0.7892239296875 0.2748354703125 0.7897092375 0.28463329375 0.7857443984375 0.29205431875 0.7706121390625 0.290729440625 0.7611161531249999 0.261354553125 0.7450605875 0.24941389218749999 0.7445647656250001 0.23864213437499998 0.7490937609375
0 0.3491618828125 0.7481568140625 0.350447765625 0.7565350078125 0.363713303125 0.7665268125 0.3609279828125 0.7721315484375 0.36324629062499997 0.7816222765624999 0.37329757343750003 0.78492309375 0.3881405375 0.7831675578125 0.3948020953125 0.7747473140625 0.3951716234375 0.7568573671875 0.3860942734375 0.7529923968750001 0.3809126546875 0.7468708171875 0.37284823125 0.7435594890624999 0.358901215625 0.742515284375 0.3491618828125 0.7481568140625
0 0.47051634687500005 0.7519867078125 0.4657246671875 0.757043059375 0.4670495453125 0.7665390453125001 0.4752894421875 0.7748804421875 0.47488091875 0.791652596875 0.4820493984375 0.797763665625 0.48804897187499996 0.7988499203125 0.50189850625 0.797099640625 0.5105274265624999 0.7881099890625001 0.5098255375 0.7679897109375 0.49946230312499995 0.75574655 0.48935252812499996 0.7507690453125 0.4784052984375 0.75026796875 0.47051634687500005 0.7519867078125
0 0.141410759375 0.828238246875 0.1306000078125 0.831649446875 0.1203342578125 0.8222007671875 0.11139338593749999 0.8222480750000001 0.10667969375 0.8295400125000001 0.091895221875 0.8329722374999999 0.086129609375 0.8385927421874999 0.08741549374999999 0.8469709359375001 0.09462296718749999 0.8541997968749999 0.1096219046875 0.8569154328125 0.13102985312499998 0.8724541531250001 0.147002725 0.8746056375 0.158787409375 0.8706302859375 0.167767275 0.8717007703125 0.1774676140625 0.8649414484375001 0.18837584999999998 0.86432473125 0.192271584375 0.8620681187500001 0.1916281859375 0.84362453125 0.18699156875 0.8246430734375 0.151403553125 0.8298623734374999 0.141410759375 0.828238246875
0 0.12420563124999999 0.7788287359375 0.1134923640625 0.78503441875 0.11170047187500001 0.790633896875 0.11335679843749999 0.8096311249999999 0.1206227625 0.8185366765625 0.12839473125 0.8134645562499999 0.15019170625 0.811672225 0.155061371875 0.8088514609375 0.1670605234375 0.8110239703125 0.18383185468750002 0.8075812328125 0.189655959375 0.8036374171875 0.1865196921875 0.7991820140625 0.1901814625 0.7902186437500001 0.198966359375 0.7857001640625 0.1985569234375 0.7739633359375 0.1864992828125 0.770114134375 0.14576864218750002 0.7703296453124999 0.12420563124999999 0.7788287359375
0 0.2327812640625 0.8299410406250001 0.2176848421875 0.8244309218750001 0.212834671875 0.82781058125 0.2124066515625 0.8440238390625 0.2176857546875 0.8529399015625 0.22765905156250002 0.8540051312499999 0.2692271453125 0.849313190625 0.283388628125 0.8565052578125 0.2993030109375 0.8569800531249999 0.3110487015625 0.8518869078125 0.311710684375 0.8423804078125 0.30350978125 0.8351568046875 0.28233579375 0.8263248421875 0.2327812640625 0.8299410406250001
0 0.38065360937500003 0.824893459375 0.3769918390625 0.8338568296875 0.380186596875 0.8399889234375 0.3629482515625 0.858527125 0.3631822140625 0.8652338859375 0.3682858421875 0.8691198796874999 0.3931216 0.8689884687499999 0.412444290625 0.8532342375 0.41626203593750005 0.8487420406249999 0.41446923125 0.8258325359375001 0.40428146875 0.8186194453125 0.3903929421875 0.8192519296875 0.38065360937500003 0.824893459375