0 0.064227625 1 0.0639794234375 0.9620652312500001 0.0702011546875 0.9333190359374999 0.06187348593749999 0.9324367828125 0.0599599921875 0.9222582859375 0.0610454765625 0.8889080359375001 0.068137784375 0.8703458453125 0.0667144171875 0.8620172328125 0.0730659234375 0.8564262671874999 0.0745989640625 0.8582706437500001 0.075829890625 0.847149303125 0.08165993906249999 0.8415610921875001 0.08816811875 0.8267069328125001 0.08958705312500001 0.8044697609375 0.09233535312499999 0.796119115625 0.0920959078125 0.7794481234374999 0.08909249531249999 0.7720540921875 0.081901746875 0.7656084140625 0.0799725859375 0.7563562375 0.080682053125 0.7452376515625 0.063062134375 0.73884705625 0.057972885937499996 0.73146404375 0.053769884375 0.7333387140625 0.045191534374999995 0.7472775703125001 0.043772603125 0.7695147421875 0.037958221874999996 0.7741766343750001 0.024415965625 0.7733219234375001 0.0212402125 0.7761174046875 0.0190290390625 0.7835389765625 0.0218914453125 0.7992698796875 0.019601935937500002 0.8113230484375 0.013234760937500001 0.8178403328125 0.0090630921875 0.817862365625 0.006820584374999999 0.8271365765625 0 0.8308661468749999 0 0.9534407671875 0.0050232703125 0.9642290843750001 0.004313804687500001 0.975347671875 0.00633696875 0.9790419312499999 0.026121059375 0.9807899140625 0.041545471875000003 0.9936757609375 0.0441143421875 1 0.064227625 1
0 0.3680020515625 0.7312974624999999 0.3761999453125 0.7090244890624999 0.3842098328125 0.69786734375 0.3801165015625 0.6932577796875 0.36869141562499996 0.6905394125 0.363429828125 0.6933459125 0.362183234375 0.7053935703125 0.35627485000000003 0.7156133796875 0.34354049999999997 0.7286479484374999 0.34235657812500003 0.7369903328125 0.33540527343750004 0.7472156484375 0.2893445796875 0.757647525 0.2815697046875 0.754909878125 0.278044834375 0.7475186015624999 0.267505990625 0.75405791875 0.2565866953125 0.7522631171875 0.2528581484375 0.7569139921875 0.2542188484375 0.7689478828125 0.2671613078125 0.7744369453125 0.2794726375 0.7864129984375 0.2834249625 0.7993594359375 0.2817039140625 0.808630890625 0.2831429515625 0.816033184375 0.27930473125 0.82716829375 0.28112422187499997 0.84290470625 0.28415896875 0.8484460984375 0.3007673046875 0.8529895625 0.307754378125 0.8714773906250001 0.3106167828125 0.8872082953125 0.31814098125 0.9047670515625 0.31280105625 0.9122051484375 0.32296388125000003 0.9278974953124999 0.33838829531250003 0.9407833406250001 0.3405054640625 0.9389196859375 0.3521611265625 0.8971774781249999 0.345444834375 0.8935080046874999 0.3424100875 0.8879666125 0.3448249375 0.8685028906250001 0.3556144578125 0.8471424640624999 0.36672176093750003 0.8378214328125001 0.367968353125 0.8257737734375 0.3706383171875 0.8220547265624999 0.3709046625 0.8063072968749999 0.3606321640625 0.7970991859375001 0.3571699640625 0.7860026328124999 0.35731097031250003 0.777665759375 0.361321528125 0.7563411359375001 0.36673978906250004 0.7442714421875001 0.3680020515625 0.7312974624999999
0 0.5807506874999999 0.730555425 0.5834989875 0.7222047796875 0.5822949609375 0.7009076984375 0.5861018453125 0.691625225 0.5778995140625 0.68333241875 0.5668235453125 0.690800809375 0.5559825875 0.6843744109375 0.5521130328125 0.697362159375 0.54569885625 0.706658403125 0.546412759375 0.7261056 0.536916834375 0.732639409375 0.5260288734375 0.7289919703125001 0.5219668765625001 0.7225297671875001 0.521252975 0.70308256875 0.514187565625 0.6892263359374999 0.5073146015625001 0.69482005625 0.4953523890625 0.6930307625000001 0.49249441718750003 0.7078656421875 0.4854491109375 0.7236488734375001 0.488389853125 0.734748184375 0.484963421875 0.752364775 0.49517325 0.7652781625 0.4961221625 0.7708305703125 0.5053517421875 0.780044190625 0.5132832921875 0.7735186421875 0.52529250625 0.772528978125 0.5420619515625 0.7983750328125 0.5500136046875 0.82148895 0.5367891328125001 0.8326736359375 0.5360013296874999 0.8484238187500001 0.547744196875 0.8631815843749999 0.565995246875 0.8630851890625 0.5714962796874999 0.876949684375 0.5738528953124999 0.8917570234375001 0.583082475 0.9009706421875 0.5860075499999999 0.9129962687500001 0.5906380078125 0.916676759375 0.6000242625000001 0.916627184375 0.6042899359375 0.9110472359375 0.6060579875000001 0.8989968218750001 0.59150415 0.896294978125 0.583333153125 0.8861495328125001 0.5808982015625 0.875973790625 0.5807997609375 0.8509659234375 0.578317809375 0.8435691375 0.5776420375 0.7602114140625 0.5819233781250001 0.753705146875 0.5805156765625 0.7444502140625 0.5807506874999999 0.730555425
0 0.896602334375 0.7687154046875 0.9024010484374999 0.7649798296875 0.9050710109375 0.7612607828125 0.9082423281249999 0.7278995171875 0.905885715625 0.7130921781249999 0.8977460531249999 0.701094090625 0.8779619625 0.6993461109375 0.873159165625 0.70585513125 0.8673917859375001 0.7077380671875 0.797487365625 0.6173360859375 0.7981654984375 0.608070140625 0.7920020015625 0.6025452734375001 0.7901981765625 0.585882540625 0.78552071875 0.5849810093750001 0.7775578328125 0.59335919375 0.769688953125 0.596179465625 0.7606048140625 0.60919475625 0.7551552187499999 0.6231170859375 0.756739696875 0.6527482890625 0.7602645671875 0.660139565625 0.7685765703125 0.6619481375 0.77001560625 0.6693504296875 0.763142640625 0.6749441484375 0.7619743828125001 0.6823602109375 0.7571402515625001 0.6907218734375 0.751862996875 0.69445469375 0.7523732234375 0.7259440421875001 0.7593424109375 0.7300752968750001 0.7692366734375 0.7462321796875 0.7926396375 0.7498135218749999 0.7998617203125 0.7544065609375 0.8169332828125 0.7932183328125 0.8291349390624999 0.8116786218750001 0.8532429374999999 0.77357559375 0.8657109406249999 0.7762884515625 0.873579821875 0.7734681828125 0.879456871875 0.7651010109375 0.896602334375 0.7687154046875
0 0.596953809375 0.5432607609375 0.5970478140625 0.53770284375 0.5889238203125 0.5247784390625 0.5861867546874999 0.5016369796875 0.57191493125 0.4822613890625 0.5661475515625 0.4841443234375 0.5575535375 0.49900949843750003 0.5482926203125 0.4916485171875 0.548955084375 0.48330889062500004 0.5464887984375 0.4749857875 0.547970403125 0.44904333750000003 0.54185390625 0.4407395125 0.534569153125 0.43985175 0.5266532703125 0.44545097968749997 0.519133509375 0.45845800625 0.5133347953125 0.4621935796875 0.5099083640625001 0.47981017187499997 0.5122179765625 0.49739647031249995 0.5072585046875 0.513168684375 0.5004012062500001 0.5178360843750001 0.4943831484375 0.534540128125 0.5061260171875 0.54929789375 0.5160180624999999 0.5501718859375 0.5294349781250001 0.5584371499999999 0.5340184328124999 0.5648966 0.5439619171875 0.5935574171875 0.5552146609374999 0.606465296875 0.5609507046875 0.6064350015625 0.5782954109375 0.5674414578125 0.596953809375 0.5432607609375
0 0.3714889078125 0.6176242609375 0.3838227015625 0.5666161078124999 0.391910925 0.550827365625 0.3914521359375 0.5471248421875 0.3805328421875 0.545330040625 0.3757927125 0.5481337859375001 0.3685706296875 0.5435407453125001 0.3604779703125 0.528763703125 0.3638574 0.51392606875 0.3629554890625 0.505594703125 0.3572507796875 0.503772359375 0.35082093593749997 0.513994921875 0.3413250109375 0.52052873125 0.3330017765625 0.5502122625 0.32287472031250003 0.5632330609375 0.3510110171875 0.6260685453125 0.3581861 0.6334405421875 0.3654865171875 0.6334019843750001 0.3714889078125 0.6176242609375
0 0.1757551921875 0.5806823421875 0.18027154375 0.560281284375 0.18619559531250002 0.5491351578125 0.1869207296875 0.5370902515625 0.18225893906249999 0.5352623999999999 0.180600559375 0.5408285796875 0.165274584375 0.5529505984374999 0.163000740625 0.564077446875 0.1587037328125 0.5715100359374999 0.1464908421875 0.5845418515625 0.1417977171875 0.5845666375 0.1377043859375 0.5799570734375 0.1362653484375 0.5725547828125 0.132172015625 0.56794521875 0.1169243796875 0.5754356421875 0.1115531203125 0.584726378125 0.1037312421875 0.5847676890625 0.09600336875 0.5792510859375 0.09262393906250001 0.59408871875 0.084202265625 0.59876438125 0.08529661875 0.6265457 0.0835129 0.6395224328125 0.085932184375 0.65062449375 0.0905156375 0.65708394375 0.094671640625 0.657988228125 0.09949010625 0.6505528875000001 0.11213044999999999 0.6430762343749999 0.1244104453125 0.656904925 0.13090739375 0.67354286875 0.1375610171875 0.6809176203125 0.1531421046875 0.6845402734375 0.1589408171875 0.6808047015625001 0.16161077968749998 0.677085653125 0.159128825 0.66968886875 0.1646836578125 0.61871651875 0.169168675 0.600168096875 0.1761513125 0.58809014375 0.1757551921875 0.5806823421875
0 0 0.5422428515625 0.0001602296875 0.542707825 0.009942603125000001 0.5500660515625 0.0204344421875 0.546305690625 0.0263271625 0.537012203125 0.0308748484375 0.5147585046875001 0.030431725 0.5101296625 0.025832603125 0.504596534375 0.0260206109375 0.4934807015625 0.0536221453125 0.46462158750000004 0.059071740625 0.45069925624999996 0.059181412499999995 0.44421502031250004 0.038573750000000004 0.4295040765625 0.0245301375 0.45829158281250004 0.0160771296875 0.46481988281250003 0.0094391734375 0.45651881406249994 0.00444393125 0.44357788437499995 0 0.4427452234375 0 0.5422428515625
0 0.18353243125000002 0.4907963171875 0.1888791515625 0.42130033281249996 0.1956850140625 0.3888461078125 0.202240196875 0.371212990625 0.197041278125 0.3703142140625 0.1938028546875 0.37681497343750003 0.1870082265625 0.37777709531250003 0.1837541359375 0.38520417500000004 0.1690279578125 0.392691846875 0.15496424375 0.3918398875 0.14516620156249999 0.38540797968749996 0.1381992328125 0.39655961562500003 0.1340275640625 0.39658165 0.1299342328125 0.391972084375 0.13111815468750002 0.3836297046875 0.1264093609375 0.384580809375 0.12263381250000001 0.3920106421875 0.12513143437500002 0.3984811078125 0.12455174218750001 0.4327549234375 0.11619273593749999 0.43372530937500003 0.114993146875 0.4429940109375 0.1185806859375 0.44668000937499996 0.127951271875 0.4475567546875 0.1403096046875 0.45675384843750005 0.16001979375 0.49369921093749997 0.169802165625 0.5010574375 0.1765967953125 0.5000953140625 0.18353243125000002 0.4907963171875
0 0.17780998125 0.3667108375 0.17760187031250002 0.3481872046875 0.180459840625 0.33335232656249997 0.17859335 0.320394871875 0.17074013593749998 0.322288821875 0.1616515640625 0.304738328125 0.1645095328125 0.2899034484375 0.15675032656250001 0.2862394828125 0.15577007812500002 0.2825397125 0.150508490625 0.28534621250000003 0.14900678437499998 0.28164920000000004 0.13805615468750002 0.2817070359375 0.1321634359375 0.2910005234375 0.12876833906250001 0.3067644765625 0.1326893296875 0.32156355312499996 0.13123906093749999 0.3456533640625 0.1262169171875 0.3651308578125 0.13332933125 0.37620813124999997 0.123155271875 0.3920078890625 0.12491209218749999 0.41144957968750007 0.1284212953125 0.41976717499999994 0.13102858906249998 0.419753403125 0.1333807671875 0.40399495781250006 0.145009528125 0.3946711734375 0.149655653125 0.39742534531249996 0.17522279062499999 0.3963640734375 0.18702389375 0.3768507765625 0.18446360312500001 0.374085590625 0.18128785 0.3768810734375 0.17780998125 0.3667108375
0 0 0.3261553875 0.000681978125 0.32689194375 0.00262680625 0.3352178 0.009801885937500001 0.342589796875 0.016674851562500002 0.3369960796875 0.021826767187500002 0.34067381406249997 0.0260767734375 0.33602018437500003 0.028460287499999997 0.3184091015625 0.0350468046875 0.29892334531250003 0.03350489375 0.2359474 0.0325873171875 0.22854235312500001 0.027956859374999997 0.22486186406250003 0.027592073437499996 0.215601425 0.0087725625 0.21847953125 0.0061339359375 0.220345940625 0.007020178125 0.22960362499999998 0 0.22964070312499998 0 0.3261553875
0 0.1397571 0.24279611406249998 0.1473081984375 0.22793644687499998 0.150640625 0.215877771875 0.15024450625000002 0.2084699703125 0.14520226249999998 0.198307996875 0.0850621859375 0.20881423593749998 0.08286668124999999 0.21530948749999998 0.084780175 0.2254879828125 0.089379296875 0.2310211125 0.09331595468750001 0.2448938703125 0.093665071875 0.255080628125 0.133645040625 0.2650580734375 0.14372509375 0.25481623125 0.1397571 0.24279611406249998
0 0.24651066406250002 0.220002609375 0.2524660515625 0.2070038421875 0.2592920140625 0.20418907968750002 0.25831176718750004 0.20048931250000002 0.23969593281249998 0.19132526562500002 0.2269772515625 0.2034335171875 0.22312336406250002 0.2154949484375 0.2235664875 0.22012379218749997 0.2214493171875 0.2219874453125 0.21269419531249997 0.21555003125 0.20537810781250002 0.21651490624999997 0.19823879687499998 0.23785605625 0.197941115625 0.2554561234375 0.200532740625 0.256368671875 0.2069155828125 0.2489250671875 0.22203788124999999 0.24884519843750003 0.22229299375 0.264589871875 0.2252494046875 0.274762859375 0.2486523703125 0.27834420312499997 0.247750459375 0.2700128375 0.24321400624999998 0.26077443125 0.2538781875 0.24682455781249998 0.256105028125 0.238476665625 0.2552187859375 0.22921898281250003 0.2488516109375 0.23573626875000003 0.245863865625 0.2274159171875 0.24651066406250002 0.220002609375
0 0.31711331875000004 0.33077810625000004 0.32414295625 0.31592119375 0.3378888875 0.3047337546875 0.3385356859375 0.29732044375 0.3360380640625 0.29084997968750004 0.33139193906250003 0.288095809375 0.318782928125 0.293719825 0.3159876296875 0.304849428125 0.3112475 0.307653171875 0.3081657515625 0.3048907390625 0.3061739203125 0.2993438390625 0.3054443515625 0.2808229625 0.29923384999999997 0.278077053125 0.29444671875 0.28365975468750004 0.2803472359375 0.2540946515625 0.28209961875 0.24297055781250002 0.2721292375 0.2467281640625 0.26593440468749996 0.243055934375 0.2596298984375 0.2458679421875 0.25479576718749997 0.254229603125 0.2556663421875 0.26441360937499997 0.24778179374999998 0.268160196875 0.24580563125000002 0.2616869796875 0.2313144625 0.255279859375 0.22858183125 0.262704184375 0.22997386562500002 0.272885434375 0.250675534375 0.2820384625 0.2541847390625 0.290356059375 0.2565570203125 0.3042370765625 0.2620893875 0.316248934375 0.2601176609375 0.34034149999999996 0.2792549546875 0.3495027890625 0.2870812671875 0.38002726249999996 0.2995806046875 0.3808874828125 0.3062342265625 0.3882622328125 0.3109430203125 0.387311128125 0.307324146875 0.38547776875 0.306437903125 0.3762200828125 0.3108132484375 0.3641558984375 0.31267530312499997 0.34654756875000003 0.31711331875000004 0.33077810625000004
0 0.3707540828125 0.396257596875 0.36471592343750003 0.38332217343749997 0.364935265625 0.370353703125 0.37032219375 0.3601366515625 0.366322865625 0.34996917031249997 0.3543606546875 0.348179878125 0.34590764375 0.354708178125 0.3456412984375 0.37045560625 0.33531056718749996 0.3955185578125 0.314973684375 0.3956259671875 0.31892600937500004 0.4085724046875 0.3091637375 0.4308536453125 0.3193578984375 0.444693353125 0.32380034687500003 0.45948967500000004 0.33600200468749997 0.4779499625 0.344835465625 0.47975578125 0.3501597234375 0.47324400312500003 0.35263724218750003 0.4500750046875 0.355369871875 0.442650678125 0.35511475937500003 0.42690600468750006 0.365100809375 0.4222220796875 0.369919275 0.41478673749999995 0.3707540828125 0.396257596875
0 0.49282238749999996 0.3928341734375 0.4958213640625 0.36966242031249996 0.5012082906249999 0.35944536562499996 0.500812171875 0.352037565625 0.4947740109375 0.33910214375000003 0.48327058906250003 0.3410153734375 0.478499125 0.34567175781250004 0.4754800453125 0.339204046875 0.471308375 0.3392260796875 0.46498820468749996 0.34296440625 0.4410525484375 0.370877921875 0.4409742109375 0.37550951875 0.44652224687500003 0.38659505625 0.456877515625 0.421737353125 0.4726499390625 0.4371685125 0.4834136671875 0.4558679546875 0.48856558437500003 0.459545690625 0.49747738124999996 0.4567199140625 0.49437996562500003 0.4548838 0.49298793124999996 0.44470254843749996 0.49481865 0.42894685624999995 0.498010071875 0.42522505468749994 0.4925873765625 0.4067289640625 0.49282238749999996 0.3928341734375
0 0.44617992656250005 0.314350409375 0.4470460671875 0.29396862968750004 0.453851928125 0.2615144046875 0.45874873125000004 0.2494474640625 0.4535654796875 0.24762236718750003 0.44933114218750003 0.25134967656249996 0.44816288593750003 0.258765740625 0.443865878125 0.266198328125 0.4364714546875 0.2717948015625 0.42798267812499996 0.2496099578125 0.4173297265625 0.23206772656250002 0.404402934375 0.22565234531249997 0.39029221718749996 0.2275793453125 0.38700679375 0.23685906406249999 0.38123941562499997 0.23874199843750002 0.3789812390625 0.248942525 0.3809104 0.258194703125 0.3728691796875 0.2712044859375 0.3757315859375 0.286935390625 0.38230686875000003 0.29894173749999997 0.3895132859375 0.3044610953125 0.4098815046875 0.302501046875 0.412426125 0.306192553125 0.4159039953125 0.3163627875 0.41818227343750003 0.335801721875 0.41598676718750005 0.3422969734375 0.4163828875 0.349704775 0.42653004531249994 0.366323440625 0.43790812968750004 0.371820765625 0.4511796046875 0.357857121875 0.46203179375000003 0.3327914171875 0.46005563125000004 0.3263181984375 0.4525414859375 0.323579175 0.44617992656250005 0.314350409375
0 0.356883103125 0.1990424625 0.35972540468749997 0.185133903125 0.35637287500000003 0.1675531125 0.3595799625 0.16290499218750001 0.3518677578125 0.15646206875 0.3247205765625 0.15845792187500002 0.31421306875 0.1631446015625 0.305952503125 0.1891228546875 0.3085441296875 0.1900354046875 0.3104419546875 0.20114022031249998 0.31557820312499996 0.20574427499999998 0.3141749375 0.2270551265625 0.3066551734375 0.24006215625 0.28941570625 0.24200568125 0.282417403125 0.2550099546875 0.28120214374999997 0.265204978125 0.29185509375 0.28274720625 0.3013040171875 0.2789923546875 0.311576515625 0.288200465625 0.3679567078125 0.28419774375 0.372175378125 0.281396753125 0.3693443078125 0.2638132109375 0.35398256250000004 0.247222084375 0.3520064 0.2407488671875 0.35432724531250004 0.226843059375 0.358040125 0.2231185046875 0.356883103125 0.1990424625
0 0.4565130203125 0.1966637875 0.45611690156250007 0.1892559875 0.459845446875 0.1846051125 0.46155082968750005 0.17625997499999999 0.45853175 0.1697922640625 0.4543600828125 0.169814296875 0.45271736875 0.17445415625 0.4453542796875 0.178197990625 0.44075515625 0.1726648625 0.43947279375 0.15599937656250001 0.435332459375 0.1541687703125 0.4117302546875 0.19319536406249999 0.410973784375 0.20709290937499997 0.437619609375 0.234739275 0.45267923750000005 0.23836468281249998 0.452236115625 0.2337358390625 0.4575133703125 0.2300030203125 0.4582071703125 0.21981075312499998 0.46253551249999997 0.21052552812499997 0.4626608515625 0.2031149734375 0.4565130203125 0.1966637875
0 0.5357791546875 0.2268109453125 0.5470117984375 0.21007935937500002 0.5503755609375001 0.1961680453125 0.5493953140625 0.1924682765625 0.5442120609375001 0.1906431796875 0.5377464484375001 0.1721525953125 0.5283131921875001 0.174981128125 0.5238751796875001 0.1907505890625 0.5165590921875001 0.19171546718750002 0.51101105625 0.180629928125 0.50124435 0.1723453828125 0.4926973375 0.1844316015625 0.4909606203125 0.19462937656249998 0.4619983859375 0.2114546015625 0.45816016875 0.22258971249999998 0.4731145609375 0.263265140625 0.47829781093749996 0.2650902359375 0.49411834375 0.285383884375 0.4982743453125 0.286288171875 0.5025870203125 0.2779292625 0.508860190625 0.2769698953125 0.50274369375 0.2686660703125 0.5029160359375 0.2584765578125 0.50536221875 0.2371601953125 0.5103060234375 0.2223143 0.517225990625 0.21394162187500002 0.5321132796875 0.2277565421875 0.5357791546875 0.2268109453125
0 0.5698037359375 0.24978715624999998 0.56781190625 0.2442402546875 0.5716031218750001 0.235884103125 0.576327584375 0.234006678125 0.56706666875 0.2266456984375 0.5543479890625 0.2387539484375 0.5465731125 0.2360163015625 0.5433346890624999 0.24251706093749997 0.5420097593750001 0.25919631875000004 0.5371756265625 0.26755797812500004 0.5314552499999999 0.2666619546875 0.5289419609375 0.261117809375 0.5237743781249999 0.2583663921875 0.514799909375 0.264897446875 0.5080522843749999 0.2630806125 0.5052256468749999 0.276062853125 0.5103305625 0.2825195484375 0.5132086359375 0.2973241328125 0.5265628812500001 0.309294678125 0.5295349578125 0.318541346875 0.5473159875 0.34623453125000003 0.5570513578125 0.35637171562500003 0.5654416984374999 0.35354869375 0.57500029375 0.34330960625 0.581461471875 0.3312344046875 0.583307859375 0.31455239375 0.5824372828125 0.304368390625 0.5743132906249999 0.29144398437499996 0.5652291515625001 0.3044592765625 0.5585598625 0.29801084375000003 0.56165284375 0.26928117500000004 0.5698037359375 0.24978715624999998
0 0.614669275 0.2791897671875 0.6232006218749999 0.26802986875 0.6352680703125 0.2327691421875 0.6349346203125 0.2216560640625 0.6334329140625 0.21795905000000002 0.6203494468749999 0.22080686093750002 0.61753404375 0.2022969984375 0.62020400625 0.1985779515625 0.6181651734375 0.1958100078125 0.6012904906250001 0.2070139734375 0.594323521875 0.218165609375 0.593692390625 0.2246525984375 0.584196465625 0.23118640781250002 0.5764059203125 0.22937508125 0.5671763421875 0.2201614625 0.562389209375 0.22574416406250003 0.560683828125 0.23408930312499998 0.56316578125 0.24148608437500002 0.57335994375 0.25532579375000003 0.5879294484375001 0.257101315625 0.604808565625 0.2764631375 0.614669275 0.2791897671875
0 0.658261321875 0.3530584578125 0.6554459171875 0.334548596875 0.6640242640625 0.3206097390625 0.6616989859375 0.3039497640625 0.6577466609375 0.29100332500000003 0.6526104109374999 0.2863992703125 0.6442670734375 0.286443334375 0.6384370265625 0.292031546875 0.6286590890625 0.3152391046875 0.608592984375 0.3301648703125 0.6060326921875 0.3273996828125 0.604150534375 0.3153685484375 0.6000415359375 0.311685303125 0.585758478125 0.3238018171875 0.58465289375 0.3275126015625 0.58770330625 0.3321276734375 0.5880524234375 0.34231443281249996 0.5806736671875 0.3469845875 0.5767727796875 0.361824975 0.5802506484375 0.37199520937499997 0.5896525703125 0.371019315625 0.5929894328125 0.3895264234375 0.608064728125 0.3922255125 0.6309820046875 0.4245227546875 0.6418072953125 0.431875471875 0.6496448406249999 0.43090784062500004 0.6577017296875 0.4169717390625 0.6522734171875 0.41422169843749995 0.6423713203125 0.39852797500000003 0.6432374624999999 0.3781461953125 0.6454643015625 0.36979830625 0.658261321875 0.3530584578125
0 0.716622059375 0.23195785624999998 0.716763065625 0.22362098281249998 0.728058378125 0.20318411875 0.7287835125 0.1911392140625 0.7247058484375 0.18560332968749998 0.712618296875 0.19122459218750001 0.70541188125 0.1857052328125 0.6965470859375 0.185752053125 0.6796567359375 0.1978823359375 0.6751873859375 0.2155044375 0.6854755531250001 0.2237862296875 0.6874517140624999 0.23025944843750001 0.684781753125 0.2339784953125 0.7038093734374999 0.24962402187500002 0.7079810421875 0.2496019890625 0.7186765578125 0.2337994765625 0.716622059375 0.23195785624999998
0 0.780738709375 0.5104164328125 0.782365753125 0.5067028921875 0.7890820453125 0.510372365625 0.7982915234375 0.48994652031249997 0.7884778156250001 0.48444093437499997 0.781839859375 0.4761398625 0.7792169 0.47707995312499996 0.773292846875 0.48822607968750004 0.757096296875 0.49016409687499995 0.7536855328125001 0.50685436875 0.7494825296875 0.5087290421875 0.7392256984375 0.4985946125 0.7256991125 0.496813578125 0.7254596656250001 0.4801425859375 0.72155434375 0.46441718906249996 0.71954684375 0.459796609375 0.7112661796874999 0.456135396875 0.7009723984375 0.4635996578125 0.6939170390625 0.46456315937500003 0.689447690625 0.482185259375 0.6574864781249999 0.5221822375 0.6568866843750001 0.5268165875 0.6598587625000001 0.5360632562500001 0.6670965125 0.539729978125 0.683569459375 0.5368642640625 0.7413360703125 0.5587888421875 0.7580966484375 0.5235033312499999 0.7750026625 0.5104467265625 0.780738709375 0.5104164328125