0 0.80632358125 0.1978834890625 0.8160831500000001 0.2002855890625 0.8227494156249999 0.198240390625 0.8520085453125 0.17942339375 0.8615136046874999 0.167777915625 0.860167628125 0.1620803203125 0.8469134078125 0.162178809375 0.833825603125 0.16730513125 0.8233416515625 0.1748069015625 0.8041112890625 0.1755484953125 0.790901121875 0.18015685625 0.784401265625 0.1872298875 0.7856689296875 0.1969193953125 0.788395146875 0.1998128046875 0.80632358125 0.1978834890625
0 0.6895897875 0.2379476859375 0.7016644375000001 0.2371794359375 0.7227987515625001 0.22720372968749997 0.734628678125 0.2253995546875 0.7474717625 0.21923730468749997 0.7639563359375 0.1895789953125 0.761876190625 0.180773615625 0.7534185515625 0.179559240625 0.7369584546875 0.187704115625 0.7262738296875 0.19867983281249998 0.7263790609375 0.20344868593749998 0.7179483390625 0.2109950703125 0.7033138796875 0.21389774374999998 0.6928299296875 0.22139951406249997 0.6863300734375 0.2284725484375 0.6895897875 0.2379476859375
0 0.6478480515625 0.2558060421875 0.6510539296875 0.24775965156250002 0.649017834375 0.24346414843750003 0.6424298796875 0.24151743906249998 0.63165715625 0.24347341249999999 0.6019526296875 0.264728428125 0.5844891624999999 0.290243034375 0.58880608125 0.2998699671875 0.6016932125000001 0.29821759062500003 0.6148593328125 0.28909935781249996 0.6215598625000001 0.278552378125 0.6478480515625 0.2558060421875
0 0.5351799515625 0.392536190625 0.5531328640625001 0.369093440625 0.5518652015625001 0.359403934375 0.536364425 0.3456692109375 0.526404184375 0.3467410546875 0.515308425 0.35165300781250003 0.5104775828125 0.36146765625 0.5116718265625 0.38165489531249996 0.5065571078125 0.39242957343749996 0.511441784375 0.4001364484375 0.5261986015625 0.397751740625 0.5351799515625 0.392536190625
0 0.6650807171875 0.328752884375 0.669928690625 0.3146873453125 0.6677261828125001 0.3053640078125 0.658088978125 0.303479865625 0.6451235328125 0.3091241546875 0.632902040625 0.330887871875 0.6331124984375001 0.3404255796875 0.64064508125 0.3550177796875 0.6499152015624999 0.3553480296875 0.6611333234375001 0.3509540375 0.6685680203125 0.3435148359375 0.6650807171875 0.328752884375
0 0.7766672421874999 0.277972265625 0.7837348578125 0.268979175 0.780964590625 0.2615758890625 0.7726293140625 0.26087947499999997 0.7332435312500001 0.2757404796875 0.720977990625 0.292994328125 0.7285007859375 0.294574871875 0.7266751484375 0.29981707812499997 0.738382715625 0.2974949390625 0.748132496875 0.2868853890625 0.763824159375 0.28413451093750003 0.7766672421874999 0.277972265625
0 0.8731910484375 0.22828144374999998 0.8775764921875 0.22090481562500003 0.883998034375 0.21782369375 0.8846000546875 0.2074018546875 0.88106135625 0.2053925734375 0.871913596875 0.2055802859375 0.8645572125 0.209027578125 0.83376121875 0.238632578125 0.8399233390624999 0.2690406171875 0.8535005953124999 0.2659861453125 0.8662996296875001 0.2553140234375 0.86653456875 0.2433382953125 0.8600249281250001 0.23739967812499999 0.8731910484375 0.22828144374999998
0 0.8218578546875 0.3049770578125 0.822959109375 0.3096387265625 0.8288128875 0.30847765781250003 0.8345883609375001 0.311308496875 0.8481656125000001 0.3082540265625 0.8600738531250001 0.30245794375 0.88609284375 0.300189115625 0.9021075421875 0.29448225781250004 0.9155183843750001 0.286399953125 0.9177551562499999 0.2872215109375 0.9118818015624999 0.2623592734375 0.9102127890625 0.25961765937500003 0.8927835859375 0.2766304828125 0.8849377546874999 0.2780059203125 0.87786035625 0.27398735625000004 0.8718842125 0.2746304609375 0.86034305625 0.2819804359375 0.849570334375 0.28393640625 0.8357924046875 0.29046482500000004 0.8218578546875 0.3049770578125
0 0.7702848437500001 0.333100003125 0.7884139515624999 0.327696740625 0.8035721203125 0.3183641359375 0.8079575640625001 0.3109875109375 0.8041300937500001 0.3034324265625 0.78831606875 0.305665340625 0.7597813234374999 0.3145784671875 0.7433652734375 0.327233215625 0.7288972265625 0.3351637234375 0.72463414375 0.343058315625 0.7265919281250001 0.351345728125 0.733057521875 0.35277447500000003 0.7482597375 0.3479517453125 0.7702848437500001 0.333100003125
0 0.661608078125 0.3875509765625 0.67319328125 0.38471087656249997 0.7014735187500001 0.36175017187499997 0.703989278125 0.3551058734375 0.7005288921874999 0.3491046828125 0.6952428671875001 0.34834569531250004 0.6802853718749999 0.3542043515625 0.662611446875 0.37018125 0.6478546281249999 0.37256595937500003 0.6181843640625 0.38531919531250003 0.61615805 0.3940353453125 0.626284703125 0.39799133593749997 0.6375468703125 0.3981072203125 0.661608078125 0.3875509765625
0 0.5356238671875 0.44197282187500003 0.5498471921875 0.4330063875 0.5557352375 0.4233435375 0.570403959375 0.41193908281249997 0.5706829453125 0.404473228125 0.5602234734375 0.390461565625 0.5492843390625 0.38738970156249997 0.5361965328125 0.3925160234375 0.5311992796875 0.39730283593750004 0.5285611593749999 0.40342917187499994 0.532922128125 0.41756597656250005 0.519477021875 0.4341500625 0.5213124453125 0.4419195125 0.527778034375 0.443348259375 0.5356238671875 0.44197282187500003
0 0.41249374375 0.46982921875 0.4118917234375 0.4802510546875 0.4160422296875 0.4848501515625 0.42462222812499995 0.486582496875 0.44157177187499996 0.4805094703125 0.44937355468750007 0.4746241609375 0.478197075 0.4712568359375 0.49067307187500003 0.463540696875 0.49786304843750007 0.45506556875 0.48991933281250005 0.4344096109375 0.48190709218750005 0.430757209375 0.46203065624999995 0.43741077031250003 0.45865836875 0.4404293234375 0.447763284375 0.44186733125 0.44853171718749996 0.43647333125000004 0.435321546875 0.441081690625 0.43622212656250003 0.4492173046875 0.4196837203125 0.461354090625 0.41249374375 0.46982921875
0 0.47375984843749996 0.39269834375 0.4731823046875 0.3816067453125 0.45911560625 0.3825893609375 0.43318471562500005 0.39387793437499996 0.42728688125 0.3905291328125 0.418139121875 0.390716846875 0.4023691484375 0.39745962968750004 0.3977389796875 0.4038003328125 0.42076254999999996 0.41911560000000003 0.4268610546875 0.4189904578125 0.47375984843749996 0.39269834375
0 0.2302464265625 0.44199266562500006 0.23402984999999998 0.44503787343749995 0.242242765625 0.4452163265625 0.259069946875 0.4386253390625 0.270244015625 0.4297214796875 0.2728821359375 0.4235951421875 0.2937374609375 0.4210852921875 0.302151053125 0.41778979843749997 0.313325125 0.40888593437500004 0.3124245421875 0.40075031875 0.302542615625 0.3978302546875 0.2832339390625 0.40256375625 0.275221696875 0.3989113578125 0.2671311421875 0.3992508703125 0.258717553125 0.40254636250000003 0.25091576875 0.408431671875 0.24645201249999998 0.41980021093750003 0.23121553437500003 0.4331247203125 0.2302464265625 0.44199266562500006
0 0.27661990625 0.4740046109375 0.30130270000000003 0.47904983906250004 0.315080628125 0.47252142656249996 0.3223587046875 0.47306604218750004 0.3395529671875 0.4680289453125 0.3494251109375 0.4579373578125 0.3454752765625 0.4498643140625 0.3320987 0.4494448390625 0.3195003390625 0.456643015625 0.3116545046875 0.4580184515625 0.303842940625 0.45089210937499996 0.2916459265625 0.45114239375 0.2794929609375 0.4559025515625 0.27112342031250003 0.46370791718750004 0.27165691718749996 0.47028964375 0.27661990625 0.4740046109375
0 0.3389966921875 0.5391721765625 0.3476550046875 0.5369126093750001 0.35801659531249996 0.528892875 0.3559364484375 0.5200875 0.350973459375 0.51637253125 0.340646134375 0.5158904843750001 0.3253117671875 0.507183596875 0.3120575546875 0.5072820828125 0.3027091171875 0.5109437421874999 0.2963316265625 0.5185347390625 0.2974328796875 0.5231964078125 0.31317837656249997 0.537967059375 0.3389966921875 0.5391721765625
0 0.463254240625 0.5506755390625 0.461986578125 0.5409860328125 0.45466445625 0.5359315421875 0.46132093750000003 0.5208746921875 0.45899606718749997 0.5110333890625001 0.44830165468749994 0.5089974515625 0.42891467031249997 0.5177228609375 0.4248179953125 0.5306452921875 0.4116176125 0.5482653046875 0.415078 0.5542664953124999 0.4330162203125 0.5653488328125 0.446148075 0.56473238125 0.459681278125 0.5571680390625 0.463254240625 0.5506755390625
0 0.5658863390625 0.5138712296875 0.577182771875 0.50548533125 0.58383925 0.49042847968750003 0.5927765515625001 0.48070305781249995 0.590696403125 0.47189768125000003 0.577319825 0.4714782046875 0.5639775109375 0.4625569484375 0.549587775 0.46649554687499994 0.539103825 0.47399731875000006 0.5400484515625 0.48664280625 0.5498520671875 0.49355478281250004 0.5468126 0.5066290062500001 0.5533662921875 0.517077496875 0.5658863390625 0.5138712296875
0 0.6773205609375 0.4683343921875 0.713534728125 0.45301799374999996 0.71050995625 0.43156712812500003 0.6989932765625 0.4174036671875 0.6995169859375 0.410973740625 0.6839476859375 0.4142425796875 0.6719170828125 0.4195206984375 0.662367975 0.42665630468750004 0.662044940625 0.4296122859375 0.6376607015625 0.44312450937500003 0.6453694765625 0.47575619687500004 0.6773205609375 0.4683343921875
0 0.8052276921875 0.41314182187500004 0.8153445578125 0.4040861609375 0.8183057125 0.3950038453125 0.8143020453125001 0.3694092765625 0.80576609375 0.37218680625 0.7921007437500001 0.36622153125 0.780148453125 0.36750774375 0.76742773125 0.37418795625 0.7627975640625 0.38052865625 0.7647553484375 0.388816071875 0.769561709375 0.40051485781249996 0.7764727015624999 0.399505584375 0.7864867765625 0.4159552671875 0.794822053125 0.4166516859375 0.8052276921875 0.41314182187500004
0 0.9156958328125 0.361950421875 0.92487785625 0.353260928125 0.9212951078125 0.34674177500000003 0.9312896140625 0.3371681484375 0.9331054640625001 0.31891429375 0.9292339453125 0.3068493390625 0.9247604015625001 0.30520622343750003 0.9170369328125 0.30709962343749997 0.8715966921874999 0.326595646875 0.8738775125 0.33192707499999996 0.86916903125 0.3422596859375 0.8733293234374999 0.35987043750000003 0.8794718796875 0.3642551671875 0.9007383375 0.36780907812499997 0.9156958328125 0.361950421875
0 0.9211122093749999 0.42207687656250004 0.9219589546875 0.41269096562499996 0.9117882546875 0.4042251015625 0.9303261656249999 0.39362189375 0.9281968656249999 0.378979365625 0.8983375890625 0.39325418437500004 0.888417171875 0.41337925000000003 0.8903406921875 0.43016844374999996 0.893066909375 0.433061853125 0.9042067171875001 0.43265977343750006 0.9135551484375 0.4289981140625 0.9211122093749999 0.42207687656250004
0 0.76499336875 0.4832265890625 0.8267370812499999 0.4635695078125 0.8369763078125001 0.45503181093749995 0.8484391515624999 0.4516737453125 0.8449689781249999 0.4326609 0.8325272437500001 0.43187525937500004 0.8313036265625 0.42669562812499995 0.794399340625 0.4434141171875 0.7899257984375 0.44177100156250004 0.7705388109375 0.4504964125 0.7655856046875 0.45979309687500003 0.7518076796875001 0.4663215140625 0.7518174656250001 0.4793331671875 0.76499336875 0.4832265890625
0 0.69154613125 0.5095463015624999 0.71434945625 0.5023122125 0.723409115625 0.4931047546875 0.7213289703125 0.48429937812499996 0.709822078125 0.48314756875000003 0.6961665109374999 0.4901939484375 0.678159765625 0.496115175 0.666496246875 0.502947184375 0.6529287796875 0.519013309375 0.6551312890625 0.5283366484375 0.660539675 0.529613596875 0.6700104687499999 0.5264699015625001 0.69154613125 0.5095463015624999
0 0.57615905 0.5615326046875 0.5909843953125 0.5421443328125 0.5964613062499999 0.5264177203125 0.5947482468749999 0.5191662359375 0.58112694375 0.517710834375 0.571088390625 0.522774584375 0.5645885374999999 0.5298476187500001 0.5602911890625 0.5462439921875 0.5501743218749999 0.555299653125 0.5475362031250001 0.5614259859375 0.55055119375 0.569865196875 0.5623028078125001 0.57205293125 0.57615905 0.5615326046875
0 0.46611751718749994 0.6117974796875 0.4730285078125 0.610788209375 0.5058263375000001 0.5939804921875 0.5098006484375001 0.5805401015625 0.5053515843749999 0.5573835515625001 0.500021509375 0.5521146921875 0.4626277765625 0.5667613296875 0.46710131875 0.5684044453125 0.45666141875 0.5804160890625 0.43158705781249995 0.5953304046875 0.43659409531250004 0.6035552453124999 0.43464609374999996 0.6082794859375 0.44066628906250005 0.6121462531249999 0.4583059515625 0.6046711359375 0.46611751718749994 0.6117974796875
0 0.331063678125 0.652440246875 0.3427271953125 0.6456082359375 0.3563484984375 0.647063640625 0.3717513890625 0.6387669640625 0.3754467140625 0.6327924281249999 0.3705963015625 0.61658376875 0.367258275 0.6111005406250001 0.358923 0.6104041265625 0.3445332625 0.6143427265625 0.3367314796875 0.620228034375 0.33487157968750003 0.63397201875 0.3271138453125 0.6443672015625 0.324319103125 0.658477353125 0.328180834375 0.6575306515625 0.331063678125 0.652440246875
0 0.5007303859375 0.657286240625 0.5066624828124999 0.6521332625 0.5080769875 0.6408272968750001 0.503358721875 0.6381482546874999 0.47590565625 0.62569974375 0.46427640312499996 0.6240299703125001 0.4379001171875 0.6377565625 0.4199814671875 0.6526975328125 0.42137149375 0.6629050015625 0.43223231406249996 0.6699687734374999 0.477437615625 0.6624484796875 0.480853953125 0.6639397984375 0.5007303859375 0.657286240625
0 0.5923792984375 0.6129001953125 0.60364146875 0.6130160796874999 0.622215975 0.60517479375 0.627658621875 0.5979499640625 0.6252554406249999 0.5921005703125 0.595041896875 0.585260428125 0.55671331875 0.6002732328125 0.54972401875 0.6052744125 0.5463957796875001 0.612802840625 0.55302778125 0.6192594203125 0.5668497578125 0.6172408796875 0.5800158765625001 0.608122646875 0.58798406875 0.6072651734375001 0.5923792984375 0.6129001953125
0 0.702969803125 0.5622267609375 0.714310284375 0.558350734375 0.7258514390624999 0.5510007609375001 0.7334868125 0.5400876140624999 0.7318177984375 0.537346 0.7260423281249999 0.5345151593749999 0.7026271953125 0.5391594375000001 0.6789330765625 0.5512695671875 0.6593111515625 0.5719707078125 0.658831490625 0.58291050625 0.672697515625 0.5854018359375 0.69053785 0.5744527734375 0.70387038125 0.570362375 0.702969803125 0.5622267609375
0 0.786136596875 0.5381397734375 0.8000368859375 0.5321293234375 0.8316306718750001 0.5361652765625 0.8463434421875 0.5292706984375 0.8494269593749999 0.5207063437499999 0.8472685 0.5158928796875 0.836207003125 0.512303053125 0.8272158703124999 0.5045069453125001 0.8201825203125 0.50499825625 0.8092091234375 0.5104281734375 0.7788046890625 0.5200736296875 0.7695003046875 0.5282451625 0.767674665625 0.533487365625 0.773249465625 0.53979215 0.786136596875 0.5381397734375
0 0.9266861359374999 0.4802588984375 0.9583043968749999 0.462781425 0.96281220625 0.4559227578125 0.959107096875 0.448885640625 0.944350275 0.45127035156249995 0.913055046875 0.4657918453125 0.90683418125 0.46539902343749995 0.890574759375 0.47006995468749996 0.8802131718749999 0.47808969062499995 0.8792440625 0.4869576359375 0.8880687875 0.4897259046875 0.8960369796875 0.4888684296875 0.9266861359374999 0.4802588984375
0 0.9497488484375 0.54762078125 0.954178340625 0.5447540265625 0.9565717375 0.5375917671875 0.95404619375 0.531224409375 0.96128021875 0.52725915625 0.9641630609374999 0.52216875 0.9622052765625 0.5138813359375 0.9576093718750001 0.5117202562500001 0.9253352515625 0.5220980468749999 0.8995707718749999 0.5384144562500001 0.8836784359375001 0.5446392765625 0.8765863421875 0.5751458 0.87607241875 0.59458738125 0.89351140625 0.590586209375 0.9105172359375 0.5782663421875001 0.9582505359375 0.553345034375 0.9497488484375 0.54762078125
0 0.8502198390625001 0.6018840437499999 0.8533474046875 0.5978295640625 0.8547619093750001 0.5865236 0.850768028125 0.5739406796875001 0.8383605546874999 0.5646532609375 0.8279108687500001 0.5636532484375001 0.8191301937500001 0.56539485 0.80677655625 0.5736289546875 0.806908703125 0.5871585703125 0.8218319328125 0.5898016984375001 0.8227765625 0.6024471859375 0.829530925 0.60942173125 0.8502198390625001 0.6018840437499999
0 0.5927072124999999 0.670492609375 0.6107237453125001 0.6775830359375 0.62137410625 0.6751091 0.6294206124999999 0.6702597156250001 0.6320587328125 0.664133384375 0.6296555500000001 0.658283990625 0.6152560296875 0.6492109359375 0.603793184375 0.6525690015625 0.586432509375 0.6525782640625 0.578386003125 0.6574276453125 0.5783076921875 0.6614195546875 0.582658875 0.6625447078125 0.580143115625 0.6691890046875 0.5879106359375 0.671805475 0.5927072124999999 0.670492609375
0 0.482929190625 0.7202819140625001 0.5013715484375 0.6989110171874999 0.502286825 0.6725215437500001 0.49370682343750005 0.6707892015625 0.48155385937500006 0.6755493578125 0.4723718359375 0.684238853125 0.4669914515625 0.701813771875 0.45580894843750003 0.717889075 0.4564648046875 0.7249887640625 0.4636645640625 0.7295252921875 0.48459820468750003 0.7230235296874999 0.482929190625 0.7202819140625001
0 0.325679740625 0.737734996875 0.33771034375000003 0.732456878125 0.34193916406249997 0.7330640671875 0.3649431609375 0.722356028125 0.3631077390625 0.714586578125 0.37179052968750004 0.690813578125 0.370767590625 0.6821599984375 0.3568232515625 0.6836605796875 0.34937876874999996 0.678088125 0.3371817546875 0.678338409375 0.329580646875 0.6807497734375 0.318284215625 0.689135675 0.3206971796875 0.7079967218750001 0.3174472546875 0.7115332375000001 0.3243680265625 0.7235356203125 0.325679740625 0.737734996875
0 0.2711221234375 0.8063586421875 0.26978593281249996 0.8136726984375 0.26235123437499996 0.8211119 0.2778862703125 0.8263448421874999 0.293455571875 0.8230760015625 0.34092212499999996 0.79486383125 0.3426254015625 0.7891036625 0.3352249671875 0.7880410828125 0.33334549375 0.7757617625 0.3430071765625 0.756132465625 0.33738833437500004 0.7453178078125 0.30937729687500004 0.7478010046875 0.3060490546875 0.7553294296875 0.291380334375 0.766733884375 0.28967705781249997 0.772494053125 0.2756544078125 0.777986540625 0.2715039 0.77338744375 0.266707321875 0.7747003109375 0.26204289062499997 0.78954279375 0.2711221234375 0.8063586421875
0 0.39275113125 0.8368823671875001 0.396926115625 0.81996803125 0.393911125 0.8115288203125001 0.3632521828125 0.8071266953125 0.3519117015625 0.811002728125 0.34260731718750004 0.8191742578125 0.3436302578125 0.827827834375 0.3537569109375 0.831783828125 0.3623466984375 0.8465278234375001 0.371049059375 0.848778128125 0.3842592265625 0.8441697703125 0.39275113125 0.8368823671875001
0 0.48977653125 0.7968246 0.49448500937500006 0.7864919875 0.49150428437500004 0.769551 0.48223416406249997 0.76922075 0.47621396718750003 0.7653539828125 0.4680010546875 0.7651755312499999 0.4546685234375 0.7692659265625 0.44654370468750004 0.77810721875 0.449313971875 0.785510503125 0.46366944375 0.790073684375 0.46208852968749997 0.7963518140625 0.46603836249999997 0.8044248609375 0.47612096406250004 0.8038709796875001 0.48977653125 0.7968246
0 0.5868093484375 0.775228940625 0.5995300718750001 0.7685487296875 0.605985878125 0.7569658234375 0.6015808625 0.73831914375 0.589540475 0.7305856125 0.5790907890625 0.7295856015625 0.5686851515625 0.7330954625 0.5615734875 0.73757868125 0.558000525 0.7440711796875 0.5610155140625 0.7525103890625 0.570329684375 0.7573505109374999 0.5730656859375001 0.7732555765625 0.58095556875 0.7763900109375 0.5868093484375 0.775228940625
0 0.21559225468749998 0.95870975 0.2183625203125 0.9661130328124999 0.226497125 0.9702833921874999 0.241131584375 0.9673807218749999 0.2641894171875 0.9741942078125 0.27963635625 0.97040740625 0.28999794687499997 0.9623876734374999 0.2986562578125 0.960128103125 0.3065363546875 0.9502508875 0.31669726875 0.9457050984375 0.319947196875 0.94216858125 0.3159092671875 0.9250757921874999 0.3080096015625 0.908929703125 0.27545649375000003 0.926773346875 0.265740975 0.92888111875 0.25619186875 0.936016721875 0.2447632875 0.93087300625 0.23634969843750003 0.9341684984375 0.23326618125 0.9427328515625 0.2199777 0.9513331203125001 0.21559225468749998 0.95870975
0 0.2709302375 0.9101253484375 0.2749926453125 0.9057047046875001 0.2867002125 0.9033825656250001 0.30185838125000003 0.8940499656249999 0.306610909375 0.888227225 0.3028274875 0.8851820171875 0.304609075 0.875429940625 0.31204377499999997 0.867990740625 0.30947418125000004 0.8571135125 0.2973995328125 0.8578817609374999 0.259070953125 0.872894565625 0.240339821875 0.8887196640624999 0.231402521875 0.8984450875000001 0.23075644999999997 0.9043570484375 0.2358515890625 0.9216016359375001 0.24435327343750002 0.9273258859375 0.2507307671875 0.9197348890624999 0.2709302375 0.9101253484375
0 0.39006677968750003 0.9022036968749999 0.4047452890625 0.90381089375 0.4198251421875 0.8984702046875 0.4299420109375 0.889414540625 0.42879670625 0.8802430015624999 0.419727259375 0.8764388046875 0.398137765625 0.8758408781250001 0.352129765625 0.8972569531250001 0.3368835 0.897569809375 0.3329434515625 0.9025084203124999 0.3355570953125 0.9178955203125 0.342189096875 0.9243521046875 0.3517822515625 0.9217263703125 0.39006677968750003 0.9022036968749999
0 0.510437646875 0.87563744375 0.5257083890625001 0.8538111531249999 0.5284688703125 0.8482027828125001 0.5225172046875 0.8273324531249999 0.5115780703125 0.8242605921875 0.498612625 0.829904878125 0.490487809375 0.8387461703125 0.48870621875 0.848498246875 0.4928567265625 0.853097346875 0.4800674765625 0.87678111875 0.4815358140625 0.8829966796875001 0.4870665625 0.8847915921875 0.510437646875 0.87563744375