0 0.8257544187500001 0.736873878125 0.817176515625 0.7371341109375 0.8138158484375 0.7286076921875 0.8132326765625001 0.7121043921875 0.8005934421875001 0.7017190921875 0.7961692 0.6817873328124999 0.7921854859375 0.6762897125 0.784866259375 0.6787190187500001 0.7783651859375 0.668883253125 0.7568753312500001 0.6628465421875 0.7467911890625001 0.6814793984375 0.7375252031249999 0.6878471859374999 0.7301010625 0.7128873453125 0.7271284625 0.7301004984375 0.7369000109375 0.7350880953125001 0.74132425 0.75501985625 0.7517964593750001 0.7621265687500001 0.757181503125 0.77186241875 0.756168246875 0.79336375625 0.75917858125 0.8008306171875 0.7580352515625 0.828489471875 0.7531683484375 0.8383356781250001 0.7440324296874999 0.8385459515625 0.73810195 0.8369868171875 0.736557975 0.8306794296875 0.7038302125 0.8184956484375 0.6982101875 0.8375281671874999 0.6990010437499999 0.8530218656249999 0.7033350921875 0.8595790437499999 0.7151834703125 0.85447064375 0.7500782578125 0.8699330125 0.783194090625 0.9078563656249999 0.7911363640625 0.9023982625 0.8077614546874999 0.874069071875 0.8221020328125 0.8568454765625001 0.8287982093749999 0.85744496875 0.845305809375 0.8434999640624999 0.8543515359375 0.8299151046875 0.8622938124999999 0.824457 0.8618008312500001 0.8213282875000001 0.865629321875 0.8165300765625 0.8761539859375 0.8123313624999999 0.892271378125 0.8168588968750001 0.8962904437500001 0.8138968609375 0.900068259375 0.79553195625 0.8952439796875 0.79964574375 0.8833830203125 0.796527471875 0.8783881859375 0.7683190843750001 0.8801021078125 0.7489368578125 0.8599758421875 0.722458365625 0.8507098546874999 0.7288261515625 0.8385636 0.7215695656250001 0.8257544187500001 0.736873878125
0 0.6589740109375 0.9177607343749999 0.6743382859375 0.9314745828125 0.67865975625 0.9298050890624999 0.683318978125 0.9209684796875001 0.685811175 0.908853284375 0.68237289375 0.8951789531250001 0.683736484375 0.8747371703125 0.6774430953125 0.8638918078125 0.6571343046875 0.854876253125 0.63894008125 0.860444715625 0.6261308984375 0.875749028125 0.6232254765625 0.8456713109375 0.60919749375 0.839274453125 0.604643184375 0.8255002046875 0.6036446468750001 0.8110161046875 0.5875922890624999 0.8034098140625 0.5762368906249999 0.811646928125 0.5429112359375 0.8189452875000001 0.5401736171875 0.8073900703125 0.5254701296875 0.8153274359375 0.5218241671875 0.8026627046874999 0.5156860062499999 0.80211316875 0.5078213421875 0.8127191874999999 0.503537609375 0.8390686921875 0.49032564062499995 0.8646188718750001 0.4816050890625 0.8628099484374999 0.47454600312500006 0.8529242265624999 0.46856306718749996 0.8626705171875001 0.464331790625 0.8777145984375 0.4570125640625 0.8801439015625 0.45500076875 0.8871611421875001 0.45738805468750005 0.8976568015625 0.4716761734375 0.891738634375 0.47350544531249994 0.9021843359374999 0.47629551875000004 0.9024341250000001 0.48709290312500003 0.8941470515625 0.4939967625 0.8937369468749999 0.5106197140625001 0.9096198671875 0.5120986546874999 0.9190060109375 0.5066737328124999 0.928802259375 0.5080876375 0.9412671609375 0.5062961031250001 0.955501471875 0.515469853125 0.96981514375 0.6013801921875 0.9653605328125 0.608672934375 0.9523287265624999 0.6212744328124999 0.938034015625 0.6328500921875 0.9370139734375 0.6432321109375 0.9307461015625 0.6508890890625 0.9211496828125 0.6589740109375 0.9177607343749999
0 0.43224322812500005 0.751919240625 0.44156167343749997 0.734246025 0.4692820234375 0.7099947484375 0.47639356718750003 0.70857504375 0.49517310312499996 0.6752977687499999 0.49621151875 0.670249771875 0.4887244875 0.6541565796875 0.4925403984375 0.6411316984375001 0.49998969375 0.632544878125 0.5027546093749999 0.6163413281250001 0.49827791250000003 0.6077149953125 0.47343996875 0.6013785359375 0.4640837875 0.5943717390625001 0.45663449375000004 0.6029585578125001 0.44555181250000003 0.607107315625 0.44535670781250003 0.616343584375 0.44139815000000004 0.6272993062500001 0.421867634375 0.6255507828125 0.41104509218749996 0.6173845124999999 0.4051670703125 0.60451995 0.40004216562500006 0.5824690734375 0.40092535468749996 0.5671252484375 0.398550646875 0.5648562593750001 0.391932084375 0.5694046796875 0.38838889062500004 0.578341203125 0.38993286718750003 0.584648590625 0.38799868437499996 0.5968137437500001 0.39324107812500003 0.6044804359375 0.3917998734375 0.619774303125 0.3772390359375 0.629780828125 0.36775278437500003 0.62893154375 0.361977534375 0.6376682359375 0.35594214375 0.6587199546875 0.3590300921875 0.6713347296875 0.36656957968750004 0.6761224953125 0.3715141 0.6714242015624999 0.3789759734375 0.6710640546875 0.38777413906249997 0.6780208921875001 0.3942101765625 0.690935415625 0.39391016093750003 0.7227825390625 0.3992826234375 0.7242917171875 0.40491308750000005 0.7576979781250001 0.4142692671875 0.7647047734375 0.42431353281249995 0.7656040156249999 0.4303740796875 0.7610056390625 0.43224322812500005 0.751919240625
0 0.6586232390625 0.6128166203125 0.6701863218749999 0.6035699078125 0.6723281890624999 0.5903951546874999 0.6778181421875 0.5775201484375 0.6728484671875 0.5657651 0.6660746750000001 0.56001769375 0.6643880531249999 0.5516411484375 0.6643104390625 0.546493234375 0.67126675625 0.5347777015624999 0.6722925937500001 0.5215030328125 0.6572261953125 0.520154171875 0.647727365625 0.5110782171875 0.6356062687499999 0.520274975 0.608951634375 0.5117194828125 0.6025533328125 0.523484975 0.599710803125 0.5345406125000001 0.5914181968750001 0.538939159375 0.5879274578125 0.5365702546875 0.5865009765625 0.515878684375 0.58203685625 0.5154790218749999 0.5660222375 0.53255274375 0.5619210296875 0.5414393078125 0.5589358515625 0.5504257906250001 0.5593113390625 0.5679386875 0.5619063109375 0.577424746875 0.5742476671875 0.5754450624999999 0.5799054296875 0.5810925546875 0.588481190625 0.6250444328125 0.5889091359374999 0.6312519046875 0.58528833125 0.6350405140625 0.62629398125 0.6788111890625 0.6365459296875 0.67870083125 0.6468503343750001 0.6672850453125 0.6548324859375 0.6422948421875 0.6524326234375 0.6235725125 0.6586232390625 0.6128166203125
0 0.33478174374999997 0.548865240625 0.3402066640625 0.539068990625 0.33643062968750004 0.5325617703125001 0.34233595 0.5176675656249999 0.3573897703125 0.51078975625 0.366020128125 0.499224096875 0.372263203125 0.477162778125 0.3726534125 0.45869023750000004 0.3695780421875 0.45430213437500006 0.36693061718750003 0.456121503125 0.35616053124999997 0.4366498046875 0.33495597187500004 0.4347514078125 0.32751925625 0.4515648953125 0.3219118109375 0.47882408749999994 0.2991233984375 0.4901504015625 0.29129861562500003 0.4812243203125 0.281554365625 0.4484779546875 0.270964665625 0.4557554265625 0.2677445046875 0.49351027500000005 0.2825507625 0.5071741640625 0.29252999375 0.5111521609375 0.297304565625 0.53214348125 0.296058465625 0.538201078125 0.2915293140625 0.540880171875 0.2892447984375 0.55198576875 0.2843002796875 0.5566840609375 0.30100084531250004 0.57771489375 0.31474352968749997 0.579973440625 0.3253332296875 0.5726959671875 0.33576770312500004 0.5551226671875 0.33478174374999997 0.548865240625
0 0.12354975937499998 0.879539746875 0.133113621875 0.8855369421875 0.146220678125 0.8825976171875001 0.15116519687500002 0.8778993234374999 0.15700548281249999 0.8660838734375 0.15769356875 0.8599763203125 0.177316415625 0.8308873171875 0.1910465234375 0.8249191921874999 0.195965884375 0.8037675562500001 0.1920870796875 0.775659084375 0.19765464531250002 0.7679319921875 0.20782898125 0.76267371875 0.22142901718750002 0.7628631078125 0.225114859375 0.7559957421875 0.23229143593749998 0.751497278125 0.23304455468750002 0.7423109671875 0.2271014984375 0.732525159375 0.21447484218750001 0.7303665296874999 0.2019258015625 0.7333558140624999 0.19263465625 0.7232702609375 0.19720368593749998 0.70105906875 0.19251930625 0.693442334375 0.1927794453125 0.6811273078125 0.198334434375 0.6651735453125001 0.1932997234375 0.656497253125 0.19431298125000002 0.6349959125 0.19291165625 0.6307576828125 0.1819590453125 0.628748928125 0.1781053984375 0.6170937953125 0.17059106875000002 0.62875936875 0.16418018750000002 0.6322981890625 0.1588077234375 0.6307890140625 0.1555897046875 0.624331753125 0.149464121875 0.6320088875 0.140288325 0.6517512578125 0.136524871875 0.6534707109375 0.1335145359375 0.6460038515625001 0.1245338453125 0.6565099546875001 0.12392337499999999 0.6677654234375 0.1268560953125 0.6700843703125 0.1290356984375 0.681589628125 0.125142175 0.68946659375 0.112398028125 0.70169215 0.10899748281249999 0.7126978296875001 0.1105414578125 0.719005215625 0.11605657031250001 0.7225835515625 0.112408465625 0.7541309296875001 0.130627846875 0.7650158078125 0.12983485156250002 0.7937342187499999 0.125343434375 0.821093325 0.127716 0.8675744234374999 0.12354975937499998 0.879539746875
0 0.4998387484375 0.53382483125 0.507223009375 0.52831676875 0.51820291875 0.5025667578124999 0.5410437859375 0.4799350171875 0.5427052515625 0.47185821875 0.5475071203125 0.46509076875 0.5551116453125 0.46679977656249994 0.558537346875 0.4722474390625 0.567803334375 0.46587965000000003 0.5681410859375 0.45871253906250004 0.56073166875 0.44776725937500006 0.561692471875 0.437571346875 0.5536725812500001 0.4378815359375 0.5456401140625 0.4299650546875 0.5402026140625 0.431534634375 0.53540074375 0.4383020859375 0.5296129140625 0.43881210625 0.52760111875 0.4458293453125 0.5154086953125 0.4539915234375 0.5063315234375 0.4470097046875 0.5110432 0.4268676703125 0.5094216125 0.41541236875000004 0.5152618984374999 0.4035969203125 0.5114732890625 0.38886303125 0.498080934375 0.38766404374999996 0.48296208125 0.3976206078125 0.475655434375 0.408276584375 0.47531768124999996 0.41544369843749995 0.48132577187500003 0.42215074843749995 0.4795992734375 0.4333063015625 0.4726429578125 0.445021834375 0.4697102359375 0.44270288906250005 0.463792334375 0.44937042343750006 0.46254623749999996 0.455428021875 0.47602878125 0.47000159375 0.480025078125 0.4837258828125 0.475781221875 0.49054329062499996 0.4680466296875 0.49499179531250004 0.4669431796875 0.50311855 0.48832812187499997 0.5317661171875 0.4998387484375 0.53382483125
0 0.565772803125 0.32380721874999996 0.5758695234375 0.3134010328125 0.5804112546875 0.3189486078125 0.5919218796875 0.3210073234375 0.5949322171875 0.3284741828125 0.6038604515625 0.32927350781250003 0.577518409375 0.2970975640625 0.5659427499999999 0.29811760625 0.559414378125 0.3160406109375 0.549109975 0.327456396875 0.5297095296875 0.3195503609375 0.5203659265625 0.32077023437499996 0.5022220203125001 0.35924537968750003 0.5022345968749999 0.3674720484375 0.5121362140625 0.36630213437500003 0.520376365625 0.3732090140625 0.5242300125 0.3848641484375 0.5416711171874999 0.388481996875 0.551520278125 0.398617509375 0.55598439375 0.399017171875 0.562810640625 0.3934591515625 0.5780344078125 0.36089173125 0.5774638125 0.3526151015625 0.562800203125 0.341020371875 0.56243729375 0.33173414375 0.565772803125 0.32380721874999996
0 0.7811622 0.43151516250000005 0.8272991765625 0.3647003828125 0.8393552375000001 0.358582384375 0.83760358125 0.35328459687499997 0.816879421875 0.34628824375 0.8072631031249999 0.351596475 0.7969712765625 0.3712389296875 0.775649228125 0.3837247171875 0.769641134375 0.37701766718749996 0.7702390265625 0.3575355265625 0.7633100109375001 0.34149229062500003 0.75146163125 0.346600690625 0.7422732562500001 0.3581163921875 0.7349917671874999 0.3852257078125 0.734809240625 0.40268865 0.7255432546875 0.4090564375 0.7128515625 0.40997656562499996 0.7089957765625 0.44253354375000004 0.7104096796875 0.45499844375 0.7139654515625 0.45428859062500004 0.7232188609375 0.4396941328125 0.73088841875 0.4383243859375 0.747446334375 0.45728606093749996 0.76188968125 0.4616637203125 0.775957540625 0.44852848281249996 0.7804090796875001 0.440701475 0.7811622 0.43151516250000005
0 0.8028260171875001 0.5969373734375 0.81794486875 0.5869808078125 0.8224089875 0.5873804703125 0.8148694984375 0.582592703125 0.8142338718750001 0.5773948328125 0.8012694625 0.5824033156249999 0.7962997875 0.5706482671875001 0.8015820578125 0.5587828609375001 0.8142611703125 0.5496360625000001 0.8272004203125001 0.5281742390625 0.833896596875 0.5287737328125 0.8407228421875 0.5232157125 0.8407752984375 0.5119102859375 0.834832240625 0.5021244796875 0.8269550015625 0.5045038265625 0.8199735265625 0.49976601875000004 0.818559621875 0.4873011171875 0.8126291453125001 0.48574198125 0.8114103437500001 0.46404081093749994 0.8086076906249999 0.4555643515625 0.7941118875 0.4624921171875 0.7840151671875 0.47289830468750005 0.7778770046875 0.47234876875 0.7656384171874999 0.4959297078125 0.7574884578125001 0.5023974124999999 0.75511375 0.5001284234375001 0.755231240625 0.48574423749999995 0.7407354374999999 0.49267200625 0.73516786875 0.5003990984375 0.7328833546875 0.5115046953125 0.73512799375 0.519931196875 0.731817640625 0.5443114625 0.7345426796875001 0.5476400078125 0.7306491562499999 0.5555169734375001 0.729688353125 0.5657128859375 0.737578171875 0.5715602093750001 0.736955121875 0.5745890078125 0.7537081421875 0.5843144125 0.77676713125 0.613111853125 0.785214965625 0.6190091359375 0.7915608093750001 0.618549071875 0.7976863937500001 0.6108719359375 0.8028260171875001 0.5969373734375
0 0.9191897859375 0.42079159062500004 0.9024745031249999 0.4357461984375 0.8858116734375001 0.439395375 0.8768708609375 0.4303693796875 0.8718088515625 0.44945185781249997 0.8614268328125 0.45571972968749996 0.8804097703125 0.509857078125 0.8751400796875 0.5299491546875 0.9060112734375 0.5594460031249999 0.9157702421874999 0.5562069296875001 0.9153422953125 0.5499994609375001 0.9212601953125 0.543331925 0.928761946875 0.5234396796875 0.9412207968749999 0.5070758093750001 0.9602331749999999 0.489242278125 0.9633116953125 0.4880898453125 0.9643357734375 0.4831115515625 0.9668508296875 0.4453857046875 0.965179834375 0.44033187500000004 0.958133325 0.4386728234375 0.9481415171875 0.4264681546875 0.9475058890625 0.42127028437499997 0.933152734375 0.4302672078125 0.9191897859375 0.42079159062500004
0 0.2689424296875 0.41033388593750003 0.2679165921875 0.42360855312499995 0.253018003125 0.44078219062499996 0.25547032187499996 0.4481990921875 0.2603498078125 0.4465795578125 0.268382275 0.45449603749999995 0.2706919484375 0.45984378125 0.269095515625 0.464841821875 0.2819298546875 0.46599085156250003 0.287524721875 0.4305049921875 0.295869784375 0.41480101875 0.2980116515625 0.40162626562500003 0.30908175312499997 0.3892508359375 0.31804986562500004 0.3705180640625 0.3303786453125 0.360311709375 0.330158384375 0.3530946390625 0.32298180625 0.3575931 0.31746669375000003 0.3540147640625 0.317328328125 0.2635213890625 0.3192750890625 0.259582903125 0.31674515468750003 0.2470180875 0.3213917984375 0.2299548078125 0.3296718265625 0.21732959218749998 0.32156174531250004 0.204265196875 0.3187716734375 0.2040154078125 0.3099336296875 0.21659066718750003 0.301991353125 0.222048771875 0.283486675 0.20702557968750002 0.265810590625 0.23217609687500002 0.2606835453125 0.25433733125 0.26292818125 0.262763834375 0.2609939984375 0.2749289875 0.2647700328125 0.28143620625 0.2653532046875 0.2979395046875 0.25491873125 0.3155128046875 0.2615624515625 0.3274177265625 0.258434625 0.33433505 0.248883340625 0.3365645234375 0.2468715421875 0.34358176406249996 0.25429353906249996 0.3627537140625 0.2564206875 0.3855644 0.2657118328125 0.395649953125 0.2689424296875 0.41033388593750003
0 0.46680909374999996 0.32420095312499997 0.4336135078125 0.3253417984375 0.4206491 0.33035028125 0.41192854843750004 0.32854135625 0.40837277656250004 0.3292512078125 0.3921504734375 0.3473345296875 0.3877513890625 0.3438561109375 0.3790685734375 0.366727196875 0.38820449218749997 0.3665169234375 0.39881935 0.3756927921875 0.40939433125 0.404400759375 0.4202944859375 0.41771494374999996 0.42789900937500003 0.4194239515625 0.43820341406249996 0.4080081671875 0.445757621875 0.37681049375 0.4632386015625 0.36089624374999996 0.46691186562500003 0.3458022078125 0.4763729578125 0.33019815 0.4737779890625 0.320712090625 0.4698718859375 0.3203623859375 0.46680909374999996 0.32420095312499997
0 0.40142904062499996 0.3491934125 0.40336322343750003 0.3370282578125 0.4165877703125 0.319704746875 0.4176136078125 0.3064300796875 0.4207414328125 0.29951275625 0.4277753609375 0.2929451359375 0.4323821296875 0.29541395625 0.44729329843750004 0.28646699062500003 0.44650244375000003 0.27097328906249996 0.44299912812500003 0.260377715625 0.41715006718750003 0.231330484375 0.4162941765625 0.21891554218749998 0.4073407828125 0.2016628765625 0.40099493906249994 0.20212293906249998 0.3904828515625 0.2145483234375 0.3731843953125 0.21299963125 0.3704069 0.220976515625 0.3775310234375 0.2277834796875 0.3813846703125 0.2394386125 0.381539896875 0.249734440625 0.3761149765625 0.2595306890625 0.3691460828125 0.2630195515625 0.3681076671875 0.26806755 0.3815902109375 0.28264112343750003 0.38810386406249997 0.3007035578125 0.384715896875 0.31993590781250003 0.37962872812500004 0.3225650453125 0.391384775 0.348294171875 0.3952258421875 0.351722634375 0.40142904062499996 0.3491934125
0 0.701437553125 0.28865610468749997 0.7065121421875 0.277800296875 0.7014774296875 0.26912400625 0.6913681296874999 0.27130352343749997 0.6815189703125 0.2611680125 0.64577873125 0.2857294796875 0.6394979203125 0.2831107859375 0.6330220062499999 0.2897283625 0.631087821875 0.301893515625 0.640093671875 0.30784075624999996 0.644855665625 0.32060540312499997 0.645581484375 0.339177859375 0.6400264953125 0.35513162343750004 0.6555984515625 0.3678358703125 0.6625023109375 0.3674257640625 0.6708473749999999 0.351721790625 0.6801133625 0.34535400156249996 0.6890164390625 0.3296999859375 0.7011501140624999 0.3287299015625 0.7042129078125 0.324891334375 0.7048107984375 0.30540919375 0.701437553125 0.28865610468749997
0 0.7430662531250001 0.32939798124999997 0.7498799203125001 0.315613290625 0.7513987375 0.30546733593750003 0.723628071875 0.29681193281249996 0.7152704296875 0.304289234375 0.7076386078125 0.33033899375 0.7079364828125 0.3427039796875 0.7340331046874999 0.3512095109375 0.7396782890625 0.3486303328125 0.7430662531250001 0.32939798124999997
0 0.72033458125 0.240994646875 0.714248875 0.2291396828125 0.7063716343750001 0.2315190296875 0.70568355 0.23762658593750002 0.710510578125 0.247312478125 0.7058639343750001 0.26437575625 0.7080309578125 0.26765434374999997 0.7056688296875 0.2736120265625 0.7072778390625001 0.27684065625 0.73049419375 0.2717218140625 0.7343226859375 0.2669236046875 0.7368148828125001 0.254808409375 0.7420321203125 0.24602175937499998 0.74500471875 0.2288086078125 0.732235415625 0.2245808203125 0.7251490296875 0.2424538671875 0.72033458125 0.240994646875
0 0.0362270125 0.6023353484375 0.05728892343749999 0.6021645890625 0.06029925781249999 0.60963145 0.0590657390625 0.62391571875 0.071900078125 0.6250647484375 0.079387109375 0.6411579421875 0.093467546875 0.6362493734375 0.10606904375 0.6219546625000001 0.1197739921875 0.5995331968750001 0.122045928125 0.5802009296875 0.1393318046875 0.5735229515625 0.14322533125 0.5656459859375 0.144874215625 0.5493425171874999 0.1482097265625 0.54141559375 0.16514527031249998 0.533678059375 0.1761377609375 0.5161547171875001 0.1721939203125 0.491125 0.15851627031249999 0.4857876984375 0.14561689687499998 0.48771742500000004 0.1478237984375 0.4714639140625 0.145721809375 0.4651065703125 0.138752915625 0.4685954328125 0.1296044171875 0.4605790359375 0.1303575375 0.451392721875 0.11989790625 0.45251268125 0.11514849062500002 0.44797470468749995 0.1125010671875 0.449794071875 0.11181298125000001 0.455901628125 0.10471401875 0.46554800468749996 0.0967968984375 0.48745944999999996 0.0908139640625 0.497205740625 0.0786026765625 0.4930279125 0.070245034375 0.5005052156249999 0.068791253125 0.5075724125 0.079964125 0.516798240625 0.08082001562499999 0.529213184375 0.0863477046875 0.5410181890625 0.08818955625 0.5596905609375 0.08668331875 0.5780631859375001 0.079026340625 0.587659603125 0.065180884375 0.5637998015625 0.0497641546875 0.561391384375 0.042042140625 0.5740665593750001 0.0403806765625 0.58214335625 0.0361368203125 0.588960765625 0.035591384375 0.5971374765624999 0.0362270125 0.6023353484375
0 0.157119225 0.393125246875 0.1583401671875 0.37061430781250004 0.15414876718749998 0.3661262890625 0.14738755625 0.3686055515625 0.14549325156249998 0.3612386078125 0.14895883125 0.34715416875 0.1667775640625 0.32407280781250003 0.15952337187500001 0.3234233578125 0.1568109125 0.32832148125 0.1498420171875 0.33181034375 0.1400305953125 0.34635484375000003 0.13429522031250002 0.335559440625 0.1351909875 0.328442284375 0.1295332265625 0.322794790625 0.128962634375 0.31451816250000003 0.1235901703125 0.313008984375 0.120579834375 0.305542125 0.113818621875 0.3080213875 0.106744815625 0.3341211046875 0.0942733890625 0.3422583015625 0.0877450171875 0.36018130625 0.0768574421875 0.35509379375 0.0725108140625 0.3403099453125 0.058092624999999995 0.352385628125 0.049332193749999996 0.3701088 0.046567279687500004 0.38631235468749997 0.059089021875 0.4110818375 0.06091829375 0.4215275390625 0.0714681171875 0.433782165625 0.073154740625 0.442158709375 0.0709352609375 0.45018554843749997 0.074373540625 0.46385988125 0.0885441703125 0.47232589843749995 0.10324765625000001 0.46438853125 0.1330972953125 0.4187358296875 0.14655468437500002 0.41685606093749994 0.1604148578125 0.40473042187499997 0.161868640625 0.397663225 0.157119225 0.393125246875
0 0 0.3506407421875 0.045027585937499996 0.291580746875 0.060536646875 0.26315164062499996 0.050324578125 0.2437299 0.043343103125 0.23899209375 0.036386787500000004 0.250707625 0.0276662359375 0.24889869999999997 0.0190232984375 0.2522376890625 0.013037437499999999 0.25094777968750004 0 0.314326009375 0 0.3506407421875
0 0.1979782125 0.2497516546875 0.2013661796875 0.230519303125 0.2145256921875 0.21627455 0.1979153203125 0.2086183015625 0.17882532812500002 0.22130391718750003 0.1714284890625 0.2185853109375 0.1682104703125 0.21212805 0.15886686875 0.21334792343750003 0.154830696875 0.2191557328125 0.15546632656249998 0.2243536046875 0.14405847031250002 0.2438961453125 0.137557396875 0.23406038125 0.128291409375 0.24042816875 0.12662994375 0.24850496562500002 0.12889973906250002 0.273384809375 0.141954340625 0.2817509109375 0.14804004531249998 0.293605875 0.148765865625 0.3121783296875 0.1546313109375 0.3168162234375 0.1657790234375 0.309588709375 0.17287798906250001 0.2999423328125 0.17468210312500002 0.2939346921875 0.1733458125 0.28661770625 0.176330990625 0.27763122500000004 0.183780284375 0.26904440625000003 0.191865209375 0.265655459375 0.1979782125 0.2497516546875
0 0.948264721875 0.24906241406250001 0.9240875640624999 0.2643771703125 0.9238148453124999 0.268465525 0.934222021875 0.2786509953125 0.9345849312500001 0.2879372234375 0.92694053125 0.3057603125 0.9273684765624999 0.3119677828125 0.9455878578125001 0.3228526625 0.9529721171875 0.3173446015625 0.9617325484375 0.299621428125 0.9656134937499999 0.28351778906249997 0.9629409093750001 0.2688838171875 0.9652380031250001 0.266004890625 0.96292833125 0.26065714687499997 0.9572118250000001 0.2622017484375 0.948264721875 0.24906241406250001
0 0.908395975 0.3102692171875 0.9107329468750001 0.28785819375 0.9046641015624999 0.19580568125 0.8991489874999999 0.19222734531250002 0.8840175578125 0.1939572421875 0.8830567546875001 0.204153153125 0.8791632312500001 0.21203011875 0.8813428328124999 0.22353537812500002 0.8634716421874999 0.25792216562500003 0.8577488484375 0.25535343125 0.864755478125 0.27654458125 0.8637170624999999 0.281592578125 0.8547363703125 0.29209868125 0.8532825890625 0.299165878125 0.8575641812500001 0.31702848125 0.8611975656249999 0.32146654375 0.8747325671875 0.32473468906249997 0.893094596875 0.33768872499999997 0.908395975 0.3102692171875
0 0.9270245671874999 0.1782718953125 0.92305343125 0.18100094687499999 0.9164474453125001 0.1937760375 0.919613009375 0.2115387265625 0.9106448953124999 0.2302714984375 0.912396553125 0.2355692875 0.9401672187500001 0.244224690625 0.9549231609375 0.2249818984375 0.9648898140625001 0.2207332234375 0.9648772343750001 0.21250655312500003 0.960062784375 0.21104733437499998 0.9426468359375001 0.2238828265625 0.9399217999999999 0.22055427968750002 0.9409476375000001 0.207279609375 0.9344214078125 0.1809905046875 0.9270245671874999 0.1782718953125