0 0.10845989375000001 0.0186933265625 0.10734697499999998 0.0074870234374999995 0.0349749671875 0.0026614296875 0.02402725 0.11402780625 0.0292031109375 0.1179361859375 0.030441539062500002 0.12796225781249998 0.0348157484375 0.1287134609375 0.0407129859375 0.13659559375000002 0.0416668109375 0.1495168078125 0.0367734046875 0.16535920312500002 0.03820156875 0.17345518437500002 0.041197621875 0.17691372656249998 0.055508668750000004 0.178390090625 0.06104886875 0.18424822968750001 0.059865596875 0.2075971578125 0.06719100156249999 0.22357527031250002 0.0713754734375 0.22625656875 0.077602175 0.219475196875 0.096856634375 0.2159124796875 0.0974482703125 0.20423801562500002 0.10058405 0.194963146875 0.1089029890625 0.189522425 0.11294258593749999 0.1823654515625 0.11519698125 0.1650885046875 0.11331690937500001 0.1559335796875 0.1145001796875 0.13258465 0.109456746875 0.1160170921875 0.104011415625 0.10919390625 0.10405627656250001 0.097425540625 0.1022262125 0.09907393437499999 0.096234103125 0.0921568453125 0.09872824062499999 0.0837531234375 0.093517503125 0.0632314765625 0.0963859609375 0.028395884375000003 0.0996166109375 0.01815596875 0.10845989375000001 0.0186933265625
0 0.40255853437500005 0.305125953125 0.396633715625 0.28055631875000003 0.3968683109375 0.26685786093749997 0.39263382812500003 0.2533732453125 0.3909883515625 0.23051986093750002 0.391842159375 0.22183443593750002 0.396808003125 0.21091117656249997 0.40869220000000006 0.2031387125 0.41030495 0.1867329140625 0.4079505390625 0.18240322343749998 0.408090265625 0.1696698109375 0.39755664375 0.1580474328125 0.388803078125 0.1339733421875 0.38860819375 0.1133317515625 0.3924580546875 0.10810487499999999 0.3999456171875 0.10546539218749999 0.392732359375 0.06006636562499999 0.390734990625 0.05776066875 0.37300355937499996 0.068454315625 0.3604552921875 0.0829821078125 0.3651641109375 0.0916414875 0.355159984375 0.1085688765625 0.350266578125 0.124411271875 0.34071436093749996 0.14239760625 0.3227431890625 0.1442180296875 0.31889332656249997 0.1494449078125 0.31509347499999996 0.16547510625 0.3177824953125 0.1777129734375 0.315383225 0.1851516484375 0.3160748765625 0.1950838203125 0.31037252187500003 0.2078432765625 0.29601661875 0.21813527656249998 0.2817780109375 0.2215780484375 0.2789044015625 0.2338419578125 0.282257496875 0.239324496875 0.2939295296875 0.2393663109375 0.304200978125 0.2479996484375 0.30878735156250003 0.2409365765625 0.317273596875 0.239449940625 0.36434634843749997 0.2583286953125 0.3704108921875 0.270164915625 0.3706506375 0.2790381421875 0.38244511718749996 0.294802409375 0.3874161109375 0.30645083125 0.3872763828125 0.31918424375 0.392459540625 0.3230183890625 0.40477321718750003 0.32218905625 0.40962176406250006 0.3181150265625 0.40255853437500005 0.305125953125
0 0.6216375171874999 0.3276250140625 0.61975744375 0.31847008906249996 0.6211804578125 0.3039943828125 0.6237694625 0.2946256140625 0.6200593265625 0.2871190796875 0.630784515625 0.20064045 0.6342773359375 0.193389575 0.6373855390625 0.16742720625000002 0.6411629609375 0.15728119062499998 0.6509549234375 0.1481680796875 0.6665492562499999 0.14790215 0.6661422078125 0.1350748375 0.6623372046875 0.1285333515625 0.6524952359375 0.12684314531250002 0.647194778125 0.129858228125 0.64268084375 0.1418404375 0.6318901984374999 0.1498007015625 0.6276384375 0.1647719515625 0.620200884375 0.17821475312499999 0.601063721875 0.1749282390625 0.586969990625 0.18820928125 0.5859040171875 0.20470898124999998 0.5984350078125 0.21863705625000002 0.5873149015625 0.24126082499999998 0.566614996875 0.265183428125 0.5541340140625 0.262058671875 0.546596446875 0.2538948359375 0.5358058015625 0.2618550984375 0.53414304375 0.2674575796875 0.5218793749999999 0.2790902296875 0.5233575484374999 0.2979895265625 0.5189384796875001 0.3090066890625 0.5244338187500001 0.32663319375 0.52564981875 0.3425434484375 0.5384154031249999 0.3427730640625 0.5449542843749999 0.34978405 0.554032165625 0.3366229515625 0.5571179374999999 0.316544765625 0.5621562203125 0.3105406375 0.5740179859375 0.308652359375 0.5831958859374999 0.3170978953125 0.5801101109375 0.337176084375 0.5857227484374999 0.3479533578125 0.5882220359375 0.36212131875 0.60036840625 0.3573378984375 0.6110917625 0.367030184375 0.6206939890625 0.3598471671875 0.6178152328125 0.34953939375 0.6216375171874999 0.3276250140625
0 0.9613649000000001 0.33886370781249997 0.955729834375 0.333970615625 0.9373067531249999 0.334732090625 0.932146025 0.3250137609375 0.9242289859374999 0.32071011562499996 0.9108217562500001 0.321351646875 0.890106403125 0.2775591984375 0.8750864265624999 0.2946065296875 0.8525116015625 0.3319458921875 0.8443823953124999 0.3354565203125 0.819398003125 0.335091190625 0.8070756859375001 0.35014845625 0.7992673031249999 0.35322351093750004 0.7949482531250001 0.385847309375 0.8000365437499999 0.39064650156249997 0.8041037203125001 0.400177028125 0.8044383312500001 0.4080852046875 0.8109772171875 0.4150961921875 0.808577946875 0.42253486875 0.79963979375 0.42296255625 0.7950534203124999 0.4300256296875 0.7898305515625 0.46053153125 0.7938753000000001 0.4759462421875 0.8018423453124999 0.49105320781249995 0.809759384375 0.4953568546875 0.8171072171875 0.505450784375 0.8221230703125 0.505330840625 0.826017790625 0.488335596875 0.8331483109375 0.48367211875000005 0.8335502109374999 0.4739277484375 0.917755559375 0.39221749375 0.9235803609375 0.39518049375 0.9278372718749999 0.4027809265625 0.9488044984374999 0.4044190484375 0.9587861953125 0.39337584375 0.9630379578125 0.37840459375 0.9637193109375 0.3431933984375 0.9613649000000001 0.33886370781249997
0 0.6136831890625001 0.52166125625 0.61425239375 0.5158709734375 0.5975817890624999 0.4874932375 0.5840693953125 0.443956446875 0.5780548578125 0.44292354375 0.5646976375 0.45436839375 0.55082121875 0.48240684375000004 0.545236159375 0.48831706874999997 0.530166175 0.49456108125 0.5196825609375 0.493742021875 0.5055888296875 0.5070230640625 0.5098957515625 0.525426815625 0.5165295000000001 0.53147275625 0.5198377375 0.548723659375 0.5153013718749999 0.5665900500000001 0.51677954375 0.5854893453125001 0.5224146109375 0.5903824375 0.528741328125 0.6052077031249999 0.5363737640624999 0.6124064921875 0.544123496875 0.61275605 0.5515386171875 0.6051974312499999 0.553101359375 0.5779883140625001 0.5566890484375 0.56977239375 0.55699608125 0.56099306875 0.5675969921874999 0.5549629 0.5748275265625 0.5719060578125 0.5806523296874999 0.5748690562500001 0.597954278125 0.5572322828125 0.6036066265625 0.533669509375 0.6136831890625001 0.52166125625
0 0.393444575 0.4543984765625 0.38663322031249997 0.39925508125000003 0.3822314328125 0.381816378125 0.37457656875 0.38050177343749997 0.3661627609375 0.3869075421875 0.3290923046875 0.4472723171875 0.338152903125 0.462567084375 0.3433187796875 0.49485709531250005 0.352496675 0.5033026328125 0.3580144453125 0.5150449546875 0.36421871562499997 0.5141477640625001 0.366166078125 0.5056501421874999 0.36440330468750004 0.4896459875 0.374669603125 0.47570764218750006 0.3827988046875 0.4721970125 0.38743518906249996 0.4759372578125 0.3991072203125 0.475979071875 0.40003346874999995 0.4722127828125 0.393444575 0.4543984765625
0 0.17912036250000002 0.4254422921875 0.17683324218750002 0.40346005468749996 0.178138959375 0.39583357812500003 0.1722641484375 0.3820672609375 0.16978729374999998 0.36201511875 0.170084025 0.3080924265625 0.173576846875 0.300841553125 0.1712224359375 0.2965118640625 0.165587371875 0.29161876875 0.1488046171875 0.2926619453125 0.14093758750000002 0.299161615625 0.13212188281249998 0.3153117578125 0.1175762421875 0.3275338546875 0.10521255624999999 0.31755986875 0.1010505125 0.30899438749999997 0.0965814359375 0.30920823125 0.090996378125 0.31511845625 0.0871240859375 0.32622951875 0.08743626875 0.340021878125 0.0829499125 0.3686915875 0.0912239921875 0.3750192296875 0.092986765625 0.39102338593749997 0.1017576125 0.3866416109375 0.10995925468750001 0.38805011718750004 0.114478340625 0.398639590625 0.1295759046875 0.409083078125 0.134424453125 0.40500904687499995 0.1368237203125 0.397570371875 0.14167226718749998 0.393496340625 0.146593253125 0.39434144375 0.15784095625 0.41001181249999996 0.1614562234375 0.4184833890625 0.162504915625 0.43043955624999997 0.17712814375 0.44570827812499997 0.1781992671875 0.4517802640625 0.1833099859375 0.4506952734375 0.1839964890625 0.4380557609375 0.17912036250000002 0.4254422921875
0 0 0.50066661875 0.0034636828124999996 0.5042045890625 0.014738964062500002 0.5365624578125 0.038127889062499996 0.524877721875 0.038791960937499995 0.5181223921875 0.034747215625 0.50270768125 0.00925575625 0.46790840312500004 0.010394167187500001 0.45632783750000006 0.0158843578125 0.4513826609375 0.016905471875 0.44665132500000004 0.014808084374999999 0.42273899375 0.0097422234375 0.4120556171875 0 0.4067598109375 0 0.50066661875
0 0.1714515359375 0.571326153125 0.17419239687500002 0.4981964234375 0.1680329859375 0.4873252453125 0.16101976406250001 0.48513949375000004 0.14987207656249998 0.49107576093749994 0.1247531046875 0.5260155265625001 0.110681803125 0.5334123875000001 0.10074496562499999 0.5326872265625 0.0965380640625 0.5358901125 0.0966829390625 0.5457283828125 0.1053364890625 0.5481958359375 0.1018263859375 0.5839025765625 0.098428434375 0.5901884046875 0.1014969265625 0.598566084375 0.106323040625 0.600376234375 0.10608329999999999 0.5915030109375 0.1109318453125 0.5874289796875 0.115306053125 0.5881801828125 0.1212757328125 0.60098145 0.13232855 0.5960102296875001 0.14718637343750002 0.59758049375 0.1617371625 0.6079300812499999 0.1642588765625 0.6162138609375 0.1712720984375 0.6183996125 0.1738886828125 0.62571834375 0.1794513109375 0.625692303125 0.1746924828125 0.606229603125 0.1714515359375 0.571326153125
0 0.15083436875 0.6453112578125 0.15327849843750002 0.6261042156250001 0.15814947343750002 0.6161460015625 0.1611455265625 0.619604546875 0.1641640109375 0.6171789078125001 0.1541271546875 0.5948471093750001 0.127429996875 0.5892809437500001 0.12222440937500001 0.5913309812499999 0.1111440109375 0.5796147015625001 0.11056965625 0.5628333 0.107835775 0.5623637984375 0.1031545328125 0.5703919187500001 0.0989752109375 0.5902823046875 0.1077512078125 0.6084722109375 0.0989579296875 0.618738171875 0.10188669531250001 0.6398492609375 0.100513690625 0.6651282843749999 0.0946216 0.679817834375 0.09628950625 0.6967870375 0.10135536875 0.7074704125 0.1128376640625 0.7094423203125 0.1148574625 0.7058638328125 0.120040621875 0.709697978125 0.12151364375 0.706025590625 0.13009475625 0.703573909375 0.1288787578125 0.6876636546875 0.140523209375 0.67101796875 0.1485351171875 0.67435656875 0.1520503671875 0.6612215124999999 0.15083436875 0.6453112578125
0 0.1046014609375 0.764945546875 0.0984644796875 0.7481901875 0.1040719671875 0.7363957796875 0.094726765625 0.7239961546875 0.051581464062500006 0.7273813421875001 0.0499911421875 0.73790295625 0.0441939203125 0.7516274593750001 0.0387037296875 0.7565726390624999 0.035473084375000005 0.7668125546875 0.0369961140625 0.7739434843749999 0.0988318203125 0.7953575484375001 0.1053431234375 0.7856810375000001 0.10664884062499999 0.778054559375 0.1046014609375 0.764945546875
0 0.21241636718749998 0.8050505625 0.207729978125 0.7905070015625 0.20794214375000003 0.7826927234375 0.21207660625 0.774570703125 0.2179738484375 0.7824528374999999 0.22001607500000003 0.7729901671875 0.2186827796875 0.7639291421875 0.209170271875 0.747575428125 0.21503993281249997 0.7387700625 0.2169872921875 0.7302724406250001 0.1920029015625 0.7299071109375 0.1876786984375 0.7399592234375 0.18551917499999998 0.7562711234374999 0.16966266875 0.7535480109375 0.1638602953125 0.7447008312500001 0.1610315484375 0.745196375 0.15922906406249998 0.76353226875 0.1641551953125 0.78694905625 0.17171519375 0.789228709375 0.18167445937499999 0.7840696859375 0.1836718296875 0.78637538125 0.182650715625 0.7911067171874999 0.1852448703125 0.80430963125 0.1971342171875 0.8191088531249999 0.21776683125 0.8128387953124999 0.21923985625000003 0.809166409375 0.21241636718749998 0.8050505625
0 0.300706175 0.7044149703125 0.29511596562500003 0.6877535140625 0.2923545078125 0.6705965125 0.2925166640625 0.651978915625 0.2893757328125 0.6386821015625 0.2914179609375 0.6292194328125 0.2954351296875 0.627946640625 0.2906090109375 0.626136490625 0.28274198125 0.6326361609375 0.26952448906250004 0.6313475984375 0.257645440625 0.66169174375 0.23646604999999998 0.6678679 0.23563981875 0.693240821875 0.2283920046875 0.7047535296875 0.224235109375 0.7187597328125 0.21955386875 0.726787853125 0.19673415 0.73268230625 0.194050278125 0.7430161234375 0.1960252171875 0.7512060015625 0.2119990203125 0.7470798828125 0.21485019843750003 0.74070015625 0.2226723671875 0.7459688515625 0.22053527343749998 0.7563965671874999 0.2246024484375 0.76592709375 0.2308791609375 0.769949040625 0.23781994375 0.7672156578125 0.2478292171875 0.772859953125 0.24732729999999997 0.7609976859375001 0.2656727953125 0.7327453937499999 0.2700245734375 0.7393807796874999 0.276870490625 0.73761244375 0.2798613921875 0.718499303125 0.28261770468749997 0.713084621875 0.2861829640625 0.7107528828125 0.29081934375 0.714493128125 0.292414815625 0.726543196875 0.304968234375 0.7345870875 0.310173821875 0.73253705 0.313571775 0.7262512234375 0.3137839421875 0.718436946875 0.300706175 0.7044149703125
0 0.35137359687499997 0.641478571875 0.3592630546875 0.6290947171875 0.36061363125 0.6096998765625 0.3564515875 0.6011343984375 0.3465371796875 0.594525053125 0.34869670625000004 0.5782131546875 0.346721765625 0.5700232765625 0.3469063515625 0.5455214984375 0.3421026640625 0.537827165625 0.332617734375 0.5381609515625 0.31759775625 0.5552082828125 0.31115889218750004 0.56980393125 0.29880035625 0.5824016296875001 0.30636549999999996 0.6072529656250001 0.3006631453125 0.620012421875 0.3219874140625 0.6236745375 0.32981473437500003 0.6515149140625 0.32820198437500003 0.6679207140625001 0.33628632812500003 0.6761784484375 0.3490519140625 0.676408065625 0.3544696671875 0.6665437515625 0.3500454484375 0.6549892296875 0.35137359687499997 0.641478571875
0 0.487286246875 0.6785582328124999 0.48692405625 0.6539625546875001 0.4883470703125 0.63948685 0.496258959375 0.6212188140625 0.4933577734375 0.616795221875 0.49333019375 0.6001077218749999 0.4960140671875 0.5897739046875 0.49948445937499997 0.5884072140625001 0.4904738671875 0.5839157671875 0.4846266359375 0.5868369515625 0.471086575 0.6043837671875 0.452684178125 0.61766086875 0.4375969109375 0.652360746875 0.43044396406249996 0.6629084078124999 0.4299696234375 0.6677336421875 0.4517285203125 0.7009105718749999 0.4579103640625 0.7058975671875001 0.46228457343749996 0.7066487687499999 0.4662293015625 0.700456840625 0.47067594843749994 0.7061271796875 0.48251528749999995 0.7101230843749999 0.490404746875 0.69773923125 0.4917104640625 0.69011275625 0.487286246875 0.6785582328124999
0 0.42701659843749995 0.7486776500000001 0.42855691093750004 0.727352715625 0.4363402859375 0.7188760000000001 0.44455314218749997 0.7173424140625 0.44740432031250005 0.7109626859375 0.4390302234375 0.6830284078125 0.42678383750000004 0.66620519375 0.41418555625 0.669929665625 0.4015424171875 0.6854225046875 0.4002367015625 0.6930489796875 0.40175973281250005 0.7001799109375 0.39703363281250004 0.719976396875 0.3921626546875 0.7299346109375 0.38904930625 0.7333252984375 0.3679147734375 0.7277330875 0.359690703125 0.7322087640625 0.3513493359375 0.7435336703125001 0.34645592812500003 0.7593760671875 0.3533294234375 0.7742952328125 0.3501936421875 0.7835701015625001 0.3513372015625 0.79456121875 0.35716200625 0.79752421875 0.35949398593750004 0.8077380890624999 0.3740672046875 0.812203496875 0.38840067968750003 0.8077956765625001 0.4016854625 0.7914316921875 0.41325747812499997 0.7698668703125 0.4203431390625 0.7769717593750001 0.42395840781249994 0.7854433375000001 0.4242930171875 0.7933515140625 0.4282877546875 0.79796290625 0.4339452515625 0.7969718171875 0.4302575453125 0.7835811015624999 0.42701659843749995 0.7486776500000001
0 0.3223235109375 0.8464962296874999 0.3210126453125 0.831551021875 0.3251195296875 0.8067415 0.32167156874999997 0.8022240078125 0.320907478125 0.787372703125 0.32375865625 0.7809929734375001 0.34186955625 0.7664391390625 0.34695269687499997 0.74866665 0.342863090625 0.7450203046875 0.28419074375000003 0.731018871875 0.2723065453125 0.738791334375 0.262844046875 0.7332409390625 0.249559265625 0.7496049250000001 0.2496092734375 0.7604082421875 0.255389215625 0.7751396046875 0.27324309062499996 0.7801684140625 0.279569809375 0.7949936765625 0.278481409375 0.8173775593749999 0.27253930937500004 0.821263790625 0.26921379375 0.8324687546874999 0.26638504531249996 0.8329642984375001 0.27193039375 0.8613941234375 0.28239157656249997 0.8680973671875 0.3106341984375 0.87491028125 0.3194999125 0.8695634578125 0.31669359531249996 0.8641748203124999 0.3223235109375 0.8464962296874999
0 0.42395142343750003 0.8590425703125 0.42525714062500003 0.8514160937499999 0.432482528125 0.8457875703125 0.43324146875 0.83806719375 0.4298159359375 0.8276655203125 0.430312703125 0.816956103125 0.4252244125 0.8121569093750001 0.42624552656250003 0.8074255765625 0.41000955 0.8085626515625 0.378731165625 0.8326312421875001 0.3778549265625 0.847200846875 0.3979286359375 0.8918644406249999 0.40249258125000004 0.89068555 0.405840525 0.8735964046875001 0.411330715625 0.868651225 0.4186061109375 0.8738260203125 0.4197721 0.8789329562500001 0.4241463109375 0.8796841609375001 0.4280910390625 0.8734922328125 0.4273045203125 0.8645251078125 0.42395142343750003 0.8590425703125
0 0.5218191937500001 0.8532790609375001 0.5120445124999999 0.8339363046875 0.5083119484374999 0.8323139546875 0.49103242968750005 0.84406655 0.484778146875 0.83416041875 0.48137504375000006 0.8178745624999999 0.48136989531249996 0.79530288125 0.4824134390625 0.7846873640625 0.48982855937499997 0.7771287453125 0.48336211562500003 0.7750368937500001 0.47984171406250004 0.7656002671875 0.47537263750000003 0.765814109375 0.456335490625 0.78413423125 0.450677996875 0.7851253218750001 0.4301005390625 0.824770378125 0.432789559375 0.8370082453125001 0.46115462812499997 0.859543615625 0.46175141406250003 0.870440834375 0.46926654843750004 0.8844888515625 0.48050910468749997 0.8775875375 0.48766205312500005 0.8670398765625 0.4952220515625 0.8693195296875 0.497983509375 0.8864765328124999 0.5075408765625 0.8910618828124999 0.51654631875 0.872981646875 0.5222038140625 0.8719905562499999 0.5236768374999999 0.8683181687499999 0.5218191937500001 0.8532790609375001
0 0.5477471140625 0.8214222375 0.5505034265625001 0.8160075578124999 0.544294003125 0.7943330625 0.54450101875 0.763947103125 0.55227318125 0.758412478125 0.560240228125 0.7735194437499999 0.5703167921875 0.76151119375 0.5724538875 0.751083475 0.5725211765625 0.733430928125 0.5671931421874999 0.7197585125 0.558394715625 0.7074527875000001 0.5499309015625 0.7030552390625 0.5384986125 0.7118866484375 0.5165154203125 0.737551546875 0.5122860890625 0.7466386125 0.49683663281249996 0.756742815625 0.49203809375 0.7716201640625 0.485906259375 0.7774364890625 0.48731199375 0.79141665 0.49460981875 0.7907072609375 0.5032409375 0.799058896875 0.508993303125 0.797102759375 0.5122963875 0.79178198125 0.5184057937500001 0.7918498375 0.52247296875 0.8013803640624999 0.5218589031249999 0.8189390124999999 0.5244754875 0.8262577437499999 0.53296173125 0.8247711078125001 0.5448510796875 0.83957033125 0.5554519890625 0.8335401609374999 0.5507207390625 0.8307649640625 0.5477471140625 0.8214222375
0 0.6087187140625 0.8063783578124999 0.6011087078124999 0.7932953875 0.590435359375 0.794406421875 0.570399528125 0.8115736953124999 0.5549000640624999 0.8108745781250001 0.542541528125 0.823472275 0.5390487046875 0.8307231484375001 0.5398352265625 0.8396902734375 0.5441870062499999 0.8463256593749999 0.5549776515625 0.838365396875 0.563369028125 0.8378438078125001 0.5725469234375 0.8462893453125 0.5724296265625 0.853138575 0.578399303125 0.86593984375 0.594757728125 0.8805252234375001 0.597229434375 0.8780056828125 0.5948750234375 0.8736759921875 0.6000530328125 0.8549384546875001 0.61343783125 0.86018110625 0.61545763125 0.85660261875 0.6171428203125 0.8451159546874999 0.6087187140625 0.8063783578124999
0 0.65054285 0.7429045984375 0.655720859375 0.7241670609375 0.6443058515625 0.7045426031249999 0.6429725562499999 0.6954815796875 0.6445128640625 0.6741566437500001 0.6567877484375 0.659581903125 0.6628135 0.657672715625 0.6560348734375 0.6417885046875 0.6479280984375 0.63941495 0.6356868609374999 0.6451634187499999 0.607761571875 0.6747145453125001 0.5916204609375 0.674886575 0.585895675 0.6935302140624999 0.576148575 0.690874959375 0.5712775984375 0.7008331734375 0.5735871484375 0.7169312296875 0.580767678125 0.7230710703125001 0.5791773578125 0.7335926859375 0.5754223640625 0.7378545187500001 0.5761364453125 0.7419025078125 0.5896661187500001 0.7569834296875 0.5944198 0.7538744453125 0.5978401828125001 0.7417044359375 0.600858665625 0.7392787968750001 0.620118275 0.7582877640625 0.6275885531250001 0.7841041484375 0.633033884375 0.7909273328124999 0.6417823031250001 0.7924297421875 0.6477244 0.788543509375 0.65342675625 0.77578405625 0.6578682546875 0.7588827109375 0.65054285 0.7429045984375
0 0.70154699375 0.8688474421875 0.7024008015625001 0.8601620171875 0.7047776406249999 0.8586075265625001 0.6954548703125 0.84032371875 0.6910806625 0.839572515625 0.6692371953125 0.8525039984375 0.67159160625 0.8568336890625 0.6687404296875 0.8632134171875 0.6569510968750001 0.8700208328124999 0.659522821875 0.8891079281250001 0.6757863796875 0.9046583531250001 0.6850815703124999 0.9062546609375 0.69330564375 0.901778984375 0.7053122859375 0.9097289749999999 0.710255703125 0.904689896875 0.7109422046875 0.892050384375 0.70154699375 0.8688474421875
0 0.8043912531249999 0.58621960625 0.8031303937500001 0.582077715625 0.79711585625 0.5810448109374999 0.7809471703125 0.564529340625 0.7676020796875 0.524946640625 0.704359725 0.537637871875 0.68742088125 0.53178486875 0.6793865453125 0.5343304515625 0.6751572125 0.54341751875 0.67522965 0.5483366546874999 0.703956909375 0.5954677015625001 0.7065286328125 0.6145547984374999 0.7138152421874999 0.6167875015625001 0.723718434375 0.6263389359375 0.732846321875 0.623981153125 0.7355077640625 0.61953151875 0.741494721875 0.6038769234375 0.7437491171875 0.586599978125 0.7581550296875 0.5871112953125001 0.7701340953125 0.5783737859375 0.7743185687499999 0.581055084375 0.775891609375 0.59898933125 0.79265193125 0.6038303375 0.79752805625 0.6164438078125001 0.8001670687500001 0.61787835625 0.8081289671875 0.6104136390625 0.8190869171875 0.6064074640625 0.8118788109375 0.5835801218750001 0.8043912531249999 0.58621960625