0 0.786081103125 0 0.76339184375 0.028661276562499997 0.72866536875 0.0493257390625 0.7172626 0.0460409140625 0.712775575 0.05321859375 0.7114206453125 0.0687465390625 0.7162064296875 0.0868223328125 0.7486893921875 0.06974670937500001 0.750436796875 0.0632402109375 0.7562985921875 0.06079105781250001 0.76523074375 0.0596158296875 0.7696240546875 0.06867017656249999 0.76970563125 0.09600299375 0.766479821875 0.10388475156250002 0.76666503125 0.1251137765625 0.7610303421875 0.1356118234375 0.750516153125 0.1442661 0.745439309375 0.1647581484375 0.7356902296875 0.1711988484375 0.73795358125 0.18786648125 0.7442795046875 0.2116433546875 0.753108025 0.21657191562500003 0.7622772015625 0.233573821875 0.7835326828125 0.224314159375 0.7902632203125 0.21354763906250002 0.797334415625 0.2148544609375 0.801438884375 0.2087835734375 0.80651573125 0.18829152656249998 0.8192734296875 0.176048409375 0.82046299375 0.15954790937500002 0.8240713546875 0.1505593609375 0.832455584375 0.14951837031249998 0.844416196875 0.162797196875 0.8565741578124999 0.153740209375 0.865402675 0.158668771875 0.88609039375 0.1292868734375 0.8851400765624999 0.110271425 0.8910856640624999 0.0814620140625 0.9028092531249999 0.07656370625 0.9106376656249999 0.0823238 0.9075525593749999 0.06417998124999999 0.900545903125 0.05989607500000001 0.884604290625 0.066840821875 0.8744627375 0.0642600734375 0.870896271875 0.0600684921875 0.8714960140624999 0.056882362500000005 0.8639287124999999 0.0526578796875 0.8555863796875001 0.040518740625 0.8399556671875 0.02915211875 0.8333805812499999 0.0307629546875 0.81999338125 0.015807493750000002 0.8106234125 0 0.786081103125 0
0 0.528441215625 0 0.5274137515625 0.0069996500000000005 0.5323549890625 0.015919759375000002 0.5305557656250001 0.025478153125000003 0.5136935968749999 0.043792160937500005 0.5069531390625001 0.0444304453125 0.49669803281249997 0.037825246875 0.49395841406249996 0.038496428124999996 0.4917766375 0.049161609375 0.4780168015625 0.045441176562500005 0.475287103125 0.05624059375 0.47699261093749995 0.0629142265625 0.4840638046875 0.06422105 0.4876401890625 0.07854086875 0.4931293484375 0.08732674375 0.500407809375 0.0764259875 0.509009221875 0.07330565312500001 0.52097975625 0.09671271718749999 0.52418350625 0.12226756406249999 0.53148180625 0.13162328125 0.53750896875 0.13014668125 0.541551703125 0.11699945 0.5556422765625 0.12266498906250001 0.5587545328125 0.110758784375 0.5910919640625 0.112967078125 0.6018949953125 0.1194380375 0.617888421875 0.1094413953125 0.6194087234375 0.0948860046875 0.624381934375 0.08049774531250001 0.6383490375 0.07201060312499999 0.6423201140625 0.04165879375 0.6542807265625 0.054937621874999995 0.671876028125 0.0577184015625 0.6920874796875001 0.045675317187499995 0.6986526484375 0.0339362453125 0.6980848843749999 0.013814009375 0.70187828125 0 0.528441215625 0
0 0.39852232656250003 0.3734480609375 0.401654421875 0.38179832812500003 0.40796050624999997 0.3853187296875 0.41036938593750005 0.3827024421875 0.410080546875 0.36757720312500003 0.4159225015625 0.34487158125 0.4221569328125 0.3311874015625 0.4330536734375 0.3214263359375 0.4522310140625 0.3167280671875 0.45569384375000005 0.32702343906250003 0.4555383953125 0.3361791234375 0.466227871875 0.3386256328125 0.4731954328125 0.34603624375 0.482613775 0.33765043906250003 0.507156796875 0.327585359375 0.511861009375 0.3183283375 0.5097630265624999 0.3026332578125 0.502795465625 0.29522264531250003 0.49954981875 0.2828479328125 0.5074798390625 0.26570915156249997 0.5066529921875 0.2608463875 0.4895240375 0.2305985546875 0.4826182125 0.23026428437500002 0.45640165625 0.2103473640625 0.447945771875 0.194183778125 0.44645745156250005 0.1854308015625 0.4406992890625 0.181776165625 0.43083665781249997 0.18419241875 0.4214183171875 0.192578225 0.41465580312499994 0.22665311093749999 0.4093419328125 0.228968025 0.4084412140625 0.26059376093750003 0.4016588578125 0.2744121734375 0.392788440625 0.28266374375000003 0.3855000625 0.283436259375 0.38083774843749996 0.279513153125 0.373280365625 0.28541690937499997 0.36978555625 0.298429903125 0.3749020796875 0.3184508015625 0.38022586875000003 0.326264125 0.389540575 0.3239821078125 0.40341396406249996 0.3317269875 0.4042507296875 0.3467179890625 0.3988332265625 0.35513669375 0.40026973125 0.3669415625 0.39852232656250003 0.3734480609375
0 0.6060377546875 0.395549509375 0.611857653125 0.4062804875 0.6382616343749999 0.393733359375 0.6497779593749999 0.40104263281249997 0.659413484375 0.3905774875 0.6742074312499999 0.38695310625 0.6737014046875001 0.3739072109375 0.6673335828125 0.3633104671875 0.6676025859375 0.358179234375 0.669567175 0.34959339375 0.676411265625 0.342851321875 0.6817152171874999 0.3304081703125 0.6768257984375 0.3184361640625 0.675223921875 0.3056587421875 0.6642555234375 0.2982152328125 0.658600996875 0.28845680625000003 0.6616515125 0.26947425625 0.6547776671875 0.2458316203125 0.645122303125 0.2360402921875 0.6350943015625 0.23748399375 0.5933263906249999 0.28722634375 0.5967274875 0.290445375 0.5960759296875 0.2966834 0.586035790625 0.34169194062499997 0.58028755 0.348165540625 0.5682850390625 0.34806684374999997 0.5653899703125 0.3578937078125 0.5643657765625 0.3753667578125 0.5669499484375 0.3838512609375 0.5706299640625 0.392067290625 0.5856609359375 0.406620040625 0.5900443281250001 0.405546153125 0.592216184375 0.384752734375 0.5957209125 0.3818679734375 0.6036707703124999 0.38498566562500003 0.6060377546875 0.395549509375
0 0.3729407515625 0.49824410781250006 0.3754631859375 0.49965226874999996 0.3786371765625 0.494822403125 0.3789480765625 0.4765110359375 0.37366618281249997 0.455517584375 0.3656545890625 0.4453235515625 0.3511814609375 0.4407647984375 0.34596130625 0.42684768906250004 0.34990040625 0.41980424687499995 0.3449591703125 0.4108841359375 0.34615865156250003 0.40451187656250004 0.33660691875 0.388616759375 0.326517184375 0.38298411875 0.3129844515625 0.38731257812500003 0.29585328125 0.41075782343749995 0.30051559375000003 0.4146809328125 0.3023346546875 0.425379015625 0.3066662296875 0.42735701718749997 0.30765844531250003 0.433192334375 0.30219904375 0.4547911703125 0.29228459687499997 0.4602593171875 0.2772833828125 0.47609127500000004 0.27901865 0.5131496171875 0.2891083875 0.5187822578125 0.2998717390625 0.48474027187499996 0.3078634921875 0.4746778328125 0.329738553125 0.4824885140625 0.33420351875 0.5087474375000001 0.3408502625 0.524341178125 0.3616713734375 0.5192402 0.3729407515625 0.49824410781250006
0 0.1811442671875 0.3537628640625 0.1872849828125 0.3563107125 0.1942007296875 0.366773221875 0.19840883125 0.3545985390625 0.209201940625 0.3509412640625 0.210732159375 0.3465141046875 0.210546953125 0.32528508125 0.2157990859375 0.315893821875 0.210961484375 0.30086992343749996 0.2111687484375 0.2886623484375 0.2160383296875 0.28037787812500004 0.21240020781250002 0.25898171875 0.2218703640625 0.2475440171875 0.23403824375 0.24861526562499997 0.246475128125 0.244555278125 0.2526577390625 0.233922996875 0.252265265625 0.22490155 0.24541125625000001 0.2215153859375 0.24206197812500002 0.21524445937499997 0.22874643125 0.21749357812499998 0.218987434375 0.21380604062500003 0.21382901406250002 0.206965275 0.21867875468750003 0.1784243328125 0.2146580796875 0.1581349625 0.2014461671875 0.15428029062499998 0.1833349203125 0.128325378125 0.1828906265625 0.122355825 0.177618653125 0.111490609375 0.1729563421875 0.1075675 0.1602405390625 0.1066304875 0.1506568296875 0.11404373906250001 0.1542850296875 0.1253116640625 0.1502202375 0.17189549843750002 0.15358935625 0.198422896875 0.153288378125 0.22686250000000002 0.1350514359375 0.2404479796875 0.1374382609375 0.2712682984375 0.1319072046875 0.2756625546875 0.1301597984375 0.28216905312499996 0.13307470625 0.29259865937499996 0.1450871359375 0.3028255953125 0.1486017859375 0.31006906875 0.1460374546875 0.3218410421875 0.14308064843749999 0.3245915640625 0.1432559390625 0.335692353125 0.1516500875 0.3447795984375 0.15487589375 0.336897840625 0.1584941765625 0.338037528125 0.1667328734375 0.3562804578125 0.17243921874999998 0.36298698906250004 0.175830396875 0.3560777796875 0.1811442671875 0.3537628640625
0 0.5090111015625001 0.48618253749999996 0.5181554796875 0.47786385 0.5297803937500001 0.4841334546875 0.5314859000000001 0.4908070875 0.5371305109375 0.4904372796875 0.5415756390625 0.4964397296875 0.546837690625 0.49717670781249995 0.554994815625 0.48808682187499997 0.5628311187499999 0.48718007031250005 0.562273275 0.4771860671875 0.5699342921875 0.465178521875 0.56987255625 0.45810218125 0.5610440359375 0.45317362031249997 0.5574874921874999 0.45911027187500003 0.549981925 0.4619621328125 0.545536796875 0.45595967968749995 0.5442138437499999 0.44817925937499997 0.5227114187499999 0.4291335546875 0.5129325812500001 0.405189546875 0.505913203125 0.400830828125 0.49457216718749997 0.40462234375 0.47257141562499994 0.4363520546875 0.47334644531250003 0.4442667125 0.48074837812500004 0.4475186421875 0.48464558125 0.4536553328125 0.48022029374999997 0.46790934999999995 0.46648029687500003 0.484445390625 0.4674725125 0.49028070625 0.4730134875 0.49601468437499996 0.47597029375 0.49326416249999994 0.4823381140625 0.5038609046875 0.4836092515625 0.5146932234375 0.477478453125 0.522273609375 0.4775401921875 0.5293499515625 0.4842905671875 0.53883990625 0.49871187812500006 0.5464505515625 0.511862053125 0.54322888125 0.5161219734375 0.5280023078125 0.51085 0.5171370921875 0.5128664078125 0.50549935625 0.5090111015625001 0.48618253749999996
0 0.5912669109375 0.5906378296875 0.588041103125 0.5985195875 0.5767000671875 0.6023111015625 0.5720476734375 0.6085162296875 0.56255768125 0.59969745625 0.5595909546875 0.59231974375 0.5602943296875 0.583029825 0.5750783562499999 0.5692772078125 0.575947096875 0.560959840625 0.56227105625 0.5308791453125 0.555799603125 0.526386190625 0.5514162109375 0.5274600796875 0.5413981296875 0.5390320171874999 0.5241953015624999 0.5452726828125 0.5199872 0.5574473625 0.5116647078125001 0.5655646953125 0.5020192609375 0.565901609375 0.5016984421874999 0.5740847390625 0.5180104703125 0.6095980437499999 0.5271079921874999 0.60939536875 0.5463889640625 0.598593309375 0.556044328125 0.6083846328125 0.5617605921875 0.6252194015625 0.5730498093749999 0.62447978125 0.60003369375 0.5884900484375 0.5912669109375 0.5906378296875
0 0.7999123828125 0.5354693609375001 0.8091234578125001 0.5392911312499999 0.8296656468749999 0.5291931546875001 0.831578421875 0.523659209375 0.8200102828125001 0.51940183125 0.777368146875 0.45994715625 0.776975671875 0.450925709375 0.7729130984375 0.44381646874999997 0.7596394515625 0.43288545625 0.7453416125000001 0.43942749374999995 0.7284276249999999 0.4607933953125 0.7209738765625 0.46059336249999994 0.712466175 0.44748167031249997 0.7090132625 0.44731453437499996 0.7071622234375 0.45992482187499995 0.7097144171875 0.4917176921875 0.7220994828125 0.4907096 0.7309280015625 0.495638159375 0.730451734375 0.5129769734375 0.7365604718750001 0.5388331921875 0.7451199890625 0.5488929875 0.756522759375 0.5521778171875 0.7639048515625 0.535173271875 0.7640503828125 0.5158893499999999 0.7701811796875 0.5083089640625 0.7905778375 0.517494903125 0.7999123828125 0.5354693609375001
0 0.7817118609375 0.418360321875 0.7912018546875 0.42717909374999996 0.8051270593750001 0.43187208125 0.8081874984375 0.42301777031250004 0.8101939859374999 0.40125179843750003 0.8160557796875001 0.398802646875 0.8179068171875 0.38619235937499996 0.824916275 0.380422840625 0.8325353968750001 0.3815954265625 0.8387180078125 0.3709631453125 0.8390906453125 0.35972811875 0.8326191890624999 0.3552351640625 0.8260441015625 0.3568460015625 0.814187121875 0.3374633828125 0.8021228765625 0.3302883453125 0.7973988265624999 0.31928889374999997 0.8027027765625 0.306845740625 0.8152013953124999 0.3098620984375 0.8160183203125 0.3045966234375 0.823575703125 0.29869287031249997 0.8191923125 0.2997667609375 0.804771 0.2921561140625 0.8002641374999999 0.2790773203125 0.79455779375 0.2723707875 0.788365259375 0.272874834375 0.779877396875 0.28001961406250003 0.7562328734375 0.3121520375 0.7394743359375 0.32436225625000004 0.73997044375 0.3272799140625 0.7320305046875 0.3342904578125 0.73258835 0.3442844578125 0.7361030000000001 0.3515279359375 0.7333115625 0.3552510109375 0.73563665 0.378994984375 0.7331241359375 0.3877150625 0.734943196875 0.3984131421875 0.7401016171875 0.405253909375 0.7540268203125 0.4099468984375 0.7544512734375 0.395659978125 0.756860153125 0.393043690625 0.764592825 0.398240725 0.775684696875 0.41983691875 0.7817118609375 0.418360321875
0 0.91376618125 0.31554742812500003 0.904337921875 0.3138049953125 0.8730224625 0.34781672812500003 0.8774256921875001 0.366999309375 0.8568195484375 0.42371402343750003 0.8667439140625 0.4283741109375 0.8709817781250001 0.446584140625 0.8800693796875001 0.43625323125 0.8962380953125001 0.43735737812500003 0.912034178125 0.4496965515625 0.9260530953125 0.43815751406250003 0.9397611124999999 0.44492984375000005 0.9405780375000001 0.4396643703125 0.95081330625 0.42601309374999996 0.9577709499999999 0.42329546718750005 0.961213940625 0.41333436562500003 0.965879875 0.41130171562499995 0.9658466406249999 0.4105725171875 0.9620308671875 0.40806889375 0.960707915625 0.40028847343749996 0.9639645890624999 0.39594488437500003 0.9607031453125 0.37676398125 0.9547645453125 0.375404809375 0.9368285843749999 0.3605506875 0.9252505265625001 0.3461650703125 0.9186555999999999 0.3275194328125 0.9131146234375 0.3217854515625 0.91376618125 0.31554742812500003
0 0.31989680468750004 0.73006178125 0.31598968125 0.71379685625 0.31893656875 0.700918096875 0.31717924375 0.6972963578125 0.32070825 0.6072819171875 0.3262393078125 0.6028876609375 0.3330933140625 0.606273828125 0.3335795015625 0.5990632484375 0.321897809375 0.5907814203124999 0.31382448125 0.5735110437500001 0.3034558234375 0.562881403125 0.3018539484375 0.55010398125 0.29427672656250004 0.5357512625 0.2901325796875 0.5013092078125 0.277530328125 0.5043966421875 0.278905096875 0.5091251703124999 0.27644440000000003 0.5147933515625 0.2682872765625 0.5238832375 0.2635731453125 0.523012021875 0.2608952625 0.5307595468749999 0.2748303875 0.5455807703125 0.2753364140625 0.5586266640625001 0.2716244171875 0.5737190015625 0.2621542609375 0.5851567015625 0.2592172953125 0.6081636968749999 0.2512354609375 0.628354371875 0.2529409671875 0.63502800625 0.262203859375 0.6357978828124999 0.265005215625 0.64220304375 0.258057490625 0.6550489046875 0.267609225 0.67094401875 0.26641966250000004 0.6874445171875 0.2624805625 0.6944879609375 0.2639170671875 0.7062928312500001 0.2614045515625 0.7150129062499999 0.265590596875 0.73627483125 0.28194452187499996 0.7586080046875 0.30061583281250004 0.7408638390625 0.308183134375 0.745088321875 0.316360096875 0.7562549078125 0.31909971718749996 0.7555837265625 0.32752584218749997 0.74136260625 0.31989680468750004 0.73006178125
0 0.46858376249999995 0.617654859375 0.472419228125 0.61671520625 0.47531429843749995 0.6068883421875 0.46664123125 0.5928040953125 0.46361277031250003 0.578350040625 0.44710339374999997 0.5651725515625 0.440881103125 0.5352918890625 0.43122573906249995 0.5255005609375 0.423720171875 0.5283524234375 0.41255442656249997 0.543244725 0.401129596875 0.573396503125 0.3903982265625 0.584130121875 0.3814660703125 0.5853053515625 0.3891050296875 0.606734409375 0.3935402375 0.6026086265624999 0.40873657812499997 0.6181339296874999 0.412189490625 0.618301065625 0.42079090468749997 0.6151807296875 0.4332895234375 0.6181970875 0.46573058906250003 0.6143015953125001 0.46858376249999995 0.617654859375
0 0.443863228125 0.670312228125 0.445218159375 0.65478428125 0.430962215625 0.6481461875 0.4263616375 0.6512994203125 0.41972481562499997 0.6458339140625 0.4169234609375 0.6394287515625 0.4164174328125 0.6263828593749999 0.40412608125 0.611158925 0.40268957656250004 0.5993540562499999 0.39671422968750003 0.5977787609375 0.3928269453125 0.6017703078125 0.3803580875 0.6291386625000001 0.385237584375 0.6309824296875 0.38783167343749997 0.6495951703125 0.38078031874999996 0.6685448203125001 0.367040321875 0.6850808578125 0.36786716875000003 0.6899436203125 0.37455580781250003 0.6923572328125001 0.37949704375 0.7012773421875 0.37895904062499997 0.711539815625 0.3747509375 0.72371449375 0.36752429062499997 0.73156335625 0.3699430921875 0.73907530625 0.3869287359375 0.73491398125 0.39674946875 0.745677859375 0.4029420015625 0.7451738140625 0.412350421875 0.7266597703125 0.41365353593750004 0.71418371875 0.44003768125000003 0.681380115625 0.443863228125 0.670312228125
0 0.693995471875 0.614097484375 0.6979246546875 0.59692580625 0.6980701859375 0.5776418859375 0.6952170125 0.5742886203124999 0.6833798718749999 0.5751624765625001 0.6752547265625 0.5609439953125 0.6664262046875 0.556015434375 0.658848984375 0.5416627171874999 0.6521085265625 0.5423009984375 0.6363940218749999 0.557294640625 0.6412316234375 0.5723185390625 0.6398248765625 0.590898378125 0.63468629375 0.604314084375 0.625650509375 0.6115930984375 0.627087015625 0.62339796875 0.6331759124999999 0.6289977125 0.6394202625000001 0.625441771875 0.673473125 0.6444519375 0.68349120625 0.63288 0.6933020203125 0.6335156421875 0.698554153125 0.6241243843750001 0.693995471875 0.614097484375
0 0.7023819203125 0.5593634171875 0.7016267296875001 0.5717052328125 0.7081180234375 0.596454659375 0.7160160656250001 0.6026242453124999 0.7435158953125 0.58980864375 0.742410128125 0.5799488796875 0.736259490625 0.5672727953125001 0.7336654015625 0.5486600562499999 0.728237978125 0.546950525 0.7023819203125 0.5593634171875
0 0.727344959375 0.642397571875 0.7253605296875001 0.6307269390625 0.7217940640625 0.62653535625 0.6992674437499999 0.6249627 0.6975718578125 0.62841730625 0.699659921875 0.6339841484375001 0.6974164078125 0.6375729890625 0.70132353125 0.6538379125 0.6962367671874999 0.6642017250000001 0.69668105625 0.6701712765625001 0.7043001765625 0.6713438625 0.710699975 0.6586322390625 0.7154659234375 0.656451559375 0.7217301093749999 0.6731520921875 0.734384178125 0.6670127609375001 0.732120825 0.650345128125 0.727344959375 0.642397571875
0 0.1262515015625 0.5444977468750001 0.1310692640625 0.5392651749999999 0.1412626328125 0.5387940265625 0.1408701578125 0.5297725796874999 0.15012313125 0.5204142203125001 0.1568117703125 0.5228278343749999 0.159107096875 0.5161870984375 0.157557040625 0.5003577828125 0.170107475 0.50032224375 0.183692021875 0.49294189062499993 0.18848994531250002 0.46745284062500003 0.1783902890625 0.4516919640625 0.1621080203125 0.44656336874999997 0.15914129531250001 0.43918565468750004 0.15813916249999999 0.4232221015625 0.1546245125 0.415978625 0.1379596890625 0.41195682031249997 0.136461446875 0.3930756078125 0.12389117187500001 0.3728546734375 0.1120959296875 0.360548396875 0.0985014625 0.35780051875 0.0905714453125 0.3749392984375 0.07796919531249999 0.37802673124999997 0.0786405890625 0.392045178125 0.0754147828125 0.399926940625 0.0548108578125 0.4029485765625 0.05399393125 0.40821404843750003 0.0542210375 0.41626294374999995 0.058118240625 0.42239963124999996 0.059441193749999996 0.43018005312499996 0.066522309375 0.44161511249999996 0.0816988109375 0.43688394375 0.096142178125 0.4110579859375 0.1032751109375 0.41944115000000004 0.104060059375 0.43748404374999994 0.1015574625 0.45633235625 0.0957055890625 0.468909746875 0.094402475 0.481385796875 0.083123178125 0.49225365312499997 0.084280759375 0.49906152343750004 0.0921788015625 0.505231109375 0.10428494531250002 0.49922601718750004 0.1097741046875 0.508011890625 0.1166997671875 0.528602634375 0.12328477499999999 0.5371200359375 0.123729065625 0.5430895890625 0.1262515015625 0.5444977468750001
0 0.11970173437500001 0.6838794453125 0.1262250046875 0.6853205046874999 0.1294508109375 0.6774387468749999 0.13476468125000002 0.67512383125 0.135633425 0.6668064625000001 0.1413816671875 0.6603328640624999 0.14077200781250002 0.653390759375 0.14678925 0.6417859234375001 0.155844875 0.6547633796875 0.162533515625 0.6571769921875 0.165004134375 0.6616370468749999 0.1721271421875 0.6598919750000001 0.155556034375 0.6396381421874999 0.15269294375 0.626156640625 0.154822903125 0.618543353125 0.1613461734375 0.6199844125 0.1656160109375 0.614886075 0.16526543437500002 0.5926844953125 0.1700831984375 0.587451921875 0.168925615625 0.580644053125 0.1558173359375 0.5706855921875 0.1427189796875 0.5708553703125 0.1152213671875 0.52997789375 0.10113079375 0.5243123562500001 0.08694650781249999 0.534878840625 0.0830691421875 0.5489986265625 0.08494001718750001 0.5566448078125 0.0829754265625 0.56523065 0.0721922375 0.5790161640625 0.070010459375 0.5896813453124999 0.056828309375 0.616211384375 0.05892629218749999 0.631906465625 0.0668342515625 0.6482042890625 0.080490453125 0.6580285124999999 0.08529829531250001 0.6426677015625 0.09614322343750001 0.6359585296875 0.10185948593750001 0.6527933 0.11375836406249999 0.6589957828124999 0.11970173437500001 0.6838794453125
0 0.04814858125 0.7632063687499999 0.055158040625 0.75743685 0.06587949374999999 0.7365749921875 0.051769084374999996 0.7106529796875 0.014544350000000001 0.6644764078125001 0.0239658046875 0.7540457625 0.024846934374999997 0.75371905625 0.033179346875 0.755729959375 0.0417807609375 0.7526096265625 0.04814858125 0.7632063687499999
0 0.172722446875 0.7640919953124999 0.1800626453125 0.7602675828125001 0.19826760625 0.7699904703125 0.214808959375 0.75985959375 0.20246579062499998 0.747687553125 0.1998717015625 0.729074815625 0.19448617343750002 0.7141851531250001 0.186701684375 0.7120400140625 0.1797341234375 0.7046294015625 0.17714995625000002 0.6961449 0.178731990625 0.6886658484375 0.1771918515625 0.68296476875 0.1706068453125 0.6744473671875 0.15996918437500002 0.6689489625 0.154055575 0.6744500062500001 0.152648828125 0.693029846875 0.146249028125 0.7057414718749999 0.13316059062500002 0.716039484375 0.13000643750000002 0.741125821875 0.131329390625 0.7489062453125 0.140157909375 0.7538348078125 0.1468884453125 0.7430682875 0.1573188390625 0.7607742703125 0.1565019140625 0.7660397437500001 0.1602337484375 0.771203878125 0.1693312703125 0.7710012046875 0.172722446875 0.7640919953124999
0 0.9491207703125 0.5637509578125 0.9412128093750001 0.5474531375 0.93419343125 0.543094421875 0.9159564906250001 0.5566799015624999 0.915304934375 0.5629179265625 0.922117046875 0.579484221875 0.921413671875 0.5887741421875 0.9108476671875 0.6004803140625 0.910961221875 0.6045047593749999 0.93404568125 0.6160714171875 0.9432936937499999 0.6016489390624999 0.9488297093750001 0.6023188015625001 0.95129040625 0.5966506203125 0.9491505296874999 0.59413566875 0.9523146 0.5791775671875 0.9491207703125 0.5637509578125
0 0.8515605453124999 0.5572603078125 0.8478386328124999 0.562224409375 0.8429789734375 0.5806371125 0.84413655625 0.5874449828125 0.8525307046874999 0.596532228125 0.8533575515624999 0.601394990625 0.8457064546874999 0.623530771875 0.8514028796875 0.6201090687499999 0.8676013546875 0.6515979265625 0.865037021875 0.663369896875 0.8685516703125 0.6706133734375 0.8691095140625 0.6806073734375 0.8838516453124999 0.6800348875 0.8893827015625 0.6756406312500001 0.8987735015625 0.5831770406250001 0.8973270765624999 0.5612439328125001 0.8833820328125 0.536294471875 0.8649279062499999 0.5519592953125 0.8515605453124999 0.5572603078125
0 0.9489311234375 0.6499080890625 0.9492519421875001 0.6417249593750001 0.9396583140624999 0.6390099734375 0.925940375 0.6221094093749999 0.8984405453125 0.6349250093750001 0.8965277687500001 0.6404589546875 0.9046010984375 0.6577293328125 0.9008372874999999 0.6758735640625 0.9068225546875001 0.68757709375 0.910606203125 0.6896893359375 0.9179464015625 0.685864921875 0.9253185765625 0.6587321421875 0.9248125484375 0.645686246875 0.9276039859375 0.641963171875 0.944165175 0.6520887671875 0.9489311234375 0.6499080890625
0 0.9552394281250001 0.5997354140625 0.9582061515625 0.6071131265624999 0.9655044531250001 0.6164688453125 0.9678714375 0.6270326859375001 0.9741257046875 0.6336049859374999 0.9760543359374999 0.634540490625 0.9737883281249999 0.584821796875 0.9571003843750001 0.5972533624999999 0.9552394281250001 0.5997354140625