0 0.8821793296875 0.4942459515625 0.8670590515625 0.48043795625 0.8548138249999999 0.47409124687500004 0.8466099109374999 0.47464812187499994 0.84319125 0.48301514687499997 0.84397525625 0.48726867343749997 0.8586331406250001 0.49919394375000004 0.8650470484375001 0.508329121875 0.8710992765625001 0.51174651875 0.9021249250000001 0.5192110609375 0.91471234375 0.5173995796875 0.9162608656250001 0.512030665625 0.9060265515625 0.5021977625 0.8936405515624999 0.4963391328125 0.8821793296875 0.4942459515625
0 0.79464963125 0.443691996875 0.784746675 0.4431678828125 0.7721798343749999 0.43445036718749996 0.7607186109375 0.432357184375 0.7525146953124999 0.432914059375 0.7507246890625 0.44260611250000004 0.7603558390625 0.45104437812500003 0.781126596875 0.4592050171875 0.7910392953125001 0.46666711406249994 0.803706846875 0.471549578125 0.8298270453125 0.461163059375 0.8322202171875 0.45286564531250006 0.8262686984375 0.44561319062500004 0.8099215171875 0.43954491874999996 0.796730928125 0.43996176093750006 0.79464963125 0.443691996875
0 0.7170323640625 0.4165001859375 0.712850275 0.41008467968750006 0.703681515625 0.4035291390625 0.671208053125 0.39759845625 0.6462140562500001 0.40408030781250004 0.6451679875 0.414678915625 0.6558246249999999 0.42304757187500003 0.6700807656250001 0.425908090625 0.6800140421875 0.4228411890625 0.7105372359375 0.42507603749999995 0.71665010625 0.42131140624999996 0.7170323640625 0.4165001859375
0 0.58977563125 0.432649271875 0.584086175 0.4105446796875 0.57594290625 0.40391952968749995 0.56518555625 0.39938592968750003 0.5570217093750001 0.40328978125 0.548786928125 0.41964015625 0.5399695609374999 0.42406689374999995 0.5402305328125 0.43361972812499994 0.5526565999999999 0.44282533125 0.5619260703125 0.4455458140625 0.586356971875 0.44101629375 0.58977563125 0.432649271875
0 0.7033496796875001 0.47788324062500004 0.6967949953125 0.46923614843749994 0.6842682171875001 0.463865603125 0.6650048296875 0.4713940484375 0.6608422296875001 0.4788545125 0.6600170671875001 0.49565898593749996 0.6669940750000001 0.502841828125 0.6776106484375 0.5078635078125 0.6866992749999999 0.5077251046875 0.6907113578125 0.49381473593749997 0.7008157296874999 0.48666873749999995 0.7033496796875001 0.47788324062500004
0 0.8102593484374999 0.5290066140625 0.8041670562500001 0.52224224375 0.767149825 0.5041782765625 0.7498973484375 0.5082205265625 0.754964153125 0.515054509375 0.751183809375 0.5177037531249999 0.761237284375 0.5246777671875 0.773543153125 0.5238424515625 0.7868539359375 0.5334665249999999 0.7995214890625 0.5383489859374999 0.809032440625 0.5367463328125 0.8102593484374999 0.5290066140625
0 0.8983496234375 0.5512602109375 0.8612511703125 0.5509072671874999 0.8522015187499999 0.578797615625 0.8640244218750001 0.586608578125 0.8787028859375001 0.5880048484375 0.8843132984375 0.5790105234375 0.8820013484375 0.5695969109375 0.8962574890624999 0.5724574296875 0.9029735249999999 0.5700874390624999 0.9093073 0.5725286703125 0.9144953890625 0.56499859375 0.9126858953125 0.560814675 0.9055681140624999 0.5541199156250001 0.8983496234375 0.5512602109375
0 0.8393119703125 0.592114265625 0.8220194281250001 0.5928095453125 0.8207524562499999 0.5972022953125 0.825779190625 0.6006893015625 0.828935790625 0.6071744171875 0.84075869375 0.6149853796875 0.85254153125 0.6194493671875 0.8735732593750001 0.6371628421875 0.8884726296875 0.644764975 0.9024472187500001 0.6486016609374999 0.9037943265624999 0.65090285625 0.910551515625 0.627474865625 0.9105114500000001 0.624127890625 0.8893985000000001 0.624125446875 0.882743109375 0.619313409375 0.8791241203125001 0.6109455703125 0.8742381609375001 0.6069704812500001 0.8620329953124999 0.6039707421875 0.8528642359375 0.597415203125 0.8393119703125 0.592114265625
0 0.7699425640625 0.55375555625 0.7515844656249999 0.5511734749999999 0.7368659359375 0.54643023125 0.7300091281250001 0.5492883046875 0.7277567312500001 0.5570976359375 0.73207959375 0.5630250578125 0.7459534750000001 0.5706968015625 0.7696198578125 0.575789721875 0.7860071078125 0.5852049671875 0.8018919015625 0.5893905187499999 0.8086079375 0.5870205296875 0.80909090625 0.57837425 0.795920896875 0.56826209375 0.7699425640625 0.55375555625
0 0.6908607890625 0.5246696109375 0.6700293875 0.5236909984375 0.65760331875 0.514485396875 0.62901090625 0.5020704140625 0.6235012015625 0.5072296828125 0.629492784375 0.517829109375 0.6380984468750001 0.52633698125 0.6613825703125 0.5362411265625 0.6715768203125 0.5427270562500001 0.7037286671875 0.5462869343750001 0.708675271875 0.5430799984375 0.7087359171875 0.535897971875 0.70501621875 0.5313651875 0.6908607890625 0.5246696109375
0 0.5567045875 0.446219903125 0.5518987562500001 0.4489387546875 0.5488417765625 0.46302355625 0.5309861328125 0.46567117031249994 0.5288745109375 0.4729924171875 0.5331973750000001 0.478919840625 0.539852765625 0.48373187812499996 0.5548528453125 0.48749895312499997 0.5637606328125 0.48450166250000004 0.580208528125 0.48673487968750007 0.583808028125 0.4812267453125 0.5821198203125 0.462678771875 0.5751027484375 0.45214895468750005 0.5627167453124999 0.4462903265625 0.5567045875 0.446219903125
0 0.4601494265625 0.4149703484375 0.441932103125 0.411900184375 0.4325619265625 0.41301475468750004 0.42737383749999996 0.4205448328125 0.42847945625 0.42716916562499996 0.43429019843749994 0.43490970156250003 0.450074284375 0.442930309375 0.4587405890625 0.444256153125 0.48242645937499995 0.46322504843749995 0.495516334375 0.46664326093749997 0.5048865124999999 0.46552869062499996 0.5081449124999999 0.443773778125 0.5036412078125 0.4349874640625 0.4853437546875 0.4252233578125 0.48138257187500005 0.42501371250000003 0.47235458750000003 0.417970090625 0.4753909890625 0.4144142890625 0.46314576250000006 0.408067578125 0.4601494265625 0.4149703484375
0 0.5146336203125 0.39975479375 0.5192185453125 0.390830078125 0.507958740625 0.3810667859375 0.4829051875 0.3703256953125 0.4798893640625 0.36335249531249997 0.4727715828125 0.35665773437500004 0.4575906625 0.3500317671875 0.4511561765625 0.35142559375000004 0.461912434375 0.3803641640625 0.4666576203125 0.38482733593749996 0.5146336203125 0.39975479375
0 0.3275944890625 0.2505808796875 0.30983955625 0.249393434375 0.30507379375 0.25545926093750004 0.3066017390625 0.2606193484375 0.31283480625000004 0.266895634375 0.3287596625 0.27442815625 0.34138715 0.275963646875 0.34619297968749996 0.2732447921875 0.3633642375 0.28691356562500003 0.371326665625 0.290679828125 0.38395415312500003 0.29221531875 0.3869504890625 0.28531254375000004 0.3806773546875 0.275689284375 0.363686940625 0.2648794 0.3591832390625 0.2560930875 0.3528093953125 0.250304884375 0.34484696875 0.2465386234375 0.3361806625 0.24521277812500003 0.3275944890625 0.2505808796875
0 0.3576187703125 0.3172914421875 0.348128396875 0.3083650953125 0.33662710625000003 0.3029249390625 0.3266537640625 0.3026448703125 0.3240797515625 0.30808339687499997 0.32621086093749996 0.314638121875 0.34289915 0.33695317187499996 0.356451415625 0.34225410625 0.3617997671875 0.348111921875 0.37730230468750003 0.3571086921875 0.3894673984375 0.35676145937500003 0.3900911421875 0.3476271 0.37999760312499997 0.3373061125 0.3670485015625 0.33339981875 0.360393109375 0.32858778125 0.3576187703125 0.3172914421875
0 0.364163228125 0.40266344375 0.35644228125 0.39457404375 0.3486011390625 0.37644372812500004 0.3383668234375 0.36661082500000003 0.3295196796875 0.362426090625 0.3211749921875 0.36347105 0.3199080171875 0.3678637984375 0.32531592656249997 0.39094455625 0.344618290625 0.4111680578125 0.35229916875 0.4159104828125 0.363901165625 0.41751558125 0.36629433906250003 0.40921816875 0.364163228125 0.40266344375
0 0.4234711203125 0.461963103125 0.41446262031250003 0.46879545 0.3963254296875 0.47241923124999996 0.3962647875 0.47960125781249996 0.40503070937499996 0.5014970203125 0.41540579843750003 0.5108418421875001 0.42923961562499996 0.515166609375 0.434930159375 0.5128662281249999 0.43834881875000004 0.50449920625 0.43501137968750003 0.49515520156250004 0.44695557187499996 0.4886021078125 0.44963029218750006 0.4793285296875 0.4423316703125 0.4697748796875 0.4234711203125 0.461963103125
0 0.5523178093750001 0.5206894234375 0.5394694171875 0.5129480734375 0.5280081937500001 0.5108548890625 0.523000946875 0.521243853125 0.527403940625 0.5338652203125 0.5191393843750001 0.5416041265625 0.5194404203125 0.5545039328125 0.5305193828125 0.5614083359375 0.543006096875 0.563431909375 0.5549502859375 0.5568788171875 0.566230665625 0.55611310625 0.5686238375 0.547815696875 0.558530296875 0.537494709375 0.5523178093750001 0.5206894234375
0 0.6790207296874999 0.606501875 0.67658858125 0.5870473453125 0.6799065343749999 0.582515378125 0.666454978125 0.5733793890625 0.6548129171875 0.5684273171875 0.6442364046875 0.56675260625 0.6426478171875 0.5687745484375 0.61777510625 0.5608923453125 0.6089062921874999 0.5916415828125 0.6368348984375001 0.60984395625 0.6716203078125 0.6251882546875 0.6790207296874999 0.606501875
0 0.7423595781250001 0.6065092171875001 0.74010718125 0.614318546875 0.7384980140625 0.6268694875 0.7442686921874999 0.631263053125 0.744509084375 0.651344884375 0.7506013765625 0.65810925625 0.7601924609374999 0.663200546875 0.7720760078125 0.6638294796875 0.7784704265625 0.6590886828125 0.7869970453125 0.6364976390625 0.7791753921875 0.6322432953125 0.7713743125 0.6174599515625 0.7616023875 0.609509771875 0.7487940609375 0.6051153921875 0.7423595781250001 0.6065092171875001
0 0.8504560906249999 0.646545896875 0.8497922843750001 0.6523332859375001 0.8414876609374999 0.6567252171875 0.8367013140624999 0.6733200421875 0.8394355906250001 0.681269409375 0.854173609375 0.6998886234375 0.868329040625 0.7065841984375 0.8793278718750001 0.7067946578125001 0.879529290625 0.6991245484374999 0.8915536109375 0.6992653984375 0.901225915625 0.6866456624999999 0.903719796875 0.67451319375 0.9010255890625001 0.6699108 0.8942294234375 0.6655868484374999 0.8504560906249999 0.646545896875
0 0.8461576000000001 0.736033271875 0.8652167875 0.7417724625 0.8702187374999999 0.7289687296875 0.8407911312499999 0.717577540625 0.8240397375 0.725571434375 0.817906290625 0.7398650625000001 0.818690296875 0.74411859375 0.8274367312500001 0.752138384375 0.8362838765625 0.7563231187499999 0.845231728125 0.7566727984375 0.85013826875 0.7501188875 0.8461576000000001 0.736033271875
0 0.7740939828125 0.6930721703125 0.7381423078125 0.678285565625 0.7354480984375 0.673683171875 0.7165875453125 0.6658713953125 0.7085644734375001 0.6692871609375 0.69501220625 0.663986225 0.6891202437499999 0.6739567171874999 0.6974844203125 0.686787728125 0.7538646609375 0.7178931687500001 0.7656074312500001 0.7190101859375 0.7759424546875 0.7250080343749999 0.7818950625000001 0.7078555125 0.7726862375 0.6979529999999999 0.7740939828125 0.6930721703125
0 0.655105315625 0.6454834 0.641412275 0.640670546875 0.62488425 0.631743384375 0.612819865625 0.6282555624999999 0.5951049984375001 0.6304150921875 0.59257105 0.6392005890625 0.5961499734375 0.6442214546875 0.6048563453125 0.6488942734375 0.629085825 0.6520348625 0.649896646875 0.663542471875 0.66103625625 0.6632648515625 0.6634294281249999 0.6549674375000001 0.655105315625 0.6454834
0 0.5404952765625 0.5757416265625 0.53048186875 0.572114584375 0.5222779515625 0.5726714625 0.51154009375 0.582013834375 0.4996565484375 0.5813849015625 0.49485071718749996 0.5841037546875001 0.49334226093750005 0.5928196421874999 0.5013848203125 0.6032798484375 0.516807225 0.605582675 0.53699539375 0.6018196765625 0.5483364203125001 0.59387194375 0.550307265625 0.5870387796875 0.5404952765625 0.5757416265625
0 0.4163773125 0.5307103890625 0.3903383359375 0.5233858796875 0.390458534375 0.5334268 0.386818965625 0.535587959375 0.38969401718749996 0.5430492421875 0.40664436562499995 0.550512153125 0.40941870625 0.561808490625 0.41518938125 0.5662020546875 0.448024525 0.5778505171874999 0.4571737984375 0.570530084375 0.464252603125 0.5494729046875 0.462543815625 0.5414539281249999 0.427155240625 0.5247149875 0.42984944843750006 0.52931738125 0.4163773125 0.5307103890625
0 0.3147923875 0.47286594531250004 0.30612608125 0.4715401 0.2984646921875 0.48067364531249995 0.287787471875 0.4828339921875 0.2792413671875 0.4915490625 0.28263945 0.49371104062500004 0.28716373281249996 0.491968353125 0.29922811875 0.4954561734375 0.30904010937500004 0.5067533281250001 0.32464335312500003 0.51191504375 0.3301931234375 0.510102746875 0.33381320312499996 0.49406561406250005 0.333733071875 0.4873716671875 0.32764077812500003 0.48060729843749994 0.3147923875 0.47286594531250004
0 0.41064040312500005 0.5797708328125 0.40245706718749996 0.569798709375 0.3759556984375 0.560591478125 0.35540585 0.5586366968750001 0.3518464140625 0.5674918046874999 0.35699335 0.5810197265625 0.395156265625 0.6090550046875001 0.397106534375 0.612750840625 0.4154039890625 0.62251495 0.4223008640625 0.6230038484375 0.42851444218749996 0.6154041625 0.42610178281250005 0.6098256015625 0.41064040312500005 0.5797708328125
0 0.48429260625000004 0.620709990625 0.47665179375 0.6193145375 0.4706796984375 0.6225910828125001 0.4728508734375 0.632492778125 0.48439222656250003 0.6412799062500001 0.498648365625 0.6441404265624999 0.5051629828124999 0.64944055 0.5059870531249999 0.6570410484375 0.5145927125 0.6655489218749999 0.532427778125 0.6734303078125 0.5398877515625 0.6719668734375001 0.5406923328125 0.6656914031250001 0.5205658984375 0.637867403125 0.48429260625000004 0.620709990625
0 0.6241781953125 0.6829937421875 0.600471746875 0.67455385 0.5760007796875 0.6757363984375 0.570671915625 0.68375455625 0.5802023546874999 0.696027875 0.5988820671874999 0.7009807640625 0.6109865203125 0.7078155578125 0.6139828578125 0.7009127859375 0.6244586546875001 0.70642255 0.63666381875 0.7094222890624999 0.647481809375 0.7067738609374999 0.64744174375 0.7034268875 0.64428514375 0.696941771875 0.6241781953125 0.6829937421875
0 0.7300418015625 0.7447157265625 0.719143678125 0.7406702125 0.691395915625 0.725326728125 0.68053785625 0.724628184375 0.6767575171875 0.7272774281250001 0.6781847515625 0.7362725703125 0.6888413921875001 0.7446412234374999 0.7022528828125 0.750430240625 0.724711846875 0.77713885625 0.7391488265625 0.7828582671875 0.7454024703125001 0.778605553125 0.7459255046875 0.7733062484375 0.739049209375 0.7622883484375 0.735671703125 0.749597371875 0.7300418015625 0.7447157265625
0 0.8498605093749999 0.796398421875 0.8192171187499999 0.7841226578125 0.8146127062499999 0.7791714015625 0.799994884375 0.770593103125 0.7883928890624999 0.768988003125 0.7836271234375001 0.7750538296875 0.789156315625 0.783770534375 0.79567093125 0.78907065 0.82313714375 0.8053903015625 0.855369121875 0.8156441265625001 0.8619443828125 0.8137622171875 0.8622865734375 0.8056040234375 0.8498605093749999 0.796398421875
0 0.73238945625 0.8550962015625 0.7476104421875001 0.8650691406250001 0.7662701234375 0.868348540625 0.8142661515625 0.884949484375 0.8103255484374999 0.8742108406250001 0.8150306703125001 0.8753270390625 0.8201180499999999 0.8716320203125001 0.8210634078125001 0.8648684640625 0.8284226734375 0.8672400859374999 0.832946953125 0.8654973968749999 0.8351993500000001 0.8576880687499999 0.8326459156249999 0.8525975921875 0.8031287265625 0.8364171625000001 0.775923484375 0.8296503453125 0.7608833390624999 0.8225362984375 0.74159936875 0.840593740625 0.73238945625 0.8550962015625
0 0.7169692328124999 0.803983428125 0.7093890625 0.7954059453125 0.70184895625 0.7901754375000001 0.6886183046875 0.78724530625 0.6825855671875 0.7977038796875 0.692859946875 0.8108837578125 0.6878526968750001 0.821272721875 0.6898830984375001 0.831662503125 0.70920604375 0.8413570015625 0.7134487734375 0.8405904796874999 0.71966235 0.8329907953125 0.72229700625 0.8203702406250001 0.7169692328124999 0.803983428125
0 0.4834252015625 0.6829774343749999 0.4750404453125 0.6806754203125001 0.47317030937500004 0.6836735296875001 0.47600529218750004 0.687787840625 0.4710586859375 0.6909947765625 0.4758439390625 0.6988049234375 0.48012673906250003 0.7013853734375 0.4907627984375 0.720283028125 0.5000723328125 0.7263504843749999 0.5084570875 0.728652496875 0.5132629171875001 0.72593364375 0.5140675 0.7196581703125 0.5071110703125 0.701946328125 0.4967760484375 0.6959484796875001 0.4834252015625 0.6829774343749999
0 0.409692865625 0.6353443296875 0.40388212343749996 0.62760379375 0.3923808359375 0.622163640625 0.3813820015625 0.6219531796875 0.369277165625 0.6313883421875001 0.353391665625 0.63533780625 0.3506768796875 0.6412644140625 0.35415509218749996 0.650120334375 0.3731964890625 0.6607910015625 0.373156421875 0.6574440265625 0.3970242234375 0.654866840625 0.409692865625 0.6353443296875
0 0.2731880515625 0.5125366390625 0.2607013421875 0.5105130640625 0.25400479374999996 0.5267590265625001 0.2499028359375 0.5270374640625 0.24978154843749997 0.5414015203125 0.244351975 0.5532547359375 0.25599403593750003 0.5582068062500001 0.258969796875 0.5618330328125001 0.2815099828125 0.570830621875 0.28362160468750003 0.5635093734375001 0.30107549843750003 0.5517970125 0.304212609375 0.544406153125 0.2928120296875 0.5351309421875 0.28961536718750003 0.52529885625 0.28012499218750003 0.5163725109375 0.2731880515625 0.5125366390625
0 0.1719391734375 0.5453522421875 0.17129485625000002 0.565015603125 0.1669514140625 0.569617178125 0.1578627859375 0.5697555828125 0.167433290625 0.5853758734375 0.1808848484375 0.5945118671875 0.230167884375 0.6083935453125 0.234089 0.6052562171875 0.22888142500000003 0.598910321875 0.2330039578125 0.588102884375 0.24933165625 0.5802951843749999 0.24991533281249997 0.5678138546875 0.22725495156250003 0.5487753484375 0.221282853125 0.5520518953125 0.20483496093750003 0.5498186765625 0.20091384375 0.5529560046875 0.187643128125 0.5466789015625 0.1865375078125 0.54005456875 0.1822547109375 0.53747411875 0.1719391734375 0.5453522421875
0 0.263349190625 0.66076655625 0.2417749421875 0.634476415625 0.23129914375 0.6289666515625 0.2204410828125 0.6282681078125 0.217303971875 0.6356589640625 0.2232955578125 0.646258390625 0.22321433750000003 0.6639694171875 0.228884303125 0.672198034375 0.2411295296875 0.6785447484375 0.25096209687500004 0.6793129015625 0.2618407328125 0.6694824453125 0.263349190625 0.66076655625
0 0.3292206484375 0.6738251328125 0.3189657546875 0.6745212265625 0.3177388484375 0.6822609500000001 0.3267061890625 0.6964866015625 0.3226443 0.7001120125 0.3220205546875 0.7092463734375001 0.3300230515625 0.7163596046875 0.34371609062499997 0.7211724578125 0.3520207140625 0.716780525 0.357410221875 0.7015803390625 0.3504332171875 0.6943974953125001 0.3475581671875 0.6869362125 0.3413251015625 0.680659928125 0.3292206484375 0.6738251328125
0 0.43327475781249997 0.7313631953125 0.42577471874999995 0.7294796578125 0.42008417187499997 0.7317800390625 0.418575715625 0.740495925 0.42354180937499997 0.7511649593749999 0.41843385 0.7653889796875 0.423078328125 0.7736872109374999 0.4281050640625 0.7771742140625 0.44091339375 0.7815685953125 0.45112821875 0.7775255265625 0.4561961109375 0.7599545328125 0.45044601249999994 0.7450319703125 0.442865840625 0.7364544875 0.43327475781249997 0.7313631953125
0 0.059528231249999994 0.6401607625 0.0583013234375 0.64790048125 0.0626642515625 0.657174878125 0.0752310921875 0.66589239375 0.089868403125 0.6883466640625 0.10346073281249998 0.696994571875 0.11506273125 0.698599671875 0.1227436109375 0.7033421015625 0.1332800515625 0.7016698375 0.1431526859375 0.7057849609375 0.1472546421875 0.7055065234375 0.15190020937499998 0.6893997796875 0.15314769687500002 0.6711310609375001 0.12003100468750001 0.6604587640624999 0.111606184375 0.6548097796875 0.10102967812500001 0.6531350703125 0.0945757046875 0.6406529234375 0.086613275 0.6368866609375 0.08035963125 0.641139371875 0.0662442640625 0.637790771875 0.059528231249999994 0.6401607625
0 0.09192815 0.626891696875 0.09586875624999999 0.6376303421875 0.10421344375 0.6365853796875001 0.1240994875 0.6443275484375001 0.129226934375 0.6439795015625001 0.13928040625 0.650953515625 0.1551652 0.6551390640625 0.16145890937500001 0.6542333234375 0.15993096874999999 0.6490732375 0.16572221874999998 0.6429378015625 0.1748108484375 0.642799396875 0.17776711875 0.6325496515625 0.168135971875 0.624111390625 0.1318626765625 0.6069539749999999 0.11028733906249999 0.6050688078124999 0.09900695625 0.6058345140625 0.0958297796875 0.6098783984375 0.09192815 0.626891696875
0 0.237439471875 0.7131707234375 0.1923591015625 0.695175546875 0.18049613281250002 0.6840176140625001 0.175227909375 0.6848537453125 0.17026072812499998 0.6985896828125 0.172431903125 0.7084913796875 0.1809974984375 0.71365228125 0.21928170468750002 0.7273235 0.22983763281249997 0.7395272125 0.2438522875 0.7467108703124999 0.25573583437499997 0.747339803125 0.25901371875 0.7394608625 0.2537660765625 0.7297679968749999 0.237439471875 0.7131707234375
0 0.34803733281250004 0.75847846875 0.3355105546875 0.7531079218750001 0.3252556609375 0.7538040203125 0.3194644078125 0.7599394562499999 0.3205700296875 0.7665637921874999 0.2999996 0.7751380125 0.298310303125 0.7809950109375 0.3017484515625 0.786503959375 0.3238663140625 0.796965796875 0.34550229374999997 0.7916689359375 0.35016735 0.789438165625 0.355054403125 0.769008284375 0.34803733281250004 0.75847846875