0 0.1572722703125 0.6369257546875 0.1261184890625 0.6372135109375 0.1142463390625 0.642049059375 0.1136015953125 0.6476612187499999 0.12504660781250002 0.6547524515625 0.1379401015625 0.6574441828124999 0.149343346875 0.65669020625 0.1661383046875 0.6664656265625 0.1789731859375 0.6696675546875 0.1868098015625 0.6671241171875 0.1887858 0.65813285 0.1873541640625 0.65417694375 0.1713043328125 0.6461243765625 0.16366040312500002 0.63878181875 0.1572722703125 0.6369257546875
0 0.24175563437499997 0.6613546984374999 0.22874491406250003 0.65968335625 0.20515960781249998 0.6761792734375 0.20416318437499997 0.6848526109375 0.21106199062500003 0.6904723140625 0.2278151796875 0.6924025234375 0.24049106718750002 0.688779634375 0.24191024218749999 0.6846352328124999 0.2515594796875 0.6827314265625 0.265080871875 0.6881664078124999 0.2764841171875 0.687412428125 0.28432073281250003 0.6848689921875 0.28451341874999997 0.6749829953125001 0.27387214531250004 0.6691044203125001 0.2525141359375 0.6662128765625 0.24175563437499997 0.6613546984374999
0 0.355952425 0.6770107546874999 0.32611305625 0.6822748078124999 0.320804878125 0.68743583125 0.321198325 0.6922198640625 0.3262552015625 0.697455034375 0.336151353125 0.701610753125 0.368460546875 0.6994744796875 0.3915769515625 0.6870601328125 0.3909072859375 0.6764716749999999 0.37928643281249996 0.6709110296875 0.3650616828125 0.6715984046875 0.355952425 0.6770107546874999
0 0.475810384375 0.626471040625 0.4664249046875 0.6260789640625 0.4435429578125 0.6364525265625 0.44156695625 0.6454437921875 0.45056706406249997 0.6656078625 0.45948363593749997 0.670081509375 0.470593815625 0.6718785140625 0.47786114687500003 0.66608163125 0.4832238984375 0.648132396875 0.49103963124999994 0.64166635625 0.4892731640625 0.6324162171875 0.475810384375 0.626471040625
0 0.3360382515625 0.5958812250000001 0.33436777812499996 0.6104218203125 0.325739884375 0.6198529078125 0.324684846875 0.6290364421875 0.332387390625 0.6358688046875 0.3453394984375 0.638050340625 0.362754278125 0.626012984375 0.36559262812500004 0.6177241796875 0.36372578125 0.601139028125 0.3558473984375 0.5958372546875 0.34479583125 0.5935300546875 0.3360382515625 0.5958812250000001
0 0.2352092046875 0.5952063546875 0.2221984859375 0.593535015625 0.2132650640625 0.597416775 0.21330683281249999 0.6052619875 0.2202642515625 0.61037149375 0.25888611875 0.6189568875 0.2749110328125 0.610808834375 0.268933190625 0.6053813984375 0.2721649859375 0.6018766265625 0.261347871875 0.5975286421875 0.2495929484375 0.601343796875 0.2352092046875 0.5952063546875
0 0.1172335234375 0.587817240625 0.11072816249999999 0.586981571875 0.106910234375 0.5955883046875 0.1093214484375 0.5992262828125 0.11725844375000001 0.6040178593750001 0.12468476718749999 0.6050457953125 0.1605774390625 0.596343575 0.16489796406249999 0.56694445625 0.15223892187500002 0.5622119375 0.13783833125 0.5644299015625001 0.133844565625 0.574567225 0.13757018906250001 0.583181503125 0.1233454375 0.5838688765625 0.1172335234375 0.587817240625
0 0.11940290625000001 0.511472515625 0.10529538281249999 0.5111394984375 0.10362929375 0.5092243765625 0.10081586406250001 0.5337138 0.10138515 0.5369672453125001 0.12178042656250002 0.5318213093749999 0.1289722984375 0.53489003125 0.1337947234375 0.5421659859375 0.13914466718750002 0.544850175 0.1514102640625 0.5447986593749999 0.1613064140625 0.548954378125 0.1752380984375 0.550817984375 0.19183229375 0.545923375 0.19235981093750001 0.5413316078125 0.18695125625 0.5391576171875 0.1828739546875 0.533604515625 0.1702149125 0.5288719984375 0.1581251578125 0.527392925 0.1350006796875 0.5152512453125 0.11940290625000001 0.511472515625
0 0.2278253453125 0.54455616875 0.21181727968750003 0.5443488140625 0.205705365625 0.548297178125 0.20660948281249997 0.556844853125 0.2209346140625 0.5634924921875 0.2483290765625 0.5713012749999999 0.266472134375 0.5693421812499999 0.28144200937499997 0.5703776609375 0.2876125375 0.5659191031249999 0.28855034687500003 0.5577559609375 0.28343485625 0.5530309875 0.2688166609375 0.548934328125 0.24514781874999997 0.549739825 0.2278253453125 0.54455616875
0 0.3450976671875 0.5580676390625 0.313474984375 0.5624369625 0.3092049984375 0.566769859375 0.31028495624999997 0.5737869453125 0.3145967078125 0.5772992593749999 0.3293321296875 0.5803755265625 0.3496101828125 0.576249984375 0.36307296093749997 0.5821951609375 0.39266103124999996 0.5873272984375 0.397165471875 0.58095361875 0.38969737968749996 0.5720804687500001 0.3800356828125 0.565883965625 0.35597339375 0.5619054265625001 0.3450976671875 0.5580676390625
0 0.45847722187500006 0.5885453375 0.44223470625 0.5903787687500001 0.43963080625 0.5966267875 0.44420193281250003 0.6142989359375 0.4526496015625 0.622854153125 0.465543096875 0.6255458859374999 0.47136194375 0.6241485046874999 0.47557331875 0.6203258046875 0.476293521875 0.6058480390625001 0.4931221703125 0.598912646875 0.4940013671875 0.591259703125 0.4888858765625 0.586534728125 0.48169400468749995 0.58346600625 0.4666069046875 0.5834509171875 0.45847722187500006 0.5885453375
0 0.5404180859375 0.589456446875 0.5272315265625 0.5893156953124999 0.5183567203125 0.592687259375 0.5186578609375 0.6146923046875 0.52440125 0.6221605265625 0.543624265625 0.62721851875 0.5474839593749999 0.6264569953125 0.557321496875 0.6311229109375 0.5549520515624999 0.63533014375 0.5677869328125 0.638532071875 0.5695870921874999 0.63107139375 0.5876715390625 0.6296224968749999 0.59654634375 0.6262509328125 0.600364271875 0.6176441984375 0.598246125 0.611455240625 0.59140593125 0.6053253390625 0.574887196875 0.60135434375 0.5663054546875 0.6021749265625 0.5404180859375 0.589456446875
0 0.573370025 0.6652414640625001 0.5680786953125 0.66204708125 0.5193679890625 0.6591919640625 0.5163537984375 0.6690113578125 0.5287783875 0.6757846609375 0.5546826015625 0.6801477328125001 0.558701290625 0.686211028125 0.5666382859375 0.69100260625 0.582353284375 0.6937609421875 0.5883479734375 0.690832971875 0.573370025 0.6652414640625001
0 0.6833809093750001 0.732322821875 0.6750922359375 0.7305924234375001 0.6626507984375001 0.7321745281250001 0.6608506390625 0.73963520625 0.66843595625 0.7474879624999999 0.68656216875 0.753884275 0.69230555625 0.7613524968750001 0.699380203125 0.7654416125 0.707668878125 0.7671720109375 0.71625061875 0.766351428125 0.7236937890624999 0.7590239578125 0.7410331078125 0.7558522046875 0.7446751968750001 0.748776059375 0.7423812109375 0.7441176890625 0.7353651765625 0.739518378125 0.7187878296875 0.73605758125 0.70634639375 0.737639684375 0.7021350203125001 0.741462384375 0.6833809093750001 0.732322821875
0 0.675190640625 0.6722744656249999 0.6587891296875 0.667283078125 0.64709281875 0.6705880375 0.6479383234375 0.6796459078125 0.659324721875 0.6872473375 0.67245266875 0.687898284375 0.6796445421875 0.69096700625 0.6841152890625 0.7013041390625 0.69469795 0.707692909375 0.7066704781250001 0.7101923765625 0.7163490234375 0.7080334703125 0.7179733453125 0.7021033812499999 0.71487561875 0.696232353125 0.6952173921875 0.678545115625 0.6812857078125 0.676681509375 0.675190640625 0.6722744656249999
0 0.6817917328124999 0.606606665625 0.673620284375 0.603855871875 0.6621584265625 0.605120046875 0.6611620031250001 0.613793384375 0.664259728125 0.6196644140625 0.6730004609375 0.6256686515625 0.68344905 0.6414332218750001 0.6948940625 0.6485244531250001 0.7041037015625 0.6504471203125 0.7119989312499999 0.6473934875 0.7125264484375 0.6428017203125 0.7036435671875 0.62161725625 0.6817917328124999 0.606606665625
0 0.5764536 0.538466990625 0.5811588000000001 0.5467633390625 0.570659671875 0.5560649921875 0.5695460234375 0.5657587203125 0.57811091875 0.5732935484375 0.5975683843749999 0.5763107515625 0.60518739375 0.56745269375 0.6221332687500001 0.5594969062499999 0.6210533109374999 0.552479821875 0.6091144749999999 0.533269540625 0.5976108484375 0.5266885046875001 0.5835619390625 0.5258452890624999 0.5784296015625 0.529475725 0.5764536 0.538466990625
0 0.46601339375000006 0.50652939375 0.455514265625 0.5158310484374999 0.44473892031249995 0.5193282734375 0.443742496875 0.5280016109375001 0.45512889687499997 0.5356030406250001 0.4637941703125 0.5504728812499999 0.4774327890625 0.5548874703125 0.48883603437499995 0.5541334906250001 0.4920260625 0.5427835078125 0.485772003125 0.531551646875 0.4925286625 0.5219911234375 0.49019290781249997 0.509487540625 0.47839621718750003 0.5054574859375001 0.46601339375000006 0.50652939375
0 0.397882521875 0.4950952046875 0.3680182328125 0.4841586390625 0.3319834140625 0.47768063437499997 0.3277969609375 0.4977039546875 0.333230440625 0.516078565625 0.3307437671875 0.5213061921875 0.3451861234375 0.5269334375 0.3572172671875 0.5289227078125001 0.36769954843749997 0.5279764625000001 0.36891357812500003 0.525617746875 0.39418989375 0.527237571875 0.397882521875 0.4950952046875
0 0.2233932109375 0.470683596875 0.21873785156249997 0.4947884875 0.22696791562500002 0.4970290828125 0.23684721875 0.509540209375 0.2475471078125 0.5149085859375 0.2606164390625 0.5160697296875 0.2666111296875 0.5131417593750001 0.2675489390625 0.5049786187499999 0.2671137265625 0.49234937187499994 0.26084281875 0.48947291875000004 0.2574271078125 0.4699522515625 0.2504696890625 0.4648427421875 0.2403977 0.4622176140625 0.228818615625 0.46450218125 0.2233932109375 0.470683596875
0 0.1194246734375 0.45629248437500003 0.1077869765625 0.45908724999999995 0.10044418749999999 0.4737497359375 0.099958434375 0.48618671406249997 0.1032906125 0.490016959375 0.1105410953125 0.492575484375 0.155844165625 0.5004659593749999 0.1555679453125 0.49466153281249997 0.16289389062499998 0.4883544546875 0.1648867359375 0.47100777968749996 0.16098527499999998 0.46392409062500006 0.143796871875 0.4493646359375 0.12906145156249998 0.44628837031249996 0.1184033296875 0.4487652046875 0.1194246734375 0.45629248437500003
0 0.1521318359375 0.3899800625 0.14343286718749998 0.3918210375 0.13973216718749998 0.399407378125 0.1458103875 0.41216982968749993 0.1264896 0.41122178125 0.1236874953125 0.42492480937500005 0.15392005625 0.42885511249999997 0.16883448437499998 0.41697649531250003 0.17249342031249998 0.40154494218750003 0.1710617828125 0.3975890359375 0.161341475 0.3919027296875 0.1521318359375 0.3899800625
0 0.23784008750000002 0.40735065937500003 0.22631961718750002 0.40912503125 0.215385278125 0.4057974390625 0.212354240625 0.42397224062500005 0.222819675 0.43138140312499995 0.22223354374999998 0.436483365625 0.25930655156250004 0.44213324531250003 0.262638728125 0.4459634890625 0.282096196875 0.4489806953125 0.28930491406250003 0.44369401093749994 0.3032365984375 0.445557615625 0.307347590625 0.4343999 0.297233834375 0.42392956093749995 0.23784008750000002 0.40735065937500003
0 0.368815396875 0.44113397499999996 0.3468881046875 0.4349889875 0.3361713703125 0.43797601875 0.335174946875 0.4466493546875 0.3447194171875 0.4538662515625 0.358709715625 0.4552196609375 0.376090803125 0.45989312031249996 0.3882977859375 0.46035180000000003 0.405067821875 0.45392660312500005 0.4061228578125 0.44474306874999997 0.4018697171875 0.440720559375 0.39271869062500003 0.4382876953125 0.368815396875 0.44113397499999996
0 0.48463924062499997 0.4590449453125 0.46573421093749995 0.467636590625 0.4560388203125 0.47815090312499997 0.4552182375 0.48529365156250004 0.4664874109375 0.49391547343750003 0.4767352390625 0.4950100125 0.4845718546875 0.4924665765625 0.4934635078125 0.4807396046875 0.5050425921875 0.4784550375 0.5092539640625 0.47463233593750004 0.509329425 0.46576673281250003 0.49990217968749995 0.45752944375000004 0.48463924062499997 0.4590449453125
0 0.5554788828125 0.46931068125 0.547801259375 0.47867893749999996 0.5443013156250001 0.500935309375 0.5472232015625 0.5083369265625 0.5840617578125 0.5160275921874999 0.58072958125 0.5121973468750001 0.59352269375 0.5075540671875001 0.6198372015625 0.5083457640625 0.6181293453125 0.49858542968749997 0.6213025296875 0.4955908546875 0.6173424546875 0.4890173625 0.599785528125 0.48587449375 0.5953147796875 0.4755373609375 0.5890438734375001 0.4726609046875 0.5554788828125 0.46931068125
0 0.7010071375 0.5047377953125001 0.6851162984375 0.503510046875 0.6800425734375 0.506630284375 0.6790879171875 0.52314883125 0.6802264890624999 0.529655721875 0.6871839078125 0.5347652296875001 0.700822525 0.53917981875 0.7094042671875 0.538359234375 0.7153571859375 0.5275860515625 0.725328796875 0.5228761671875 0.7322026828125 0.5122952515625 0.728577440625 0.5110159890625 0.72448329375 0.5138182953125 0.712276309375 0.5133596171875 0.7010071375 0.5047377953125001
0 0.5799095078125001 0.4178095703125 0.5731696937499999 0.4190146859375 0.568372190625 0.42793934843750003 0.5715871406249999 0.4327899875 0.5912871359375 0.45832243437500003 0.6007729921875 0.466049525 0.6278326234375 0.4685640796875 0.64799345 0.46545892968749997 0.6500280625 0.45595746562499995 0.6429116500000001 0.44402314218749994 0.6016023500000001 0.42599534375000003 0.599132521875 0.4228675625 0.5799095078125001 0.4178095703125
0 0.477272225 0.40003935312500005 0.4587943359375 0.39670421562499997 0.45182007031250004 0.399950115625 0.45203767499999997 0.4062647390625 0.47589043281250004 0.42848468281249996 0.51364995 0.43636761249999995 0.5212521140625 0.4358649609375 0.526501678125 0.43121413437499995 0.5228346687500001 0.4220896609375 0.510292853125 0.41633675 0.496068103125 0.4170241234375 0.48893484374999996 0.41344520781250005 0.4869339234375 0.406235853125 0.477272225 0.40003935312500005
0 0.364663334375 0.3869790171875 0.3523977375 0.387030534375 0.3423675140625 0.3922506171875 0.3429368015625 0.3955040609375 0.3470141015625 0.4010571609375 0.36864833125 0.40975312812500003 0.3928864578125 0.41220108125 0.4163376921875 0.40508096406250005 0.42021423281250003 0.395964034375 0.40906228593750005 0.38632181875 0.3902327171875 0.38604785937499997 0.37745645 0.3823357375 0.3756562875 0.3897964140625 0.364663334375 0.3869790171875
0 0.256609421875 0.3424787796875 0.241756771875 0.3404229078125 0.23638998125000002 0.3460941265625 0.2367248140625 0.3513883578125 0.24511387031249998 0.36045377031250003 0.2503883546875 0.3720035640625 0.25660064843749997 0.3753902140625 0.2677694421875 0.376677021875 0.2970058328125 0.3848703390625 0.3076053421875 0.3829037 0.31083713749999997 0.37939893125 0.30803247968749997 0.37097691875 0.296411628125 0.36541627499999996 0.28253855625 0.3630424734375 0.256609421875 0.3424787796875
0 0.15705301562500001 0.33893499843749997 0.1242917625 0.336797434375 0.1182384625 0.3402356015625 0.11920119375 0.34827307812499997 0.1326639734375 0.35421825625 0.16421119687500002 0.3587145359375 0.169443915625 0.36241911718750003 0.18492446093749998 0.3672182390625 0.19638631875 0.3659540640625 0.20002840625 0.35887791875 0.193305440625 0.3517276265625 0.1861721828125 0.34814870625 0.15705301562500001 0.33893499843749997
0 0.142142453125 0.2799218625 0.1380483046875 0.28272416875 0.1371104953125 0.290887309375 0.14038405781250002 0.29522775 0.1714623796875 0.3038056015625 0.1988150765625 0.3037691734375 0.21447146093749997 0.3070377046875 0.23023699843749998 0.28472981875 0.2368346640625 0.268344478125 0.220550378125 0.262332696875 0.202005453125 0.263685459375 0.15301010625 0.25920362343750003 0.1585190421875 0.2687126296875 0.15379699687499998 0.268771690625 0.149468396875 0.273614784375 0.1496273890625 0.28043960156250003 0.142142453125 0.2799218625
0 0.261407621875 0.27608665625 0.25743070156250003 0.27786857187499997 0.252633196875 0.28679323437500004 0.2520888328125 0.29974041093750003 0.25983314375 0.314417984375 0.26851526406250004 0.3209324171875 0.27662809843749997 0.3241934046875 0.289873271875 0.32382395937499997 0.294042878125 0.312156046875 0.2820285828125 0.3018113703125 0.2852186109375 0.2904613875 0.281610215625 0.28082671875 0.261407621875 0.27608665625
0 0.4816601359375 0.3372186015625 0.47319562187499997 0.337018790625 0.46898424843750003 0.3408414921875 0.46920185468750003 0.3471561140625 0.4787294796875 0.36272841875 0.4896638203125 0.366056009375 0.5046168468750001 0.375446896875 0.5130813625 0.37564670625 0.51441261875 0.3722676015625 0.511021828125 0.3689475515625 0.5152918140625 0.36461465625 0.5094312000000001 0.3581668265625 0.50488499375 0.356695296875 0.4916148984375 0.34086412187500004 0.4816601359375 0.3372186015625
0 0.6146137656249999 0.3701992234375 0.6151830515625 0.373452665625 0.5925355531250001 0.38178544375 0.583392603125 0.4039086078125 0.5902327953125 0.41003850625 0.6022053265625 0.41253797187499996 0.6128634484375 0.41006113906249997 0.623060875 0.397910365625 0.6377800109375 0.3901861140625 0.63946294375 0.3837458296875 0.63469913125 0.3759596765625 0.6146137656249999 0.3701992234375
0 0.7174430359375 0.4355509046875 0.716563840625 0.44320385 0.7015602734375 0.458879184375 0.6997014984375001 0.46685006093750003 0.7121847015625 0.47311316562499994 0.7168312875 0.48191971093749997 0.7274139484375 0.48830848125 0.734723046875 0.49035681093749994 0.7471058703125 0.489284903125 0.75099925625 0.4718125640625 0.7549175640625 0.4705408453125 0.7527576515625001 0.45650667343749995 0.7561235187500001 0.443626103125 0.7440923749999999 0.441636834375 0.7406429718750001 0.43882698124999997 0.7174430359375 0.4355509046875
0 0.7638303140625 0.39534060625 0.7615612484375001 0.40688285312500005 0.7470265875 0.41847661875000003 0.7484413765625 0.43078793125 0.77334916875 0.4438243421875 0.7785987328124999 0.43917351718750003 0.7948412499999999 0.437340084375 0.798131659375 0.43332511875 0.8119461171875001 0.4362091171875 0.8140642640625 0.4423980765625 0.818610471875 0.44386960625 0.827326284375 0.433673225 0.8248315375 0.41434482343749995 0.8282977859375 0.4087992671875 0.8370553656249999 0.406448096875 0.825334134375 0.3935524375 0.810891778125 0.38792519062499997 0.76108426875 0.386408396875 0.757793859375 0.3904233640625 0.7638303140625 0.39534060625
0 0.73937464375 0.32068568750000004 0.7297547140625 0.322334396875 0.7208044484375 0.3345715640625 0.7207289890624999 0.3434371671875 0.745737159375 0.3638085921875 0.756730115625 0.36662598750000003 0.7673296203125 0.36465935 0.769188396875 0.356688475 0.7617203031249999 0.3478153296875 0.7589911046875 0.3305277125 0.7522095249999999 0.3238876171875 0.73937464375 0.32068568750000004
0 0.6261935484375 0.3104471953125 0.6233969640625 0.326581209375 0.6312753484375 0.3318829828125 0.635235421875 0.338456475 0.642251453125 0.34305578593749997 0.655027721875 0.3467679125 0.6648234921875 0.343588615625 0.664781725 0.335743403125 0.65386423125 0.324060403125 0.6572132546875 0.319535240625 0.6563677484375 0.3104773703125 0.6475097890625 0.30549352500000004 0.6335194921875 0.304140115625 0.6261935484375 0.3104471953125
0 0.53005355 0.26895661875 0.520827065625 0.275389359375 0.5187169953125 0.2937564265625 0.52663714375 0.3069034125 0.5353192640625 0.3134178453125 0.5453912546875 0.3160429734375 0.5529348046875 0.3160505171875 0.5580671421875001 0.312420084375 0.5581426015625001 0.3035544796875 0.5516540875 0.29436340156249996 0.55433344375 0.27924977968750003 0.5485314421874999 0.2722917546875 0.543122884375 0.2701177609375 0.53005355 0.26895661875
0 0.8398901921874999 0.2718405765625 0.8297009750000001 0.2702358421875 0.82578266875 0.2715075609375 0.8238484359375 0.2883440390625 0.82553944375 0.3064597796875 0.8592216609375001 0.3087896109375 0.8682554609375 0.312242865625 0.8787377421875 0.3112966203125 0.8869509578124999 0.321892625 0.8952396328125 0.3236230234375 0.900606421875 0.3179518046875 0.9147725578125 0.3177746265625 0.920884475 0.3138262625 0.92084270625 0.30598105000000003 0.9151579296874999 0.2980026328125 0.9016365375 0.29256765156250003 0.8839374640625 0.27424455625 0.86943649375 0.26912750625 0.8579746359374999 0.2703916796875 0.8498031890625001 0.2676408875 0.8398901921874999 0.2718405765625
0 0.8224836156249999 0.3296196828125 0.81786195 0.3370137578125 0.8091043687499999 0.339364928125 0.8078734937500001 0.35007905 0.8185147687500001 0.355957625 0.8562742875 0.36384055625 0.877414690625 0.3604174765625 0.8881900359375001 0.3569202484375 0.8906180953125 0.3522028203125 0.8916899781250001 0.334663878125 0.8861810406249999 0.3251548703125 0.8782858109375 0.32820850468749996 0.8578487671874999 0.325509228125 0.85295088125 0.3270988765625 0.8421337687499999 0.3227508921875 0.8261257046875 0.3225435375 0.8201896265625 0.32496131250000004 0.8224836156249999 0.3296196828125
0 0.7406151953125 0.25847581875 0.725938384375 0.25488935625 0.7143593015625 0.2571739234375 0.7124419140625 0.2656549953125 0.719047653125 0.273825678125 0.7374500859374999 0.28602641875 0.783849959375 0.29257857187499997 0.7970782843750001 0.30056453437499997 0.8020347828125001 0.2984646875 0.8046555281250001 0.2838612625 0.80098851875 0.2747367890625 0.7918961062500001 0.27179372812499997 0.75274671875 0.2678001015625 0.7406151953125 0.25847581875
0 0.6406789578125001 0.2254032046875 0.6206185125 0.23584336874999998 0.616465753125 0.23915587343750003 0.614983578125 0.26026618749999997 0.6234312453124999 0.26882140625 0.636383353125 0.27100294062499997 0.646179121875 0.26782364531249997 0.6508007890624999 0.2604295703125 0.6486826421874999 0.2542406109375 0.667194225 0.24086493281250002 0.6678975828125 0.23474257656250003 0.6637030546875 0.23020986875 0.6406789578125001 0.2254032046875