0 0.86381616875 0.85490238125 0.8510857218749999 0.83506485 0.8413907953124999 0.841084065625 0.82990385 0.8331147187499999 0.815992715625 0.8480437640625 0.8074588515625001 0.8478889203125 0.8047909359375 0.839058415625 0.80550415 0.8222560218750001 0.7937728671875 0.8110825609375001 0.7909422640625 0.79060771875 0.787418859375 0.7848252140625 0.7799644109375 0.786936540625 0.7742821765625 0.7766216953125 0.7534262921875 0.7694354531250001 0.7419591484375 0.7878808359375 0.7322642203124999 0.79390005 0.72293549375 0.8189878265624999 0.7186376375 0.8363378828125001 0.727945340625 0.8418849500000001 0.7307759421875 0.8623597937499999 0.740613146875 0.870094971875 0.7451955531250001 0.8802537031250001 0.742506609375 0.9020580421875 0.7449097765625 0.9097944921875 0.741609684375 0.937850940625 0.7360084859375 0.9476206625 0.7269247109375 0.9473877640625 0.7211608265625 0.945513146875 0.7201222359375 0.9390268640625001 0.6885940734375 0.9250433843750001 0.6815262359375 0.9441132171875 0.6810981875000001 0.9598996109375 0.6848863421875 0.9667761718750001 0.697045675 0.9621632375000001 0.7113831015625001 0.9696368015625 0.8186589718749999 0.9637918687499999 0.82704976875 0.9573738687500001 0.8370910984375 0.9440084828125 0.8391685828125001 0.9427186515624999 0.86381616875 0.85490238125
0 0.60646709375 0.948724159375 0.593045246875 0.9415366437499999 0.589603490625 0.9273139125000001 0.5897463796875 0.9125435187500001 0.5744100421875 0.9040277796874999 0.562495046875 0.9118448265625 0.5288482703125 0.9176336828125 0.527035840625 0.905755175 0.51182136875 0.913103884375 0.509194275 0.90005326875 0.503145228125 0.8991946499999999 0.4945093015625 0.909590090625 0.4881948921875 0.9361622031250001 0.47308186875 0.96148541875 0.46456841718749997 0.9592205203124999 0.4583362703125 0.948827621875 0.4516352453125 0.9584412296875 0.44625797343749996 0.9735251171874999 0.43880352499999997 0.9756364453125 0.436257471875 0.982670390625 0.4363856015625 0.983563221875 0.4969559890625 0.9813198734374999 0.6069252234375 0.97532819375 0.60646709375 0.948724159375
0 0.357904034375 0.7586136796875 0.36501208281249997 0.7638485234375 0.370287290625 0.7593149171875 0.3777213265625 0.7593136453125 0.385908790625 0.7668146578124999 0.3912854484375 0.7802555546875001 0.3884944453125 0.812610175 0.3937084171875 0.8144067343750001 0.39668129375 0.8486359718750001 0.40541867031249995 0.8562150390625 0.41531711250000003 0.8576200484375001 0.4216921453125 0.8532425546875 0.42425861249999997 0.844098553125 0.43489068125 0.8265911140625001 0.46430145312500004 0.8032973578125 0.47147074062499994 0.80220203125 0.49271446093750004 0.7692972078125 0.4941402765625 0.764217209375 0.48796936718749995 0.7474941390625001 0.49277631250000004 0.734442253125 0.5008419125 0.7260788125000001 0.5048546078125 0.70974475625 0.5010868640624999 0.7007581390625 0.4769314984375 0.6931035546875 0.468194125 0.6855244890625001 0.46012852187500003 0.6938879265625 0.4488042671875 0.6975629171875 0.44788754218750004 0.7069410859375 0.44310100781250006 0.71788291875 0.42385404062500004 0.715150953125 0.4137520859375 0.70632171875 0.408925340625 0.692958875 0.4055652375 0.6702959203125001 0.40764302656250007 0.65474369375 0.4054637875 0.6523214140625 0.39853883749999996 0.6566208515625 0.39432263125 0.6655306828125 0.3953612203125 0.672016965625 0.3924891765625 0.6842870234375 0.3970919984375 0.6923356968750001 0.3944642921875 0.70780986875 0.3792294078125 0.71726863125 0.369880878125 0.7159416765625 0.36346501875000004 0.7245392859375 0.35582685625 0.7456411187499999 0.357904034375 0.7586136796875
0 0.564775978125 0.6633133531250001 0.56660881875 0.67308180625 0.5790124875 0.6716729828125 0.5841856328125 0.6776896578125 0.5892561046875 0.7227814 0.589194865625 0.7291115687499999 0.585304646875 0.7327852874999999 0.6225756687499999 0.7792782296875 0.632759271875 0.7796672421874999 0.6438800140625001 0.7685680265625 0.65375865625 0.7435583046875001 0.6528425421875 0.7244116875 0.659828728125 0.7137820796875001 0.6720288859375 0.7049490328125 0.6751860921875 0.6916629750000001 0.6816427765624999 0.67884525625 0.6776306953125 0.6666545265625 0.671357725 0.6604817390625 0.670339546875 0.6518854015625 0.670665534375 0.6466492890625 0.678486796875 0.6350817375 0.680544175 0.6216395671875 0.665696515625 0.619532053125 0.65697955 0.6098429296875 0.644229478125 0.6185979203125 0.6184447875 0.6085991125 0.611173440625 0.6202447203125 0.607486734375 0.6313426640625 0.5989120453125001 0.635407934375 0.595632975 0.632829540625 0.5958371015624999 0.6117289796875001 0.591437796875 0.61110453125 0.57420676875 0.627675296875 0.569440646875 0.6365070734375 0.56577435625 0.6454949609375 0.564775978125 0.6633133531250001
0 0.281225415625 0.5734110421875 0.2948507734375 0.5880227812500001 0.3044436390625 0.592553846875 0.30753899375 0.614122746875 0.305828015625 0.6202187453125 0.3011231328125 0.62272035625 0.29798634062499996 0.63389635625 0.29271113125000003 0.6384299625 0.30763983125 0.6606220406250001 0.321102503125 0.6635894437500001 0.3321824203125 0.656710340625 0.3439143140625 0.639359015625 0.3434256375 0.6329507890625 0.349576746875 0.6232591265625 0.3463385046875 0.6164606203125 0.3533655171875 0.6016109000000001 0.36884474218749996 0.5953562453125001 0.3783157453125 0.5840228625 0.38623906875 0.56190503125 0.3880725234375 0.54314869375 0.38536378125000004 0.5385382984375 0.3825938015625 0.540258075 0.3734289875 0.5199406125 0.3525322796875 0.5169744796875 0.343835115625 0.5337000875 0.3361357140625 0.5611320921875 0.312631715625 0.5715300703125 0.3055644921875 0.562075115625 0.29845705625 0.528315484375 0.2873771390625 0.5351945890625001 0.281225415625 0.5734110421875
0 0.127571365625 0.745992721875 0.12883388125 0.7577931718750001 0.1243529234375 0.765608946875 0.1107473640625 0.7774119359375 0.10651074687499999 0.7884318265625 0.107549334375 0.79491810625 0.1127428921875 0.798824725 0.1066524078125 0.8307110078125 0.123882821875 0.842665028125 0.120847478125 0.8718155359375 0.11424790625 0.8994036484375 0.1129637515625 0.94676283125 0.1078920578125 0.9587206640625 0.1169145953125 0.9652837312500001 0.13015334375 0.9629369640625001 0.1354285515625 0.9584033562500001 0.14214998750000002 0.9466796937499999 0.14331105 0.9405056359374999 0.1650638640625 0.9118989828125 0.179158096875 0.9065042171875 0.18569643281249998 0.8852462718749999 0.1840473046875 0.856487315625 0.190178003125 0.8489057093750001 0.20068759531249997 0.84405860625 0.21417067812499999 0.844915953125 0.21836647187499997 0.8381161765625 0.225841334375 0.8338947953125 0.2273079734375 0.82459468125 0.2221756546875 0.8143578953124999 0.20981280937500002 0.8115466046875 0.1971239765625 0.8139714250000001 0.18869217656249998 0.8032663031249999 0.1949657609375 0.7809143 0.19091285468750002 0.772943684375 0.19213515625 0.7604394578125 0.1988974171875 0.74449568125 0.1945797609375 0.7354310078124999 0.197268703125 0.7136266703125 0.1962097015625 0.7092504453124999 0.1854965984375 0.7066733234375 0.1825843453125 0.694638703125 0.1742131671875 0.7061281984375001 0.16757338125000001 0.7094116374999999 0.16235940937499999 0.707615078125 0.1596710828125 0.700894628125 0.1529904703125 0.7083981796875001 0.1423379921875 0.728015675 0.1384681828125 0.7295793390624999 0.13606501875000002 0.7218428875 0.126329265625 0.7320822140625001 0.12484221250000001 0.7434923859375 0.127571365625 0.745992721875
0 0.4987894375 0.5113226796875 0.496202559375 0.5225767375 0.488381296875 0.5341442890625 0.48565214218749997 0.531643953125 0.47925669375 0.538131503125 0.4775457171875 0.5442275046875 0.4897860859375 0.559699134375 0.492677925 0.5738438078125 0.48793221875 0.580565528125 0.47990744531249996 0.584708853125 0.478176053125 0.5929149125000001 0.497157659375 0.6230776046875001 0.5084206765625 0.6257327859374999 0.5161806999999999 0.6204954046875 0.5290940703125 0.5948599625 0.5535352109375 0.5729737593750001 0.555816515625 0.56484575625 0.5611121375 0.5582020937500001 0.5685257625 0.5603108796875 0.571499253125 0.5660153296875 0.5811941796875 0.5599961125 0.58209049375 0.5527280015625 0.575593596875 0.541241046875 0.5773453984375 0.530924934375 0.5693614484375 0.5308481484375001 0.5620090624999999 0.5224091953125 0.5564895171875001 0.5237386890625 0.551193896875 0.5303823515625 0.5454095984375 0.530617790625 0.5428635468749999 0.537651734375 0.5301236796875 0.545351696875 0.5216612625 0.5378116578125 0.5279144328125 0.5175697125000001 0.527201834375 0.50584731875 0.53392326875 0.49412365625000004 0.5313165890625 0.47896298125000003 0.51811866875 0.47708963281249994 0.50233386875 0.48647034375000003 0.49424785781249997 0.49694383750000004 0.493351540625 0.5042119515625 0.4987894375 0.5113226796875
0 0.5238219296875 0.45676963437499996 0.53374078125 0.4560645859375 0.54137833125 0.46348754062499997 0.544290584375 0.475522159375 0.5613174890625 0.4800519546875 0.570299203125 0.49083513593749994 0.5746985078125 0.491459584375 0.5819086203125 0.48614414375 0.599567696875 0.4537869859375 0.5996493515625 0.44534676093750003 0.5860035781249999 0.4328450765625 0.586370390625 0.42338885 0.5903014359375 0.41549501875 0.6011370140625 0.40541180312499997 0.6052103343749999 0.411272365625 0.616473353125 0.41392754375 0.6188765171874999 0.4216639921875 0.62767513125 0.422912890625 0.60404988125 0.3889216359375 0.5924812890625 0.3893925125 0.5845987890625 0.40729023125 0.5734780453125 0.418389446875 0.5548422296875 0.40940537031249996 0.5454732890625 0.410188471875 0.5244534921875 0.4484074640625 0.5238219296875 0.45676963437499996
0 0.751893090625 0.5039333234375001 0.742198165625 0.5099525375 0.72952974375 0.5102673015625 0.7231540953125 0.5431695828125 0.7235815328124999 0.555907978125 0.7271661765624999 0.555360315625 0.7374926687500001 0.5409789296875 0.7452118671875 0.5399616609375 0.7601609796875 0.5600436828124999 0.77415315 0.5651992 0.7891436984375 0.552536321875 0.794174571875 0.5447986015625 0.795641209375 0.5354984890625001 0.8466625171875 0.46984368437499996 0.8591070125 0.46421475 0.8577832609374999 0.45874446874999997 0.8377624546875 0.45062028125 0.8278027765625 0.4555454390625 0.81605046875 0.475006821875 0.7939110453125 0.4866549703125 0.7884731484375 0.47954423906250004 0.7905917671875 0.4597719015625 0.7849707687499999 0.4431268890625 0.7728114359375 0.44773982500000004 0.7627905234375 0.4589951515625 0.7534413828125001 0.48619298281249995 0.751893090625 0.5039333234375001
0 0.7430307890625001 0.6231137437500001 0.737836615625 0.6477319125000001 0.74028060625 0.65124825 0.7357996515624999 0.6590640265625 0.7340478484374999 0.6693801359375 0.741420646875 0.6757090359375 0.7405651578125 0.6787570390625 0.75643099375 0.689460890625 0.7770623390625 0.7198577546875 0.784985053125 0.7262647109375 0.7913192640625 0.7261073265625 0.7979998734375 0.718603775 0.804191809375 0.7046919984375 0.8199766078125 0.6953112906250001 0.8243759171875 0.6959357390625 0.8172678671875 0.6907008968749999 0.8170439437500001 0.6853867265625 0.8037847828125001 0.6898435484375 0.7997727015625 0.6776528171875 0.805944225 0.6658510984375 0.819244209375 0.6571741656250001 0.83376649375 0.6359930031250001 0.84036545625 0.636929678125 0.8475755656249999 0.6316142390625 0.84851270625 0.6201260125 0.8433803859375001 0.6098892296875 0.8353760234375001 0.6119224984375 0.8288178875 0.6067657125 0.8283904484375 0.5940273171875 0.8226265640625 0.592152703125 0.8231158531249999 0.5700361390625 0.820997853125 0.561283690625 0.806068540625 0.5676163984375 0.795232959375 0.5776996140625 0.7891839125 0.576840996875 0.775191128125 0.6002102687499999 0.766596025 0.60638559375 0.7644167828125 0.6039633140625 0.7656595 0.589349034375 0.7507301875 0.595681740625 0.744599490625 0.6032633484375001 0.741462696875 0.6144393499999999 0.7430307890625001 0.6231137437500001
0 0.8880102953125 0.61997671875 0.8812072109375 0.6401406078125 0.90953734375 0.6716302578125 0.9157493828125001 0.6698708203125 0.9527039125 0.5382064484375 0.9465881156249999 0.5416603078125 0.933471846875 0.5313467359375 0.9157113171875 0.5457293890625 0.898887928125 0.5486238171875 0.890720878125 0.5390127515625001 0.8842029531250001 0.5581606390625 0.8734082000000001 0.5640237406249999 0.8880102953125 0.61997671875
0 0.294509890625 0.3386458625 0.2916378484375 0.3509159171875 0.294876090625 0.357714425 0.2941628765625 0.3745168171875 0.28243098125 0.3918681453125 0.2880928015625 0.4042930453125 0.2844469234375 0.4111708765625 0.27479281875 0.41296997968750004 0.272246765625 0.4200039234375 0.27811210000000003 0.43985304531249997 0.278437475 0.463141721875 0.2868692734375 0.47384684374999997 0.288926040625 0.48892946249999997 0.2868686625 0.5023716328125001 0.2707374609375 0.5190985109375 0.2725907140625 0.526756903125 0.277560346875 0.525349353125 0.28491273437500003 0.5337883078125001 0.2867864 0.53933664375 0.284810671875 0.5443385875 0.29745867656249997 0.5461338796875 0.30578964375 0.5103397078125 0.3153014703125 0.49478621250000004 0.31845867656250004 0.4815001578125 0.3304144953125 0.469463 0.3407818109375 0.45086150312499995 0.35381704531249997 0.44109051250000003 0.354163446875 0.43374434375000004 0.34668858281250003 0.4379657265625 0.341495025 0.43405910625 0.348442225 0.34207525 0.35068270468749996 0.3381673625 0.3491554390625 0.32527285781250004 0.3551030375 0.3081569703125 0.36430928906250004 0.295729528125 0.35728289062499996 0.2820544625 0.354533325 0.28166418125 0.3447771609375 0.294013565625 0.33646721875 0.299172890625 0.31927763124999997 0.28299875625 0.29976529687500003 0.3076975234375 0.2929418015625 0.32997146875 0.294509890625 0.3386458625
0 0.4107228734375 0.45022434999999994 0.4205396640625 0.46006958437499995 0.42878774999999997 0.489765215625 0.4385637171875 0.5038305624999999 0.4459773421875 0.5059393484375 0.457098084375 0.4948401359375 0.46703796249999996 0.46350024375 0.48563356874999997 0.4481796453125 0.4904609265625 0.433017703125 0.5010725796875 0.4176203171875 0.4992397390625 0.40785186875 0.49539034531250004 0.407305475 0.492050040625 0.41105725 0.4590144125 0.41059399374999994 0.4457552546875 0.4150508171875 0.43724180468749996 0.412785921875 0.43365716093750006 0.41333358281250004 0.4161409671875 0.43092034999999995 0.4120472390625 0.42716984374999994 0.40163909531249997 0.4499914515625 0.4107228734375 0.45022434999999994
0 0.4109906890625 0.30869446875 0.41390294375 0.3207290859375 0.4132509671875 0.3312013109375 0.40709985625 0.340892975 0.3999101578125 0.3440983578125 0.398484340625 0.3491783609375 0.41072471093749996 0.3646499875 0.41577538125 0.38332700000000003 0.41090720000000003 0.40270905468749996 0.4056524046875 0.40513260625 0.41530589375 0.43185829375000007 0.41884971093749995 0.4355307421875 0.42520433437499994 0.43326330312500005 0.4280763765625 0.4209932453125 0.4425578375 0.40403219999999995 0.44461521406250004 0.39059003125 0.44826109687500004 0.3837121984375 0.4557563703125 0.377380759375 0.46013526562499996 0.38011526406249996 0.475634903125 0.3717505546875 0.47606295625 0.3559641609375 0.4734154484375 0.3450236 0.45003454062500003 0.31423645312500004 0.45015701406249997 0.3015761171875 0.442621528125 0.28360288125 0.4362873171875 0.2837602625 0.4248814125 0.2958754765625 0.407834096875 0.2934557375 0.4044529671875 0.3014276265625 0.4109906890625 0.30869446875
0 0.66531419375 0.402900034375 0.6690411109375 0.4161067625 0.668307484375 0.43501921406250005 0.6615452234375 0.45096299218749997 0.6760056578125 0.46463678750000004 0.68288978125 0.4645574609375 0.692401609375 0.44900396562499995 0.7020965390625 0.442984753125 0.7121582796875 0.4275093109375 0.7242767859375 0.427116490625 0.7276170921875 0.423364715625 0.7297357078125 0.4035923765625 0.72769935625 0.386399703125 0.7335857140625001 0.37561398281249997 0.7292680578125 0.3665493078125 0.7190640421875 0.368270353125 0.7100823265625 0.35748717343749997 0.672687603125 0.3807041453125 0.6666589703125 0.3777354703125 0.6597136078125 0.3841449671875 0.65684156875 0.396415025 0.66531419375 0.402900034375
0 0.72991819375 0.441651446875 0.7551529718750001 0.45157219531250004 0.7609576828125 0.4492267 0.7658258640625 0.4298446453125 0.7736675390625 0.4161670359375 0.77596925625 0.4059289796875 0.7490847390625001 0.395774059375 0.7402044734375 0.4029653875 0.7305905828125 0.4290691640625 0.72991819375 0.441651446875
0 0.7399409484375 0.34482175625 0.7339933515625 0.361937646875 0.7358874296875 0.365375925 0.7330766265624999 0.3713158140625 0.7344207890625001 0.3746760375 0.757863553125 0.37060822656250003 0.762038934375 0.3659185078125 0.765460890625 0.3537265078125 0.7713268359375001 0.3450508421875 0.77562469375 0.32770078593749996 0.7632822625 0.3227794390625 0.7548498484375 0.340599103125 0.7501857921874999 0.33888059843749996 0.7450738828125 0.3265337546875 0.737069521875 0.328567025 0.73590845625 0.33474108125 0.7399409484375 0.34482175625
0 0.093031953125 0.587900965625 0.09290947499999999 0.6005613046875 0.0974714703125 0.6128300906249999 0.0978376734375 0.63189865 0.09490439218749999 0.6504988765624999 0.086553628125 0.6598783171875 0.074680071875 0.634950465625 0.0595676609375 0.6317488921875001 0.050911320312499994 0.6442543875 0.0486300171875 0.6523823875 0.0438843109375 0.6591041093750001 0.0427028328125 0.6673882203125 0.0429267578125 0.672702390625 0.06384387968750001 0.673558465625 0.0662470453125 0.681294915625 0.0639045046875 0.6957530843749999 0.076552509375 0.6975483765625 0.08272342031249999 0.7142714421874999 0.09708240625 0.7099707343749999 0.110708378125 0.6960576875 0.126065740625 0.673938584375 0.1298340984375 0.6544004125 0.1475129765625 0.648457984375 0.1519939328125 0.6406422093749999 0.154906803125 0.6241520406250001 0.15883784375 0.616258209375 0.1762519703125 0.6092217234375 0.1885337796875 0.5919484515625 0.1865790765625 0.566315553125 0.1734219796875 0.5602220921875001 0.1604683984375 0.5615528578125 0.163931178125 0.5451407453125 0.1623426765625 0.5385764078124999 0.155152978125 0.541781790625 0.14670076406250002 0.5331867234375001 0.1481674046875 0.5238866125 0.1376986375 0.5245136015625 0.1333401546875 0.519669040625 0.1305701734375 0.5213888140625 0.12940911093750002 0.5275628718750001 0.12160826093749999 0.537020365625 0.11203519375 0.55890403125 0.10533417187500001 0.5685176390625 0.0935416546875 0.5636743484375 0.084661390625 0.5708656750000001 0.082665246875 0.577977675 0.093031953125 0.587900965625
0 0.0805899078125 0.47943075 0.081587671875 0.49013714375 0.0910988875 0.5031084359375 0.0921170640625 0.5117047734375 0.08928584843750001 0.51975471875 0.0916277765625 0.5338213374999999 0.105029209375 0.5431189062499999 0.12024368437499999 0.5357701968749999 0.15344322500000002 0.490828215625 0.1669467203125 0.48957550781250003 0.1816521109375 0.47792862812500003 0.1836482515625 0.47081662968750004 0.179289765625 0.46597206562500004 0.18226387187499998 0.443151728125 0.178455303125 0.43838522187500006 0.1715507671875 0.44057460624999994 0.1702474265625 0.43299426875 0.17478962343749999 0.418848325 0.194281540625 0.396259615625 0.18713266875 0.39524488281250003 0.1840571125 0.40009071562500004 0.1768674125 0.40329610000000005 0.1659910078125 0.41759942499999997 0.16114385 0.406346640625 0.1625900765625 0.399156584375 0.1574169328125 0.393139909375 0.1574985828125 0.384699684375 0.1522846125 0.382903121875 0.1498814453125 0.3751666734375 0.1429769125 0.3773560546875 0.1339129328125 0.403537890625 0.1208981125 0.41119882187499995 0.11301561093750001 0.4290965421875 0.1026080828125 0.42339336562499996 0.0994514921875 0.40815463281250003 0.08419619218749999 0.41972345312500003 0.0741140375 0.4373089515625 0.07010134375 0.4536430109375 0.0805899078125 0.47943075
0 0.0260092734375 0.31532486406250004 0.029165865625 0.3305635921875 0.026028460937499998 0.3702643796875 0.021282753125 0.37698609843750003 0.013278390625 0.379019371875 0.0058851812500000005 0.37480052656249996 0.0085530953125 0.383631034375 0.013257978125 0.3811294265625 0.016068478125 0.3894519328125 0.012483524999999999 0.40426199062499996 0.0038067765625 0.41887754218750006 0.010100159374999999 0.4229402734375 0.01973385 0.423251225 0.0759895390625 0.3572829265625 0.09360779375 0.32914587812499996 0.08499289374999999 0.3089064734375 0.078434759375 0.3037496875 0.0706134953125 0.315317240625 0.0621000453125 0.313052340625 0.053260606249999995 0.3160235546875 0.04529706875 0.3138367140625 0.0327919484375 0.29727102968749997 0.023117432812499998 0.30118018750000003 0.021121290625 0.3082921875 0.0260092734375 0.31532486406250004
0 0.160656403125 0.3428888390625 0.172958009375 0.3520302984375 0.1780699171875 0.364377140625 0.177336290625 0.38328959218750003 0.1827945984375 0.38829026718750004 0.194424428125 0.38148921874999997 0.2022252796875 0.372031725 0.2044861703125 0.3660137796875 0.20373274531250002 0.3585115 0.2073990390625 0.3495236109375 0.2154646390625 0.34116017187500003 0.22375416406249998 0.3381109015625 0.2310663390625 0.32224518125 0.23593452187500003 0.3028631234375 0.25011040625000003 0.28902813437499997 0.2342241578125 0.2804343359375 0.2142843875 0.292394709375 0.20715592656249998 0.28926992500000004 0.204467596875 0.2825494734375 0.19509865625 0.2833325765625 0.1906381125 0.2890382953125 0.1908620375 0.29435246406250004 0.17800990625 0.3136577359375 0.17232767031250001 0.3033428953125 0.16263274375 0.3093621078125 0.1603514390625 0.317490109375 0.160656403125 0.3428888390625
0 0.9501086953125 0.42113849375 0.9643651859375 0.43102927968750004 0.9682327000000001 0.36252799375 0.9505781859375 0.37260719999999997 0.949987446875 0.37674925625 0.9595190718750001 0.3876104921875 0.9591522609375 0.397066715625 0.9501699328125 0.4148083234375 0.9501086953125 0.42113849375
0 0.9100893343750001 0.3172056953125 0.9113518468749999 0.3290061453125 0.8909227906250001 0.36308307968750003 0.8854440703125 0.36019246250000003 0.890739078125 0.3820735859375 0.8893132609375 0.3871535875 0.879577509375 0.3973929140625 0.8775813687499999 0.4045049140625 0.8804323859375 0.42286970156250003 0.883691040625 0.42755815 0.89686855 0.4315415546875 0.9140785499999999 0.44560563281250004 0.9314116406249999 0.4184845859375 0.9354855750000001 0.395820359375 0.9366688890624999 0.3019618828125 0.93147533125 0.2980552671875 0.9163220937500001 0.29907380625 0.9145702921875 0.30938991875 0.9100893343750001 0.3172056953125
0 0.9681147890625 0.3529103765625 0.9688222874999999 0.35208525 0.9701038687500001 0.32938595625 0.9697243171875 0.3288398703125 0.9703745640625 0.32459138906249996 0.9711216484375 0.31135907343749997 0.9673625890625001 0.2883585203125 0.9602341265625001 0.285233734375 0.9560791578125001 0.2878133984375 0.9485226453125 0.30047500625 0.950273834375 0.3186836796875 0.93990651875 0.3372851765625 0.9412302703125001 0.34275545625000003 0.9681147890625 0.3529103765625