0 0.1239375046875 0.25555285625 0.11610862656250001 0.2507391625 0.0971421390625 0.2093393890625 0.0837390015625 0.18971533125 0.05848584375 0.23103171875 0.0450562265625 0.228323528125 0.036655125 0.23148178125 0.030483721875 0.24056418124999998 0.0120178046875 0.23696479843749998 0.0058541921875 0.241071940625 0.00304915 0.245109846875 0.0001942609375 0.2809893765625 0.0029681484375 0.2968524921875 0.0119040921875 0.3096035125 0.0331719328125 0.31115509218750004 0.038220696875 0.30408587656249997 0.04438119375 0.3019688328125 0.12091594218749999 0.397902834375 0.12034060312499999 0.4078648828125 0.1270484015625 0.41369670625 0.129259409375 0.43156146093750003 0.13429571093749998 0.43245265312500003 0.14270616249999998 0.4233240953125 0.1511072671875 0.420165840625 0.1606450265625 0.40603894843750005 0.166266015625 0.3909977828125 0.1640768125 0.359202315625 0.16017094062499998 0.351322690625 0.1512178625 0.3495172265625 0.1495510375 0.34159144218750004 0.1568372921875 0.335471115625 0.15796927656249998 0.3274876265625 0.1630211546875 0.318428309375 0.1686250046875 0.31433270625 0.16755844375 0.2805240578125 0.1600086671875 0.2762021171875 0.1491205671875 0.25901375781249997 0.1239375046875 0.25555285625
0 0.27278045 0.49778628906250005 0.2733479984375 0.4927994953125 0.2700050046875 0.48291822656249994 0.26217456562499997 0.47909958125 0.2445373875 0.48244824687500004 0.1821613046875 0.4598537421875 0.1647494859375 0.49802341562499997 0.14681529375 0.512323409375 0.1406579109375 0.5124503515625001 0.1389723953125 0.516465175 0.13170171718749998 0.5126349921875 0.12215149218750002 0.5347222921875 0.1327776265625 0.5404733375 0.1400405125 0.5492787734375 0.14284088125 0.5482260218749999 0.14901695625 0.536158471875 0.1663726953125 0.5338106265625 0.16975930781249998 0.515830471875 0.17424052031249998 0.51374805 0.185418625 0.5244628078125 0.1999693234375 0.5261528703125 0.200501046875 0.5440522453125001 0.2049526609375 0.5608757875 0.2071839234375 0.565804884375 0.21613388281249998 0.5696004453125 0.2270617046875 0.5614150078125 0.23462005156250001 0.560264165625 0.23912774374999998 0.5412658796875001 0.27278045 0.49778628906250005
0 0.302843125 0.6022285593750001 0.2911005828125 0.59451049375 0.28270259375 0.59567864375 0.2742827984375 0.6107775078125 0.280155625 0.6136414921875 0.2910445046875 0.630332325 0.290450475 0.6522349859375 0.28819740625 0.6612366015625 0.27473507812500003 0.6794244796875 0.2780624953125 0.69925625625 0.26908293906249997 0.714366659375 0.27185370781249996 0.7322198765625 0.2763099953125 0.7460582687499999 0.281899828125 0.7509181218750001 0.2908560234375 0.75073348125 0.297022753125 0.7446362359375 0.3071374109375 0.7195522421875 0.3284332921875 0.70319290625 0.3312274296875 0.7061203593750001 0.333446228125 0.7190098593750001 0.3379180921875 0.72289774375 0.3530519203125 0.7096505 0.35417767499999997 0.7056472171875 0.350826890625 0.700741203125 0.3502842640625 0.6898071828125001 0.3581287203125 0.6846703703125 0.362071978125 0.668668775 0.358170778125 0.6578039953125 0.3480935046875 0.6590067671875001 0.3442063234375 0.6391865296875 0.3279778984375 0.6365360390625 0.302843125 0.6022285593750001
0 0.25432286406250004 0.8464233796875 0.2588305578125 0.827425090625 0.2476493375 0.8187004359375001 0.24542119062499998 0.8117812390625 0.2482262328125 0.807743334375 0.22754151562499997 0.7912544515625 0.2230634203125 0.791346771875 0.2118417 0.8084934359375 0.21407763281249997 0.8104373812500001 0.2140636125 0.8193928390625 0.2022743390625 0.8415262968749999 0.20169432812500002 0.8544734984375 0.2061630765625 0.860351484375 0.21904695312500003 0.8541157578125 0.2268742734375 0.859924503125 0.2363902296875 0.859728321875 0.25432286406250004 0.8464233796875
0 0.3646480359375 0.81090335 0.374708175 0.8206461359375 0.37975538124999997 0.8145719734375 0.38144868593750003 0.80558189375 0.3786623375 0.7976791875 0.3674904625 0.7829842234375 0.351820240625 0.7813172453125 0.33338080468750003 0.7608019968749999 0.3227499984375 0.7580361046874999 0.3137751125 0.77016135625 0.30140115624999997 0.808227171875 0.30194222187499997 0.8201562421874999 0.303615278125 0.8241018265625 0.317614003125 0.82082816875 0.320941421875 0.8406599484375 0.31813638125 0.844697853125 0.3203707546875 0.8476368453124999 0.338301834375 0.8353269531249999 0.3455974328125 0.8232363218750001 0.3461680984375 0.8162594249999999 0.35625472187499996 0.8090863468749999 0.3646480359375 0.81090335
0 0.44309572499999994 0.7575450953125 0.4363770234375 0.7586786296875 0.443080146875 0.76749560625 0.44306301406250004 0.7784411640625 0.4407881390625 0.801373496875 0.43572535781250005 0.8173981703125 0.4284344296875 0.82650365 0.41222469687499996 0.8119125468749999 0.40830480312499995 0.8129883796874999 0.39652176250000004 0.831141634375 0.3931398234375 0.8461366390625 0.3942531171875 0.8500937625 0.399847621875 0.851968465625 0.407093375 0.871719459375 0.41717376406250006 0.8685265859375001 0.42167834062500004 0.8515184015624999 0.42951656875 0.850361790625 0.435655259375 0.862175459375 0.44627671874999997 0.87091165625 0.4552531609375 0.8577913531249999 0.45694958124999996 0.8468111734375 0.48776453281250004 0.8282655578125 0.49170156093750006 0.8162441656249999 0.4749772390625 0.7728081296875 0.469382734375 0.770933428125 0.45206438125000004 0.74940005 0.4475878421875 0.7484973187499999 0.44309572499999994 0.7575450953125
0 0.542613428125 0.8321098859375 0.5135525328125 0.8028584421874999 0.49732566250000004 0.7992129015625 0.4978776390625 0.8041766156250001 0.49227378593750004 0.80827221875 0.49169688906250003 0.8192293171875 0.48720321406249995 0.8292721484375001 0.48719075156249997 0.8372325546875 0.49389699218749994 0.84405943125 0.49444429375 0.852008296875 0.4905181703125 0.8570643328124999 0.488824865625 0.8660544109374999 0.492172534375 0.8729505265625 0.4966506296875 0.8728582062499999 0.4983377046875 0.8678483312499999 0.5061806046874999 0.86370656875 0.51120911875 0.8695730109375001 0.512860365625 0.88744930625 0.517335346875 0.8893470890625 0.5420303015625 0.8470471875 0.542613428125 0.8321098859375
0 0.535004184375 0.68699401875 0.534456884375 0.6790451531249999 0.52328968125 0.6613650359375 0.5109842625 0.6556486125000001 0.4969668453125 0.670862878125 0.48572954687500003 0.697960053125 0.4879576890625 0.704879246875 0.49606956718750006 0.7076970703125001 0.50305101875 0.7175033281250001 0.502456984375 0.7394059859375 0.4956853203125 0.7743712484375 0.4906272109375 0.7874107703125001 0.49622171562500006 0.789285471875 0.5007060437499999 0.7852129484375 0.501838028125 0.7772294609375 0.5063285875 0.7691767328125 0.5141746031250001 0.76304486875 0.5236531734375001 0.7867299062499999 0.535378578125 0.8053935328125 0.5493617265624999 0.8120703890625001 0.5644784203125 0.8097687062500001 0.567852565625 0.79974895625 0.574013065625 0.797631915625 0.5762692484375 0.78664019375 0.574045778125 0.7767358453125001 0.5824640140625 0.7626320328125 0.5791319234375 0.7457854078125 0.57187526875 0.732999765625 0.5640479468749999 0.7271910234375001 0.5422141093749999 0.7296311859375 0.5394215296875 0.72570868125 0.53552033125 0.714843903125 0.53275423125 0.694005534375 0.535004184375 0.68699401875
0 0.460747428125 0.5661375875 0.4551560390625 0.5622727828125 0.4456354109375 0.56545411875 0.4489908671875 0.5673749781249999 0.4506530203125 0.57828591875 0.4489472515625 0.5952364046875 0.44558245 0.599285846875 0.45170867656249997 0.6190599234375 0.4516853140625 0.6339856859374999 0.44884755781249996 0.658919659375 0.4432328015625 0.6699806203125 0.4437801046875 0.6779294859375 0.4504754421875 0.69172171875 0.462793321875 0.6894777359375001 0.46783896875000003 0.6843986203125 0.4711866359375 0.6912947359375 0.475664734375 0.69120241875 0.48238810781249997 0.68708373125 0.5076241328125 0.6567129046875 0.5076319234375 0.6517376484375 0.50149323125 0.6399239796875 0.4897974203125 0.6023543859375 0.4726108296875 0.586042140625 0.460747428125 0.5661375875
0 0.43482544375 0.4661750984375 0.424191521875 0.46539930937499996 0.40965172812499995 0.45674389218749994 0.404624775 0.4498823953125 0.3934778203125 0.41926661875000004 0.3811848640625 0.405589790625 0.3750274828125 0.4057167296875 0.3570496734375 0.44787814687500005 0.33741750000000004 0.47415337187500006 0.33740815468749996 0.480123678125 0.3463425390625 0.4938697484375 0.3496621671875 0.51867678125 0.36530279375 0.5392497281249999 0.37146329218749996 0.5371326875 0.3804444078125 0.52102723125 0.3905076625 0.5287799171875001 0.38993388125 0.537746915625 0.3927186734375 0.546644671875 0.3915555328125 0.5745291781249999 0.398258659375 0.5833461546875001 0.40609376875000003 0.58417964375 0.41449954531250005 0.5780362390625 0.42235802031249997 0.563943965625 0.428521634375 0.5598368234375 0.43190980625000003 0.5408616140625 0.42914059218749995 0.522013346875 0.4342049296875 0.5049936234375 0.441489625 0.49986834687500004 0.44767504843749995 0.48183049218749996 0.43482544375 0.4661750984375
0 0.337451409375 0.0949331109375 0.3463904671875 0.10569403125000001 0.3491721421875 0.11658189062499999 0.349689846875 0.1434367234375 0.3524761953125 0.1513394296875 0.3545750515625 0.24084784843749998 0.3500860484375 0.24790552500000002 0.35174975625 0.257821415625 0.3517263921875 0.272747175 0.34891356406249996 0.28176033437500003 0.350557021875 0.304611884375 0.34662310937499996 0.314643175 0.3555652828125 0.323413990625 0.3673327484375 0.31521124375 0.379076846875 0.3219342578125 0.383016990625 0.30792276875 0.3897497109375 0.2978337765625 0.3886628984375 0.2769607890625 0.3987495203125 0.2697877109375 0.4104982921875 0.27352557499999997 0.41496548437499997 0.280398609375 0.41605229843749997 0.301271596875 0.4238655984375 0.3160358015625 0.431151853125 0.309915475 0.444023265625 0.31164015625 0.446847 0.2956616421875 0.45415038750000003 0.27859575625 0.45081050468750006 0.2667243875 0.4541986765625 0.247749178125 0.44302524375 0.2340492671875 0.44191506406250003 0.22810204218750002 0.431854925 0.21835925312499999 0.42344759062500004 0.2254977125 0.41057150625 0.226758184375 0.39214297187499997 0.199277578125 0.3832257234375 0.1745859484375 0.3972384671875 0.1623568359375 0.3978247109375 0.14542943125000002 0.38497510625000003 0.1297740375 0.3653834359375 0.1301779390625 0.3592494171875 0.1153791203125 0.3564755296875 0.099516003125 0.3464153890625 0.089773215625 0.34307706875 0.07690679375000001 0.338045440625 0.0730304515625 0.327969725 0.07323817187500001 0.3234822796875 0.0793007984375 0.3217827453125 0.09227107968750001 0.337451409375 0.0949331109375
0 0.5953992671874999 0.51261565 0.602133546875 0.501531609375 0.61222016875 0.4943585328125 0.6206664484375 0.4623438046875 0.631323734375 0.44819383124999995 0.6000829828125 0.3811766125 0.5922587765625 0.37337776875 0.58442210625 0.373539328125 0.5782382421875 0.39058213125 0.565837803125 0.4455638140625 0.5574148921875001 0.462652778125 0.557968425 0.466621440625 0.5697203109375 0.46836920156249995 0.5747628421875 0.46528018906249996 0.5825917234375 0.47009388437500005 0.5915229921875 0.4858300546875 0.588139496875 0.501820109375 0.589245 0.5107524875 0.5953992671874999 0.51261565
0 0.61863615625 0.5399971234375001 0.6091233171875 0.5382032031249999 0.6035147921874999 0.5452839593750001 0.6012368015625 0.5702063921875 0.5984255296875001 0.578224496875 0.598958809375 0.5951288234375001 0.5883155437500001 0.6003233375 0.583265221875 0.60838760625 0.58267430625 0.628300165625 0.5893696453125 0.6420923937499999 0.589347834375 0.6560231078125 0.5837330796875 0.66708406875 0.5881940390625 0.6779373078125001 0.601065453125 0.6796619890625 0.6100325484375 0.672511990625 0.6100590312499999 0.6555961265625 0.62073656875 0.6285104921875 0.6425672890625 0.6280604296875001 0.6381109984375 0.6142220375 0.6482241046875 0.5901330953125 0.6370522296875001 0.5754381328125 0.63203929375 0.5596211796875 0.61863615625 0.5399971234375001
0 0.6479842171875 0.7433709296875 0.58752368125 0.748597459375 0.5830409109375 0.751674934375 0.5863698890625 0.770511659375 0.6031347125 0.7880763734375 0.6053628546875001 0.7949955703125 0.6031004421875 0.8099674953125 0.599175875 0.8140284765624999 0.6008146609375 0.8398651796875001 0.5979924859375 0.8548486421874999 0.6018812234375 0.87367383125 0.5985148625 0.8787183234375 0.606900390625 0.8855105796875 0.6360111328125 0.8829203968750001 0.6472141640625 0.8777143390625 0.655654209375 0.849679815625 0.6528569562500001 0.8487424656250001 0.6506366015625 0.8368480140625 0.64504676875 0.831988159375 0.646202121875 0.809078909375 0.6540605984375001 0.7949866359375 0.672535859375 0.7926157125 0.679834575 0.77853498125 0.6809712328125 0.7675663421875 0.6692458296875 0.7489027140625 0.6591638796875 0.7530906390625 0.6479842171875 0.7433709296875
0 0.672767959375 0.644353134375 0.6593352296874999 0.6436350421875 0.6520707828125001 0.6358246578125 0.6470313671875 0.6369235671875 0.6509465859375 0.6388328875 0.6520505328125 0.6487603171874999 0.6475521875 0.6617882984375 0.645843303125 0.6807288859375 0.641338725 0.6977370734375 0.634036896875 0.7138079046875 0.6194643875 0.7260485562500001 0.6188921656249999 0.7340205046875 0.621680071875 0.7409281625 0.62671325625 0.743809453125 0.64015689375 0.7375621890625 0.642974396875 0.725563878125 0.648016928125 0.7224748609375 0.651370825 0.7253907749999999 0.6536005296875 0.73131491875 0.6546888984375 0.75119285625 0.661401371875 0.7540395296875 0.6664485734375 0.7479653640625 0.6820720640625 0.779483871875 0.6803740875 0.791459103125 0.691015796875 0.7872596390625 0.6977267125 0.791101359375 0.704448528125 0.7879777265625 0.7095004078125 0.7789184109375 0.708398015625 0.7679959296875001 0.716800678125 0.7638426234375 0.7190288234375 0.7707618203125 0.7346912578125 0.77740405625 0.7375025296875 0.7693859468750001 0.7358403796874999 0.758475009375 0.713465471875 0.748986103125 0.7095611578125001 0.7401114234375 0.7067857125 0.7252433609375 0.700648578125 0.712434640625 0.7023683671875001 0.6865286984375001 0.681672746875 0.6770051703125 0.672767959375 0.644353134375
0 0.715698290625 0.7529201453125001 0.71680379375 0.7618525218750001 0.721826075 0.7716991703125 0.7106074671875 0.7868557359375 0.708354403125 0.7958573531249999 0.70945835 0.805784784375 0.7161863953125 0.7986809453125 0.71953095 0.8075671640625 0.7189587265624999 0.815539109375 0.7127795359375 0.8295967624999999 0.7054979546875 0.8327319359375001 0.70661125 0.836689059375 0.7267471046875 0.8462241265625 0.7402016437500001 0.8330115046875 0.744140228125 0.8199950640625 0.74358825625 0.8150313499999999 0.7458304203125 0.8129950859375 0.7553354703124999 0.8197642625 0.7631736984375 0.8186076515625 0.7704864328125 0.795571459375 0.7705160296875 0.77666549375 0.767718775 0.7757281421875 0.76098916875 0.78382703125 0.74475606875 0.784161690625 0.7442227875 0.767257365625 0.7408813515625 0.756381046875 0.715698290625 0.7529201453125001
0 0.8924647140624999 0.8248973578125 0.8947146640625 0.8178858421875 0.8924927515625001 0.806986440625 0.8874642406250001 0.801119996875 0.883009509375 0.7862865546875 0.8824668796875 0.775352534375 0.8393823375 0.7652955578125 0.828729725 0.7764603796875 0.8331875703125 0.78930371875 0.825325978125 0.8053860953124999 0.8219471546875001 0.8183909968749999 0.82249445625 0.8263398640625 0.8280749421875001 0.837170025 0.8924647140624999 0.8248973578125
0 0.57858826875 0.16698823125 0.5757832296875 0.171026134375 0.5757567484375 0.187942 0.5869364125 0.1976617078125 0.5908360546875 0.2095215359375 0.590822034375 0.2184769953125 0.5868678734375 0.2414439453125 0.5812500015625 0.25449500468749997 0.58010866875 0.2684488 0.5716748546875 0.29250312031250003 0.56325973125 0.30461683125 0.5677300390625 0.3094997671875 0.5800401296875 0.31223103750000003 0.585642425 0.3091304875 0.5867821984375 0.29617174375 0.592956715625 0.2850992421875 0.6064128125 0.27089156875 0.6075463562500001 0.26191303125 0.6148403984375 0.2508174515625 0.66411659375 0.2388563671875 0.672508353125 0.2416684203125 0.676414225 0.24954804687499998 0.6876203703125 0.2423518890625 0.6993722578125 0.24409964999999997 0.70329838125 0.23904361562499998 0.7016393453124999 0.22614257499999998 0.687654640625 0.22046077031250003 0.6742406 0.20780206875 0.6697843125 0.19396367812499998 0.671479175 0.18397855000000002 0.6698123515625001 0.1760527625 0.6737493765625 0.164031371875 0.6715368109375001 0.147161665625 0.668187584375 0.14126060000000001 0.6502829890624999 0.1366546296875 0.642477471875 0.116915171875 0.63914538125 0.1000685453125 0.630778546875 0.0813356828125 0.636388628125 0.0732598734375 0.62521986875 0.056574809375 0.6084488171875 0.042990298437500005 0.606206653125 0.045026559375000004 0.59438155 0.0900461921875 0.6016522281250001 0.093876375 0.6050014546875 0.0997774375 0.60272969375 0.1207196671875 0.5914986234375 0.1438366375 0.5797280453125 0.1540294890625 0.57858826875 0.16698823125
0 0.8283267453125 0.318760053125 0.811540115625 0.315126053125 0.805376503125 0.3192331953125 0.8025714625000001 0.3232711015625 0.8053578109374999 0.3311738046875 0.8002342765625 0.386005465625 0.795725028125 0.405998803125 0.78842786875 0.4190844859375 0.7889751703125001 0.427033353125 0.784462803125 0.44901679375 0.7782867296875 0.46108434374999996 0.777706715625 0.4740315421875 0.7827414609375001 0.47591778749999997 0.7844300921875 0.46991286250000003 0.8006834421875 0.4566425359375 0.802941184375 0.44465576718750005 0.807431740625 0.43660303906250003 0.8203280765625 0.42240690625 0.8253659343749999 0.42230304375000005 0.8298362421875 0.42718598124999996 0.83150306875 0.43511176718750005 0.835973375 0.4399947015625 0.8522189375 0.43169963281249996 0.8578321343749999 0.42163372343749994 0.8662285656250001 0.42146062031250003 0.8746156515625 0.427257828125 0.8779991468749999 0.4112677734375 0.8869631296874999 0.406107878125 0.8853305718750001 0.376290971875 0.8870316671875 0.3623256390625 0.884251546875 0.350442728125 0.8792245937500001 0.343581234375 0.87474805625 0.34267850312500003 0.869697734375 0.3507427703125 0.856250984375 0.3589801359375 0.8428400609375 0.3443313359375 0.8355911921875 0.32657044062499996 0.8283267453125 0.318760053125
0 0.8396424765624999 0.5991220609375 0.837376946875 0.6160840859375 0.8250466062499999 0.6262884765625001 0.82001341875 0.623407184375 0.7925835218749999 0.6249676984375 0.78023604375 0.646117646875 0.78303018125 0.6490450984375 0.786393425 0.64599070625 0.7902946265625 0.6568554843750001 0.790823234375 0.6767449640625001 0.7879994984375001 0.692723478125 0.7902167390625 0.7066080296874999 0.7986162875 0.704444828125 0.8086624078125 0.7231430734375001 0.8058386734375 0.7391215859375 0.8142288734375001 0.742928690625 0.8153421671875 0.746885815625 0.8209444609375 0.7437852609375 0.822617515625 0.74773084375 0.8343725187500001 0.7474885015625 0.8405454796875 0.737411053125 0.8439305312500001 0.7204259468750001 0.8394773578124999 0.7045974562499999 0.840637384375 0.67870305 0.845707953125 0.6577031234375 0.837889978125 0.6459240734375 0.8485519375000001 0.6287889468750001 0.8463456015625 0.6079390375 0.8424412875 0.5990643625 0.8396424765624999 0.5991220609375
0 0.9387359359375 0.5871289640625 0.9520607453125001 0.5587068484375 0.957897490625 0.5039216140625 0.9579650531249999 0.46076316093749997 0.9562848328125 0.4613948109375 0.9501118734375 0.47147226093750005 0.945596390625 0.49544580156249995 0.9461483671875 0.500409515625 0.951176878125 0.5062759625 0.9511581843749999 0.5182165734375 0.92200226875 0.549663234375 0.91638128125 0.5647043968750001 0.9163703796875 0.5716697515625 0.9387359359375 0.5871289640625
0 0.9070425468750001 0.094135634375 0.8997344843749999 0.11418667499999999 0.9013997515625001 0.12310751093750001 0.8946732609374999 0.129216296875 0.892997090625 0.127260815625 0.8918588734374999 0.13922450625 0.8856921453125001 0.1453217515625 0.878950075 0.1613810453125 0.87779316875 0.185285346875 0.8749803375 0.1942985046875 0.8755120609375 0.21219788281250002 0.8788581703125 0.220089046875 0.8866839359375 0.22689284375000002 0.8889074062500001 0.23679719062500001 0.8883289546875 0.24874934375 0.9073499593750001 0.2553223375 0.9129351187499999 0.26316734531249997 0.9174163296875 0.261084921875 0.926395890625 0.24597451874999998 0.9275527984374999 0.22207021562499998 0.9337179671875001 0.216968021875 0.9482702265625 0.2176630296875 0.9516334671875001 0.21460864062499999 0.9538849812500001 0.206602071875 0.9505528890624999 0.1897554453125 0.9528121890625 0.1767736234375 0.95841889375 0.1708537625 0.9586405765625001 0.0292465546875 0.900420340625 0.0269347390625 0.8964818359375 0.046592453125 0.9054364734375 0.0474028640625 0.9076583843750001 0.0583022625 0.9070425468750001 0.094135634375