0 0.1419495375 0.42769748906249994 0.1477297359375 0.4197129828125 0.16189222812499998 0.410338934375 0.1622648703125 0.4062535453125 0.1577750828125 0.3973891953125 0.14907870781250002 0.39546778437499996 0.1368624703125 0.39971488593750004 0.12241357500000001 0.410877978125 0.1105699828125 0.4110396921875 0.0981535828125 0.41477948906249995 0.0884255203125 0.422817896875 0.09062729375 0.42839824687499994 0.104072178125 0.43229496718749993 0.1359415015625 0.43007468906249996 0.1419495375 0.42769748906249994
0 0.215430428125 0.39875406562500004 0.2250722484375 0.393012003125 0.24607110312499997 0.38838996406250004 0.2553126046875 0.3816332921875 0.25239642500000004 0.37172737968749997 0.24370005 0.36980597187500003 0.2318564546875 0.36996768593749996 0.2195539765625 0.376511134375 0.2091839109375 0.3753776328125 0.2065956546875 0.3713326734375 0.1926642078125 0.3687176890625 0.17609978125 0.372004084375 0.1706059859375 0.3781995484375 0.1740087265625 0.3868237234375 0.20261370781250002 0.40147925312500005 0.215430428125 0.39875406562500004
0 0.3612408265625 0.3608901828125 0.3342371359375 0.3502930875 0.30068028125 0.35075127500000003 0.291725184375 0.3557189046875 0.28800515781249997 0.3613801109375 0.288919725 0.36621298125 0.2957560890625 0.37096499375 0.32765309062500003 0.37384470937500003 0.33843731718750003 0.3785428171875 0.3531417328125 0.3780870234375 0.3634702765625 0.371570528125 0.3612408265625 0.3608901828125
0 0.45505858281249995 0.374994721875 0.446048125 0.36976235625 0.4352053359375 0.37246059531250003 0.4273372828125 0.3776683984375 0.42370029843749996 0.39862959375 0.42819008593749996 0.40749394531250005 0.45439313124999997 0.41606182187499996 0.4638624703125 0.4149124515625 0.47596478906249995 0.40786170000000005 0.47522270625 0.398436140625 0.465468565625 0.3925763828125 0.45505858281249995 0.374994721875
0 0.3537994625 0.432567384375 0.3486229515625 0.424477465625 0.327541059375 0.4137995140625 0.31492449843750003 0.41703200625000003 0.30894413906249996 0.42450920625000005 0.3125470390625 0.433640684375 0.32394559218749996 0.4424107046875 0.3296501875 0.45686887968749995 0.3392334453125 0.45852316093749995 0.3498760734375 0.455317621875 0.3564569171875 0.44936233437500006 0.3537994625 0.432567384375
0 0.258560934375 0.45273916718749996 0.26316784531250004 0.446810834375 0.244574128125 0.4399241890625 0.20752509218749998 0.4516508828125 0.20183113437500003 0.45733904062499997 0.2039466671875 0.4652157359375 0.2141304125 0.4683919296875 0.22694713437499997 0.46566674218750004 0.2399363390625 0.45834886093750005 0.2529809 0.46123097343749997 0.26282288125000003 0.45599621562500003 0.258560934375 0.45273916718749996
0 0.1306215609375 0.485598346875 0.1291895484375 0.49454355625 0.1360535921875 0.5043955640625 0.151358490625 0.5054616843749999 0.16297424375 0.49969266718750005 0.15047800625000002 0.4705361375 0.1114582390625 0.4646934515625 0.10416299375 0.46632317187499994 0.0973819921875 0.471771153125 0.0959223015625 0.475616365625 0.102185859375 0.4839464609375 0.10859422031249999 0.4825838671875 0.11591714687500002 0.48605414218750004 0.1306215609375 0.485598346875
0 0.106410521875 0.534892521875 0.10672460312500001 0.5382034765625 0.116332340625 0.5625540906250001 0.11750562812500001 0.5604979218749999 0.1318097203125 0.55902751875 0.1466866140625 0.5539790296875 0.166943384375 0.53993143125 0.1788732203125 0.537473371875 0.1904889734375 0.531704359375 0.1931219515625 0.5258029750000001 0.19804294375 0.523185596875 0.19624149062500001 0.5186198578125001 0.17796185625 0.51504416875 0.1642582484375 0.5180364859375 0.15530315156250002 0.523004115625 0.1427728328125 0.523940259375 0.1380520015625 0.52706494375 0.13513262343750002 0.5347553671874999 0.1286380203125 0.5384143078125 0.106410521875 0.534892521875
0 0.2739701484375 0.5093979421875 0.28775999531249996 0.5041092796875 0.29168017968750004 0.4989553796875 0.2884776 0.49083850937499995 0.2809545140625 0.48686092968750005 0.2659636984375 0.4891057671875 0.24691109843749998 0.4886008546875 0.22110517343749997 0.4986439234375 0.20831612968750002 0.5064691078125 0.2097449390625 0.5151202359375 0.21706786406249998 0.5185905109375 0.23334588906249998 0.5170931546875 0.2495962296875 0.510495803125 0.2739701484375 0.5093979421875
0 0.38279836093749997 0.48343019531250003 0.3909528125 0.4764333484375 0.396132528125 0.46692692812500003 0.38978272812500003 0.46089318125 0.36100206562500003 0.46842667968749996 0.348899746875 0.47547743125 0.32707256875 0.4729702546875 0.31288239687499997 0.47724430937499995 0.309448775 0.48111647343749997 0.31027710000000003 0.48824568749999997 0.31582625468750003 0.4922502171875 0.34929686718749997 0.49408837656250004 0.3593390109375 0.4893609234375 0.38279836093749997 0.48343019531250003
0 0.46630547031249997 0.4588280046875 0.48169660781249996 0.457597775 0.48819120781249997 0.45393883749999997 0.49211139375 0.448784934375 0.48910897656249996 0.4411753671875 0.47002869531249997 0.43557046093749996 0.4653110671875 0.4210988109375 0.45996207343749995 0.41760158281250004 0.453639953125 0.41666782968750005 0.44122355312500006 0.420407628125 0.4349567921875 0.42967386875 0.435153753125 0.44777750781250003 0.43952961718749994 0.453838209375 0.45660828750000004 0.454370071875 0.46630547031249997 0.4588280046875
0 0.5108254359375 0.42328255937500003 0.5165715515625 0.44539072968750004 0.5265551328125 0.44805961875 0.5399723375 0.44685634375000005 0.562889765625 0.432007359375 0.5718725421874999 0.43213972656250005 0.5876363234374999 0.42682410937500004 0.5929299578125 0.4201213453125 0.5933888390625001 0.413739609375 0.58712528125 0.405409515625 0.5771417 0.40274062656250004 0.558289259375 0.402743021875 0.5543999546875 0.3954005828125 0.542183715625 0.3996476828125 0.5457589390625001 0.4036791671875 0.5370040031250001 0.40915410156250004 0.5328559765625 0.4087007015625 0.5146317 0.4153250046875 0.5108254359375 0.42328255937500003
0 0.529579815625 0.354691153125 0.5043466953125 0.3611561375 0.4935315875 0.3689543734375 0.49930858125000005 0.378566203125 0.54822889375 0.37177779218749996 0.5527495625000001 0.368145803125 0.5609934578125 0.341256275 0.554070853125 0.338800609375 0.5387936375 0.3428344859375 0.532012634375 0.34828246875 0.529579815625 0.354691153125
0 0.6215520609375 0.28643989531249997 0.625441365625 0.293782334375 0.6385721671875 0.29436810156250004 0.6465541390625 0.2919639453125 0.663177125 0.2812812078125 0.66852611875 0.284778434375 0.6816569218749999 0.28536419999999996 0.6976208640625 0.2805558890625 0.70351498125 0.2753750359375 0.70457435 0.270515215625 0.6989112734375 0.2637070375 0.6803452359375 0.2619203875 0.670734296875 0.25516611093749997 0.6617515187499999 0.2550337453125 0.6537695484375 0.2574378984375 0.6476752703125 0.262111446875 0.6438690031250001 0.270069 0.6271320968749999 0.2779480890625 0.6215520609375 0.28643989531249997
0 0.65471536875 0.3528871640625 0.659722603125 0.3479734390625 0.673426209375 0.344981125 0.6886203890625 0.32564725625 0.6901663171875 0.3195056984375 0.6868774984375 0.313685171875 0.676407353125 0.312298021875 0.6648778375 0.3157706890625 0.6558365015625001 0.3230346625 0.6541180890625 0.3337689171875 0.6476234890625 0.33742785625 0.6344064421875 0.3391384359375 0.6248785421874999 0.3476841484375 0.626507509375 0.35684258125 0.6393519125 0.3592173890625 0.65471536875 0.3528871640625
0 0.6991201031250001 0.374892859375 0.6902235671875 0.3724641453125 0.6813547109375 0.375135428125 0.6716266453124999 0.3831738390625 0.6653013234375 0.399836421875 0.6580337593750001 0.40656613906250005 0.6564878296875001 0.4127076984375 0.6598905687500001 0.421331875 0.6719343234374999 0.4216774640625 0.6795159734375 0.4182587 0.6976848906249999 0.4014344046875 0.7009215546875 0.3794586 0.6991201031250001 0.374892859375
0 0.6014964015625 0.5072207843750001 0.61560033125 0.505243075 0.62552855625 0.4977119734375 0.63242668125 0.4774713046875 0.6315983578125001 0.470342090625 0.6121177531249999 0.46372257499999997 0.6019063296875 0.4554463828125 0.5828814062500001 0.4600414703125 0.5762143265625 0.4682931015625 0.5800173890625 0.47793188593749997 0.593289790625 0.4864213015625 0.5907707328125 0.495126334375 0.595260521875 0.5039906859375 0.6014964015625 0.5072207843750001
0 0.5107199812500001 0.53115691875 0.509663815625 0.518420403125 0.5001391171875 0.50936978125 0.5034311390624999 0.4975939703125 0.49705366093750003 0.48646022499999997 0.48521006718750004 0.48662194062499997 0.472507265625 0.4921507765625 0.46775555312500006 0.5077717984375 0.4582276515625 0.5163175140625 0.46163039218749996 0.5249416890624999 0.47358790624999997 0.5275836265625 0.4868603078125 0.5360730390625 0.49979095312500005 0.5361515031249999 0.5107199812500001 0.53115691875
0 0.3696815640625 0.5223616828125001 0.357951890625 0.52532705 0.34476252500000004 0.5321376234375 0.3487380703125 0.537183715625 0.3482483046875 0.5560617890625 0.35802852343749997 0.5758197093749999 0.3930173890625 0.5664163125 0.42048316406249997 0.5530353375 0.4078730078125 0.5210751578124999 0.382525965625 0.5247364921875 0.3806382734375 0.5224671 0.3696815640625 0.5223616828125001
0 0.2563816359375 0.5973540859375001 0.2688257140625 0.5987142859375 0.278381296875 0.59526856875 0.2840752546875 0.5895804109375 0.2821907640625 0.56971468125 0.287798478125 0.56632286875 0.28476838125000004 0.5536133078125001 0.281565803125 0.5454964359375001 0.2746432 0.5430407703125 0.2616263171875 0.545258653125 0.2521846546875 0.5515080203125 0.2455452515625 0.5648596515625 0.237763440625 0.567771109375 0.2491449515625 0.591587465625 0.2563816359375 0.5973540859375001
0 0.1480399875 0.6220400984375 0.1595971796875 0.6236674265625 0.1737873515625 0.619393371875 0.1873216765625 0.6033974125 0.1893541703125 0.595974115625 0.182548690625 0.578725765625 0.173338071875 0.5729860953125 0.1720231859375 0.5671386234375 0.127965303125 0.5787059984375 0.1212705421875 0.5818576328125 0.118923965625 0.585969971875 0.12284094999999999 0.59841240625 0.134367259375 0.6125360734374999 0.1470115015625 0.6144035796875 0.1480399875 0.6220400984375
0 0.20824612187499997 0.6498811234375 0.18975931875000002 0.63916110625 0.15999038906250002 0.645540365625 0.166619321875 0.6590668375 0.1860739796875 0.65655933125 0.183382440625 0.6698570562499999 0.18924567812499998 0.677172540625 0.198628775 0.67831951875 0.2074976328125 0.675648234375 0.21585224687500001 0.6691586890625 0.216224890625 0.6650733046874999 0.20824612187499997 0.6498811234375
0 0.34479563281250003 0.621239696875 0.337531265625 0.6103730781250001 0.323827659375 0.613365396875 0.31501736406249997 0.6086403375 0.29599244062499996 0.613235421875 0.293645865625 0.6173477625 0.25736979375 0.626003678125 0.2593714078125 0.6310767234375 0.250730390625 0.6393553062499999 0.25882308125 0.6573511390625 0.26906538593749996 0.6531309890625 0.281309303125 0.6539838859375 0.33735558125 0.63256210625 0.34479563281250003 0.621239696875
0 0.44274328125 0.6029042890625 0.4391403796875 0.5937728124999999 0.4202602609375 0.5886752093750001 0.407930103125 0.5901186593750001 0.391479596875 0.5962087078125 0.3775758296875 0.59869371875 0.3698216984375 0.6067051765625 0.3732244390625 0.6153293484375 0.3849817921875 0.6174639828124999 0.405666565625 0.6095309906249999 0.4308411234375 0.610462346875 0.43950982187500004 0.607283759375 0.44274328125 0.6029042890625
0 0.539758784375 0.5646019171875001 0.5344097890625 0.5611046890625 0.5219657093750001 0.559744490625 0.5096664328125 0.5486916015625 0.5009700578125 0.5467701921875 0.4908139921875 0.5486939953125 0.4816864140625 0.55825431875 0.4844886703125 0.5653565796875 0.49727451250000004 0.5751277328125 0.5189292078125 0.5822276 0.5349208296875 0.5825192859375 0.5422746390625 0.5734932203125 0.539758784375 0.5646019171875001
0 0.6217209015625 0.5601542937499999 0.627328615625 0.55676248125 0.629047028125 0.54602823125 0.64609801875 0.5414600984375 0.6483306703125 0.5345441078125 0.6442688859375 0.5317943609375 0.643326640625 0.5218614968749999 0.6166923921875 0.5247753484375 0.6023606218750001 0.5211457562499999 0.604707196875 0.517033415625 0.569231771875 0.5277185515625 0.5682863234375 0.5353820203125 0.577980303125 0.5574362890625 0.5883918890625 0.5662197828125 0.6217209015625 0.5601542937499999
0 0.73627475625 0.5093848109375 0.7486049140625 0.507941359375 0.7535535859375 0.5104239796875001 0.7569009671875 0.5088481625 0.7469759453125 0.4987829296875 0.73550499375 0.4948592546875 0.72646685625 0.48452689375 0.7174840796875 0.484394528125 0.7047812796875 0.4899233640625 0.699087321875 0.4956115234375 0.699715484375 0.5022334328125 0.7052337578125 0.5187343046875 0.711269478125 0.5214570984375 0.7271471765624999 0.518945134375 0.73627475625 0.5093848109375
0 0.6845670593750001 0.5845563015625 0.68854580625 0.572006059375 0.6838558578125 0.5626344015625 0.662429 0.561141834375 0.63550835 0.5658447296875 0.62795438125 0.5743634921874999 0.6148757359375 0.60157405625 0.61292948125 0.6067010015625 0.6202800859375001 0.615271271875 0.6274890921875 0.6159378984375 0.6457133703125 0.6093135921874999 0.6473732203125 0.6059756859375 0.6845670593750001 0.5845563015625
0 0.5358566703125 0.6276448218749999 0.542151109375 0.6234785781250001 0.556855525 0.6230227859374999 0.5680709562499999 0.616239159375 0.5693028046874999 0.6067866484375 0.562666603125 0.6025419421875 0.5547708734375 0.60264975 0.518408559375 0.6136020125 0.5001810812499999 0.637822653125 0.50169613125 0.644177434375 0.50970578125 0.6468732765625 0.52764365625 0.6420380109375 0.535798109375 0.635041165625 0.5358566703125 0.6276448218749999
0 0.43065903906249997 0.667844046875 0.442675115625 0.66308964375 0.4618139546875 0.66129820625 0.4705412125 0.6507232765625 0.46407749374999996 0.641885875 0.438188528125 0.63662895625 0.41412869687500004 0.64103776875 0.3944447296875 0.6515072843749999 0.39181175156250003 0.6574086671875 0.3921258328125 0.660719621875 0.403796946875 0.6651506015625 0.4163272671875 0.6642144546875001 0.4267697359375 0.660501609375 0.43065903906249997 0.667844046875
0 0.339109653125 0.6948509640625 0.3526130984375 0.6913513421874999 0.3629416484375 0.6848348468750001 0.3634867703125 0.6761567671875001 0.3592248234375 0.6728997140625 0.347867790625 0.67177969375 0.32028809375 0.68235701875 0.30924514375 0.68454795 0.30383759062500004 0.688447065625 0.30163261406249997 0.700463053125 0.295566015625 0.7102366 0.296680740625 0.715576771875 0.30371726718750003 0.7208360875000001 0.318307759375 0.71757664375 0.339109653125 0.6948509640625
0 0.256059684375 0.705675646875 0.25039660937499997 0.698867465625 0.2383528546875 0.698521875 0.22387628125 0.7045849703125 0.21955577499999998 0.7087242625 0.188601015625 0.715777409375 0.1764987 0.7228281609375 0.17772734375000002 0.730971984375 0.18485011093749998 0.7339349515625 0.21769255781250002 0.7291512 0.24487193281250003 0.7175592671875 0.2511663734375 0.713393021875 0.256059684375 0.705675646875
0 0.213762765625 0.7870941109375 0.21871143750000002 0.789576728125 0.2262068453125 0.7884543093749999 0.22792205625 0.795316396875 0.23367137031250002 0.799828234375 0.23850612187500003 0.7995071984375001 0.235500503125 0.80949396875 0.28426377187499996 0.8010500796875 0.30355965625 0.8009141218750001 0.3185227890625 0.7935692890625 0.3072828828125 0.7776565796875 0.28505858281249996 0.756538459375 0.26998152656249996 0.7610796390625 0.2420600703125 0.7632460140624999 0.21270660156250001 0.77435759375 0.2105601875 0.7789772390625 0.213762765625 0.7870941109375
0 0.3554334296875 0.7563426109375 0.36484741249999997 0.744993246875 0.357382884375 0.733619325 0.34376552031249996 0.734315296875 0.33638403281249996 0.7382413624999999 0.32931662500000003 0.7454783875000001 0.3254518 0.7608322796875 0.32956894531250003 0.773782021875 0.33691955 0.7823522921875 0.34146789843750003 0.7838202984375 0.3607792203125 0.777436171875 0.361810909375 0.76747635625 0.3554334296875 0.7563426109375
0 0.558557925 0.7002702125 0.567744065625 0.68331355 0.571978334375 0.6814706015625001 0.5761849203125 0.6745276625 0.570635765625 0.6705231296874999 0.573182503125 0.6669180953125 0.5708944890625001 0.6636340921875 0.5623120328125 0.6645163328125 0.5496369125 0.6751451687500001 0.5393946078125 0.6793653171875 0.5339561703125 0.6957607734375 0.5354712187499999 0.7021155546875 0.5408202125 0.7056127812499999 0.5494026671875 0.704730540625 0.558557925 0.7002702125
0 0.6769960296875001 0.632433103125 0.66324771875 0.6210600578125 0.651690528125 0.6194327296875 0.6401610140625 0.6229053984374999 0.6348673781249999 0.6296081671875 0.6502829953125 0.651074271875 0.67568539375 0.657612928125 0.675999475 0.660923884375 0.6949104765625 0.6535251484375 0.69762969375 0.6453274203125 0.6941407140625 0.6389995890625 0.6769960296875001 0.632433103125
0 0.7629515546875 0.5870562953125 0.7857241828125 0.5819 0.788471078125 0.57880226875 0.8002007546875 0.575836903125 0.7932227921874999 0.5631812453125 0.791566140625 0.5489228140625 0.78721795625 0.5479621109374999 0.7784385421875 0.5307407140625 0.7655079 0.53066225 0.7586129749999999 0.53330658125 0.7495716359375 0.540570559375 0.747252740625 0.549782896875 0.7362374703125 0.557073821875 0.7403269359375 0.5649235671875 0.7599491375 0.5794467296875 0.7629515546875 0.5870562953125
0 0.8177237421875001 0.574250634375 0.7958933625 0.5893397953124999 0.7978364124999999 0.6018091828125 0.815857328125 0.6122739109374999 0.8213479187500001 0.6236747828125 0.8165408484375 0.6290958125 0.8210029562500001 0.63286016875 0.8714106359375 0.627326540625 0.8845999984375 0.620515965625 0.8930131749999999 0.6066300796874999 0.8834299140624999 0.6049758 0.878367321875 0.59968953125 0.875595946875 0.580090928125 0.863897153125 0.570559953125 0.8596628875000001 0.5724029015625 0.8592040031250001 0.578784634375 0.84590071875 0.582791559375 0.8414386125 0.5790272046875 0.8243599421875001 0.57849534375 0.8177237421875001 0.574250634375
0 0.8374483296875 0.662033925 0.8333588656250001 0.6541841828125 0.8220018328125 0.6530641593750001 0.81155936875 0.656777003125 0.79164435625 0.6792355546875 0.7941602140625 0.6881268578124999 0.8066596515625 0.6996870515625 0.816929634375 0.7005668968750001 0.8291458734375 0.696319796875 0.834239346875 0.689109728125 0.8322686156250001 0.6715403421875 0.8374483296875 0.662033925
0 0.7273674734375 0.723212128125 0.7350353640625 0.717497015625 0.7334063921875 0.7083385843750001 0.7287441265625 0.7040669234375 0.7366707359375 0.6914627765625 0.73455520625 0.6835860828125 0.7236847359375 0.6811843203125 0.711668659375 0.6859387265625 0.7057745421875 0.6911195796875 0.7035418859375 0.6980355703125001 0.6969610421875 0.70399085625 0.7042530874999999 0.7199574703125 0.71346370625 0.7256971390625 0.7273674734375 0.723212128125
0 0.6355008062499999 0.7645044234375 0.63950723125 0.757054178125 0.6326155124999999 0.7421021718749999 0.6367081781249999 0.7323555796875 0.634192321875 0.7234642734375 0.6279564453125001 0.7202341765625 0.6202608749999999 0.7208492890625 0.6107052953125 0.7242950078125 0.6036378874999999 0.7315320296875 0.5991725765625 0.7453640109374999 0.6063783828125 0.7636269703125 0.6175629328125 0.7693396875 0.630579815625 0.767121803125 0.6355008062499999 0.7645044234375
0 1 0.69092070625 0.9967112531250001 0.689362196875 0.9822070015625 0.690325296875 0.9751704765625 0.6850659796875 0.9671885078125 0.687470134375 0.9617223921875 0.6987655937499999 0.9507656796875 0.6986601796875 0.9424973078125 0.7028533765625 0.9087679718749999 0.7079042546875 0.9120259125000001 0.7262211203125 0.91863123125 0.7429621671875 0.9229794171875 0.743922871875 0.9329353234375001 0.7414917640625001 0.9442061125000001 0.7449081343749999 0.9517877609375001 0.7414893703125001 0.96383151875 0.741834959375 0.97722104375 0.735531690625 0.9902411296875 0.7157174703125 1 0.7105269171875 1 0.69092070625
0 0.8829452421875 0.6762048125 0.8925285015625001 0.6778590921875 0.8992786234375 0.6849074515625 0.8982192578125 0.689767271875 0.9049417 0.6917156328125 0.9212197234374999 0.6902182765625 0.9310617062500001 0.6849835203125 0.9364969390625 0.6861843984375 0.956608909375 0.681829490625 0.9655054453125 0.6842582015625001 0.9685110640625 0.6742714328125 0.9625924703125 0.656755953125 0.9588170859374999 0.652217165625 0.9468595703125 0.6495752265625 0.9243456671875 0.6478424875 0.88798335625 0.65879475 0.8787418562499999 0.66555141875 0.8829452421875 0.6762048125
0 0.8839737375000001 0.745404128125 0.8924422734374999 0.7417182359375001 0.8936741203125 0.7322657234375 0.8869825609375 0.7178210234375 0.8813471640625 0.7161128375 0.87004549375 0.7251928078125001 0.8245002421875001 0.7355053984375 0.809078221875 0.749231965625 0.8045852312499999 0.7579639499999999 0.8088748593749999 0.76632099375 0.8213189375000001 0.767681196875 0.8353089468749999 0.7628998359375 0.8451232515625 0.7525650859375 0.8839737375000001 0.745404128125
0 0.7652327984375 0.786487025 0.7426635375 0.774554290625 0.743122421875 0.7681725578124999 0.7363723 0.761124196875 0.725501828125 0.7587224375 0.7128852671875 0.7619549296875 0.7066185093749999 0.7712211703125 0.7139382328125 0.79228778125 0.7190870640625 0.795277703125 0.7424292921875 0.8041396609374999 0.764601434375 0.7974614515625 0.7676347328124999 0.7925746796875 0.7652327984375 0.786487025