0 0.2459521625 0.0712924171875 0.2409409015625 0.0927991421875 0.2239175421875 0.101640975 0.221418128125 0.10831184375 0.2215300421875 0.12563204687500001 0.22704491249999997 0.1366636859375 0.2264791234375 0.1449502546875 0.22950701874999999 0.15448777656249998 0.22699516874999998 0.1693236328125 0.21549289843750002 0.18511461093749998 0.202479790625 0.194095578125 0.20259791875 0.20733328750000002 0.20715530312500002 0.21143333593750002 0.21850213749999997 0.2068996125 0.230526671875 0.2113995203125 0.233305871875 0.20262661249999997 0.24119580468750002 0.19783216718750002 0.2913954390625 0.19802525937499998 0.300093640625 0.207337165625 0.302431396875 0.21600604687499997 0.3176268265625 0.2269512078125 0.325218321875 0.23650628125 0.3281032140625 0.24913607031249999 0.33404709062500004 0.25089090937499997 0.3458104921875 0.2452453765625 0.34955339531249996 0.239321565625 0.3396117046875 0.22926259999999998 0.3280286125 0.20732090625000002 0.325006934375 0.193700890625 0.3176952234375 0.182043778125 0.310675734375 0.1601196375 0.30944468125 0.151207590625 0.31167674375 0.138473771875 0.32137595625 0.126139815625 0.31905063437500003 0.10930595000000001 0.31573673750000003 0.1059529609375 0.3128518453125 0.09332317343749999 0.2998636078125 0.08597416718749999 0.28565053749999997 0.0656306203125 0.280564671875 0.045322184375000005 0.2830640828125 0.038651315625 0.2897105328125 0.033109809375 0.2791940328125 0.008257509375 0.2512886046875 0.0147749484375 0.246020559375 0.026384987500000002 0.252648353125 0.0330909640625 0.24694695625000002 0.053729046875 0.2459521625 0.0712924171875
0 0.5250201015625 0 0.52493465 0.0024312515625 0.520899528125 0.018622090625 0.5015321921875 0.0228775375 0.49099362500000004 0.0415176109375 0.49387230000000004 0.0582298921875 0.509347515625 0.067073015625 0.5039134640625 0.09377404843750001 0.489482778125 0.1255126921875 0.4766188890625 0.12731889999999998 0.46736111406249997 0.1222110734375 0.45876860781250006 0.13430186093750002 0.45848260625000004 0.14048639375 0.44933052656249994 0.156781259375 0.4552495296875 0.1748660765625 0.453570821875 0.187478309375 0.46308972343750004 0.2027315796875 0.4680450234375 0.217967296875 0.48049856249999995 0.21319040625 0.48851284531249994 0.2175511765625 0.494208025 0.20099558593750003 0.492442275 0.17995764375 0.4959116078125 0.172053378125 0.506984875 0.1655392 0.5179027031250001 0.1702822765625 0.51966845625 0.191320221875 0.5276765203125 0.199763484375 0.5334649578125 0.21277557656249999 0.5441278734375 0.20329071875000002 0.5568425421875001 0.2086592703125 0.56446513125 0.19780187656249998 0.5592238265625 0.188750690625 0.5577378609375 0.165610709375 0.5537400453125 0.1573065828125 0.5516882921875 0.1424531734375 0.5519805125 0.1321861484375 0.5465962078125 0.126227228125 0.536499090625 0.0366204296875 0.5381715828125 0.028090690624999998 0.5350317765625 0.0012329640625 0.5351670921875 0 0.5250201015625 0
0 0.890377284375 0.0435486890625 0.883743271875 0.0409252046875 0.8660297765625 0.0488983921875 0.8587118468750001 0.041323771875 0.850001209375 0.0401768515625 0.837131103125 0.04606555625 0.8066221140625001 0.010937521875 0.796077328125 0.033660089062499995 0.7830082593750001 0.0793835015625 0.7759452421875 0.0860368171875 0.75159151875 0.0954690140625 0.743194859375 0.1151688859375 0.7363401296875 0.1212662953125 0.73988406875 0.15517719375 0.745964725 0.1579222609375 0.7521759484375 0.16574005 0.7543769234375 0.17341870312500002 0.7623912093749999 0.177779471875 0.7618254203125 0.1860660421875 0.7532453484375 0.18999184375 0.75046615 0.198764753125 0.752629815625 0.230938365625 0.7602150953125 0.24457593281249998 0.77153705625 0.2563721859375 0.78024769375 0.2575191046875 0.789779034375 0.2646073890625 0.794622421875 0.2625229046875 0.794373725 0.24421247343750002 0.8001932546875 0.2368121 0.7982720640625 0.2270314125 0.86067655 0.11333209531249999 0.86703699375 0.1139751234375 0.8729746515624999 0.11981245781250001 0.8937284765625 0.11321180312500001 0.9008039296874999 0.0983935015625 0.901382153125 0.081941940625 0.8936911796875 0.0469016765625 0.890377284375 0.0435486890625
0 0.5960409921875 0.36035111875000003 0.595220290625 0.35440975625000004 0.5722965796875 0.3329192890625 0.548844390625 0.2952204328125 0.5427575124999999 0.296557859375 0.53249873125 0.313095896875 0.5256719734375 0.3462246296875 0.5216492875000001 0.354250478125 0.508493178125 0.3663237125 0.49811626562500005 0.36962403906249996 0.48757769843750004 0.3882641140625 0.4961266796875 0.40475078125 0.5040041796875 0.40812132500000003 0.511309675 0.42386092968750005 0.5111418015625 0.443283171875 0.5170608031249999 0.4613679859375 0.5236948140625 0.4639914703125 0.5333567203125 0.476152475 0.5424777078125 0.4802700765625 0.5500878578124999 0.4775776703125 0.555497034375 0.46720661249999995 0.5505603875 0.43972341718749997 0.5520960984375 0.43020344843749997 0.55031169375 0.421412984375 0.5591777687499999 0.4113026515625 0.5702199453125 0.4252009421875 0.5765803890625001 0.4258439734375 0.5892018 0.4016448375 0.5891023234375 0.37615965 0.5960409921875 0.36035111875000003
0 0.3661696953125 0.380250646875 0.346472840625 0.32846299375 0.3380606421875 0.312966553125 0.33031370625 0.31466873125 0.3236610421875 0.32429273125 0.30197459375 0.39843690625 0.314403259375 0.4099899890625 0.3270806234375 0.43985350156249997 0.337998453125 0.4445965796875 0.3461433015625 0.45403006875 0.35195661093749997 0.4507121890625 0.35183226093750003 0.441556975 0.346323609375 0.42644284218750006 0.3529887109375 0.40865385625000006 0.360051728125 0.402000540625 0.36544224999999997 0.40387696562500003 0.376789084375 0.39934324375 0.37679530156249996 0.39526074843750003 0.3661696953125 0.380250646875
0 0.1511300390625 0.43566203437500006 0.1436939796875 0.4148497046875 0.1431530609375 0.40680630156250003 0.13418129375 0.395513940625 0.1270188015625 0.376682065625 0.1145155296875 0.32331381718749996 0.11618802343750001 0.31478407812500003 0.1128741265625 0.311431090625 0.10624011562499999 0.3088076078125 0.09018667500000001 0.3164160421875 0.0840873640625 0.325918453125 0.07935588593750001 0.3453231421875 0.06812718437500001 0.363094571875 0.0537524578125 0.3580907765625 0.047678015625 0.3512632140625 0.04338798125 0.35322611249999997 0.03936529375 0.3612519625 0.038239934375 0.37374261249999996 0.0418149640625 0.38724104375 0.044258415625000005 0.4173126171875 0.053795971875 0.42031840625 0.059304625 0.4354325375 0.066784209375 0.42766741250000007 0.07508449687499999 0.42584365 0.0819858578125 0.43453008281249994 0.0991273453125 0.4389259609375 0.10287024843749999 0.43300215 0.103436034375 0.424715578125 0.1071789375 0.4187917671875 0.112159109375 0.4176975109375 0.12680118437500001 0.42876425781250005 0.132322271875 0.435713403125 0.1361770875 0.44710979375 0.15400249531250002 0.456456809375 0.1564832515625 0.4620334203125 0.1611898578125 0.4589587078125 0.15885831875 0.4462073359375 0.1511300390625 0.43566203437500006
0 0.0202795265625 0.561946640625 0.027482584375 0.599808440625 0.037773603125 0.58912455 0.036816117187500004 0.5821929609375001 0.029230839062500003 0.568555390625 0.0202795265625 0.561946640625
0 0.17828781093749999 0.5827371296875 0.1636022203125 0.50944275 0.155040803125 0.5011210703125 0.147710434375 0.5017114375 0.13829101093750001 0.51194335625 0.122181609375 0.5562942343749999 0.1102689875 0.5691145296875 0.10044542812499999 0.5722932703125 0.0971190953125 0.57710526875 0.09959363593750001 0.5867643765625 0.108584059375 0.58580925625 0.11364505312499999 0.62244766875 0.11183577812500001 0.6299871796875001 0.11680351250000001 0.6370579109375 0.1219204671875 0.636953878125 0.11958271093749999 0.6282850015625 0.12332561093750001 0.6223611921875001 0.12775243125 0.62138851875 0.1365874171875 0.6316906515625 0.1461436265625 0.6224489609375 0.160947359375 0.6181759625 0.17753549531249999 0.622693421875 0.1819498796875 0.6298857375 0.1892802453125 0.62929536875 0.1935578453125 0.63549745625 0.19895458593749998 0.6332913875 0.18971546875 0.6159360765625 0.17828781093749999 0.5827371296875
0 0.175813259375 0.6638831125 0.173630940625 0.64395698125 0.175999784375 0.632213390625 0.1797302515625 0.6344545671875 0.18208666406250001 0.6308759625 0.1670404546875 0.6127560421875 0.1397894015625 0.6177234390625 0.13521958125 0.6217883796875 0.1216779890625 0.6145609578125 0.11713925781250001 0.598213428125 0.1143724953125 0.5988213484375 0.1117300828125 0.6085844859375 0.11238912968749999 0.6298655953125001 0.125228146875 0.6443893640625 0.11912261718749999 0.65797426875 0.12697524531249998 0.6776747859375 0.131638325 0.7031775296875 0.12940004375 0.719993840625 0.1350454796875 0.7360982015624999 0.1425001921875 0.74466305 0.15412059375 0.7421097828125001 0.155233515625 0.7377841187499999 0.161177390625 0.7395389609375 0.161736959375 0.73533488125 0.1694901140625 0.7295502078125 0.16453481406249998 0.7143144921875 0.1718962671875 0.69331165625 0.1804701203125 0.6934683484375 0.180768559375 0.679118828125 0.175813259375 0.6638831125
0 0.1592872796875 0.8001508906250001 0.149351809375 0.78600943125 0.1520004421875 0.7721638 0.1399821265625 0.7635814 0.09887860781249999 0.783835884375 0.0998298765625 0.79484996875 0.0974548109375 0.810676053125 0.093295340625 0.817711675 0.0925865515625 0.8290905125 0.095757446875 0.8355357671875 0.16089759374999998 0.8324460874999999 0.1649265 0.82033774375 0.164385584375 0.812294340625 0.1592872796875 0.8001508906250001
0 0.273520359375 0.7974974718750001 0.265518509375 0.7849717140625 0.2638708890625 0.7771714796875 0.2659599515625 0.767529928125 0.273557665625 0.773002509375 0.273296534375 0.762857065625 0.26985207187500004 0.75443135625 0.25673326875 0.7420096296875001 0.26034560625 0.7310130984375001 0.2602212578125 0.7218578859375 0.23586753124999998 0.7312900828125 0.2340520390625 0.7429120890625 0.23582400625000002 0.7598675375 0.2197767875 0.7633934796874999 0.2120422890625 0.7569306703125 0.209412309375 0.7585288171875 0.2120111984375 0.7773431390625001 0.22235080468750001 0.7985377734375 0.23023452187500001 0.797825821875 0.238684028125 0.7888272984375 0.24117100468750002 0.7903214171874999 0.24130157031250002 0.7953941390625 0.2469532265625 0.8074160031250001 0.26201186875000004 0.8173709406249999 0.280564721875 0.8030916359375 0.281124290625 0.7988875578125 0.273520359375 0.7974974718750001
0 0.33540258125 0.663507271875 0.3260204625 0.6492442265625 0.3192683203125 0.633383034375 0.3150093765625 0.61493346875 0.30880436875 0.603033184375 0.3085432359375 0.59288774375 0.3121431375 0.5900561984375 0.30702618125000003 0.59016023125 0.3009268703125 0.5996626421875 0.28778319531249996 0.603570890625 0.28344341875 0.638193740625 0.2643372125 0.6525946312500001 0.2695536453125 0.6779757890625 0.26524495312499996 0.692186171875 0.26452994687500003 0.707647503125 0.261887534375 0.7174106375 0.241121271875 0.7321762781250001 0.240965834375 0.7434335328125 0.24482686718750002 0.75074743125 0.25936325 0.74041148125 0.26061917343749996 0.732993553125 0.26946659375 0.7351307 0.26986450781250004 0.74626636875 0.2760757328125 0.7540841578124999 0.2831263109375 0.7555958296874999 0.2892194078125 0.7501759109374999 0.3002802390625 0.7518267203125 0.2969787765625 0.7403087453125 0.3080955671875 0.7052171109375001 0.3138964421875 0.7100642171875 0.320126321875 0.7056345265624999 0.318497353125 0.6855868093749999 0.3198900609375 0.6791591078125 0.3227998234375 0.675458921875 0.328190346875 0.6773353484375 0.3325985125 0.6886101515624999 0.346699675 0.6916334984375 0.35126949375 0.6875685578125 0.3530787703125 0.6800290437500001 0.3514311484375 0.672228809375 0.33540258125 0.663507271875
0 0.3696855703125 0.5814939390625 0.3744108296875 0.5661717421875 0.3711218046875 0.5464887796875 0.3650473625 0.53966121875 0.3538497515625 0.5370201812500001 0.3520777796875 0.5200647328125 0.34821675 0.5127508328125 0.34258375 0.4884814875 0.336092740625 0.4827657375 0.326959315625 0.48681312343750005 0.3164145296875 0.509535690625 0.31362289374999996 0.5264735859375 0.3046076015625 0.54375868125 0.3178507515625 0.5653356234375 0.315338903125 0.580171478125 0.33691965 0.5754296953125 0.351126503125 0.599855734375 0.353451825 0.6166896015625001 0.363262946875 0.6216758453125 0.3757164875 0.6168989546875 0.3786386859375 0.6050337796874999 0.371600540625 0.5953571203125 0.3696855703125 0.5814939390625
0 0.5104920015625 0.5648394890625 0.5043056484374999 0.5406917265625 0.5022538937500001 0.5258383140625 0.5056051 0.5046963421874999 0.50173785 0.5014649375 0.4977524703125 0.48499582343750003 0.49790790781250005 0.47373857187499996 0.50095445625 0.4710286109375 0.4911371125 0.4701248609375 0.48615072187499997 0.4753016109375 0.477161853125 0.49793737812499994 0.46243739218749996 0.5182624015624999 0.4560147671875 0.558444309375 0.4515692953125 0.571664465625 0.45225321249999995 0.5766156015624999 0.48125758125000007 0.6008511328125 0.48844494374999997 0.6033530328125 0.492871765625 0.6023803609375 0.49523439375 0.5947192625 0.5008984828124999 0.5985761421875 0.5133458046875 0.5978817453125 0.5180710625 0.5825595515625 0.5175301453125 0.5745161484375 0.5104920015625 0.5648394890625
0 0.4685864265625 0.657710215625 0.465023834375 0.6360467984375 0.47057290468749996 0.6246247203124999 0.4781861625 0.6198910671875 0.4794420875 0.6124731406249999 0.46468188125000004 0.5881686859374999 0.44879631406250003 0.5763548796875 0.4374432625 0.5849710953125 0.4288383203125 0.6052268734374999 0.42937923749999996 0.613270275 0.43255013125 0.61971553125 0.43265582656249996 0.6411182265625001 0.430286978125 0.652861815625 0.42806734999999996 0.657430646875 0.40621304062499997 0.660191975 0.3992868078125 0.6678355171875 0.3938714125 0.6822890687500001 0.3928766203125 0.6998524390624999 0.40309187656249995 0.7118918609375 0.402246303125 0.7222804703125 0.40596433281250005 0.732686634375 0.412324778125 0.7333296625 0.417012728125 0.7425024312499999 0.432226809375 0.7412001125 0.4451031375 0.7312289171875 0.454124646875 0.7098613296875 0.4602488328125 0.6840289390625001 0.4688164671875 0.6882681265625 0.47433755624999996 0.695217271875 0.47653853125 0.7028959234375 0.48151248437499994 0.7058841578124999 0.4867724421875 0.7026878625 0.48001408124999995 0.6909091640625 0.4685864265625 0.657710215625
0 0.390103628125 0.7953479421874999 0.38528511249999997 0.781102453125 0.383388796875 0.7549917875000001 0.37896819531250003 0.7518819671875 0.37470303125000004 0.73751489375 0.3759589546875 0.730096965625 0.390097421875 0.7086253484375 0.390818646875 0.6890815234375001 0.385981478125 0.6870835140625 0.3256722796875 0.696253696875 0.31597306875000003 0.70858765625 0.305465590625 0.7068152609375 0.296444078125 0.7281828484374999 0.299055403125 0.7388321796875 0.30816395625 0.75111476875 0.326698153125 0.7490829453125001 0.336360059375 0.7612439484375 0.34061278437500003 0.7837760125 0.33576317968749997 0.789942990625 0.3351911734375 0.8023120562500001 0.3325611953125 0.8039102046875 0.3446914234375 0.82981280625 0.35644238906250003 0.832332259375 0.38549028281250003 0.8279903359375 0.392833084375 0.8192349828125 0.3888290515625 0.8150133515625001 0.390103628125 0.7953479421874999
0 0.491789909375 0.7679037296875 0.49124899375000003 0.7598603265625 0.4969317375 0.7514697265625 0.49583746875 0.74354790625 0.49004281250000004 0.7346183078124999 0.48798484062499997 0.723847390625 0.48190418125 0.7211023203125 0.481773615625 0.7160296015625 0.466273528125 0.7235164515625 0.44160271250000005 0.7595456515625 0.44420781875 0.7742774781249999 0.47430023906249996 0.8105173234375 0.4784534921875 0.8075641953125 0.47765144218750005 0.7893753484375 0.48181091093750006 0.782339728125 0.49010498125 0.7845984578125 0.49244895624999996 0.7891848421875001 0.496875775 0.7882121703125 0.49923840625000004 0.780551071875 0.49634729375 0.772003778125 0.491789909375 0.7679037296875
0 0.5854805609375 0.7238512671875 0.5713980546874999 0.7085804437500001 0.5673878046875 0.70844130625 0.5533923374999999 0.7268206593750001 0.5449677046875 0.71948920625 0.53779899375 0.704739825 0.5324395609375 0.68245093125 0.5309349421875 0.6715584296875 0.5363441203125 0.661187375 0.52956710625 0.6616561578125 0.52390923125 0.6537167859374999 0.519619196875 0.655679684375 0.5054745125 0.6812337984375 0.5002145546875 0.6844300953125 0.489632459375 0.7316476234375 0.4951473328125 0.7426792640625 0.5280438203125 0.753816225 0.5312085 0.7643439734374999 0.5418403234375 0.775271584375 0.55112296875 0.7640494390625 0.5555684390625 0.750829284375 0.5634521593749999 0.7501173328124999 0.5702043 0.7659785234375 0.58057499375 0.766760690625 0.585032903125 0.7453755484375 0.590292859375 0.7421792515625001 0.59085243125 0.737975175 0.5854805609375 0.7238512671875
0 0.6031070171875 0.68222790625 0.6044997249999999 0.675800203125 0.5933269812499999 0.656829190625 0.586319928125 0.6267400624999999 0.5925560234375 0.6182278765625 0.6038779828124999 0.6300241296875 0.6108166515625 0.6142155984375 0.6104187390625 0.6030799296875 0.606296575 0.5856205875 0.597878159375 0.57420664375 0.5864131953125 0.565502659375 0.57714920625 0.564477321875 0.568140128125 0.577679925 0.5528763046875 0.6116421890625 0.550924025 0.622273971875 0.53831505 0.638308115625 0.5371834734375 0.654881259375 0.532607434375 0.663028690625 0.5372891656250001 0.676283953125 0.5442091812500001 0.6727229046875001 0.5545736578125 0.6775875640625 0.5596968328124999 0.6734010406250001 0.56164289375 0.6668517546875 0.5675929843749999 0.6645241000000001 0.573804209375 0.672341890625 0.5773730203125 0.6899228171875 0.58165061875 0.6961249015625001 0.58954055625 0.69133045625 0.6045991984375 0.7012853921875 0.6134652765624999 0.6911750578125 0.608211534375 0.6902888609375 0.6031070171875 0.68222790625
0 0.6587593515625 0.6434724828125 0.648264309375 0.6335351015625 0.6381609640625 0.638815884375 0.6227727921875 0.6636229359375 0.6075524890625 0.6690077484375 0.59853719375 0.6862928421875 0.5968647015624999 0.694822584375 0.5997558109375001 0.703369878125 0.6055566859375 0.7082169828125 0.61414919375 0.6961261953125 0.6221759125 0.6923219765625 0.6330937421875 0.697065053125 0.63460458125 0.703875059375 0.6434395640624999 0.71417719375 0.662788246875 0.7221692296875 0.6645913046875 0.7187122109375 0.6612774078125 0.715359221875 0.6618618484375001 0.69482516875 0.6761060125 0.694756246875 0.677218934375 0.6904305843749999 0.6761308828125 0.678426271875 0.6587593515625 0.6434724828125
0 0.6843254859375001 0.564394725 0.6849099265625 0.5438606734375 0.6691673640625 0.5289545999999999 0.6657229 0.520528890625 0.662160309375 0.49886547343750004 0.6706253609374999 0.479660715625 0.676025209375 0.4754134 0.6656731687499999 0.46238375156249995 0.6572361015625 0.4632172875 0.6467099671875001 0.473692375 0.6265965359375001 0.5138216203125 0.6109596640625 0.5203182453124999 0.6098218703125 0.54097388125 0.5997247421874999 0.5421721703125 0.59735589375 0.5539157609375 0.6034179 0.5689083078125 0.6118487531250001 0.572157265625 0.6128000218749999 0.5831713515625 0.6101638265625 0.58885199375 0.6118176625 0.5925697328124999 0.628536365625 0.60215991875 0.632416053125 0.597226334375 0.6328512765625 0.5838670406250001 0.6352076859375 0.5802884390624999 0.6584236156250001 0.5915118781250001 0.67180355 0.6140790484374999 0.6787111296874999 0.6186829828125 0.6875647671875 0.6167376390625 0.692414371875 0.6105706578125 0.6949262218750001 0.5957348015624999 0.69523088125 0.5773027890625 0.6843254859375001 0.564394725
0 0.76374126875 0.668779159375 0.762510215625 0.6598671125 0.7644500578125 0.6574003203125 0.7510576890625 0.6429981390624999 0.74663086875 0.6439708125 0.7284821484374999 0.66530329375 0.731796046875 0.66865628125 0.7305401234375 0.6760742109375 0.7207041281250001 0.687417940625 0.727729834375 0.7052595875 0.7472152999999999 0.7142418484374999 0.75662229375 0.7121749171875 0.7635485234375 0.704531375 0.7770963296875 0.7076763015624999 0.7807024484375 0.7007622640625 0.7783709078125 0.6880108921875 0.76374126875 0.668779159375
0 0.7965880546874999 0.34935571875 0.7943808625 0.34575956093750004 0.7882939890625 0.3470969859375 0.7686717390625 0.33712449843750003 0.7463200359375 0.303264965625 0.6879040484375001 0.340587059375 0.6700630953125 0.34144628125 0.6628632953125 0.34710936718749996 0.66091101875 0.35774114687499997 0.6621482890625 0.36257069999999997 0.7012311296875 0.3978554265625 0.7082568375 0.41569707187500005 0.715863878125 0.4150459140625 0.7277485218749999 0.420596840625 0.7360550234375001 0.4146905828125 0.7375845156249999 0.4092531109375 0.739686015625 0.3914465734375 0.7377772609375 0.37350089531249997 0.75189085625 0.3683592515625 0.7614532859375001 0.3550350671875 0.7661536734375 0.356042846875 0.7719358921875 0.37313743593750004 0.789363384375 0.37134878125 0.7970916671875 0.38189408281250004 0.7999952109375 0.3822763890625 0.8059577390625 0.371783746875 0.8156507328125 0.363532284375 0.8032345031249999 0.3438142125 0.7965880546874999 0.34935571875