0 0.7341898687499999 0.9583828515624999 0.763881725 0.9985957828125 0.771511453125 0.9947588250000001 0.7880730890625001 0.9710682687500001 0.802106846875 0.9573145890625 0.8083577296875 0.9588977453125 0.8243066046875 0.9485137734375 0.833253878125 0.937318065625 0.8408836046875001 0.9334811078125 0.8405312109375 0.9305071921874999 0.8442847812500001 0.9266500765625001 0.8542892328124999 0.9243761203125 0.86922701875 0.9310440718749999 0.877607459375 0.9264356906250001 0.888960190625 0.93411876875 0.8942151890625001 0.9287188109375 0.8975550734375 0.9199491421875001 0.9000216578125 0.90807363125 0.8940465124999999 0.898867865625 0.8893583515625 0.8976804968750001 0.8852677531250001 0.9072215859374999 0.872612834375 0.91555515 0.8616124953125001 0.9108459874999999 0.85792005625 0.8839488046874999 0.8602027609375 0.8662573874999999 0.8422773203125 0.8386400859375 0.833375975 0.8431165343749999 0.8222530499999999 0.8345301046875001 0.809720721875 0.846740940625 0.801677309375 0.8456653453125 0.798827603125 0.8372511578124999 0.7988581671875 0.821874009375 0.7873828515625 0.810313659375 0.78393558125 0.7911710140625 0.78039645625 0.785466884375 0.7734561484375 0.7865937828125 0.7677108109375 0.776484665625 0.7477937625 0.7675940625 0.73769745 0.7833065328125 0.7287961046875 0.78778298125 0.7209673000000001 0.8098390796875 0.7175814859375 0.8253280015625 0.7265594890625 0.831448075 0.7300067578125 0.850590721875 0.7395669625 0.8587813625 0.7442704875 0.8686266234375 0.7425699812500001 0.8883886046875 0.7451285875 0.8957675093749999 0.7430910515625 0.9212134671875001 0.73818844375 0.9295873453124999 0.729624128125 0.9283798203125 0.724123959375 0.926025240625 0.722898265625 0.9199454749999999 0.6926703015625 0.90363565625 0.6867412453124999 0.9204035656249999 0.6869404875 0.9348773609375 0.6907707171874999 0.941616775 0.7020467890625001 0.938703325 0.7341898687499999 0.9583828515624999
0 0.6670075953125 1 0.6698775078125 0.9954117953124999 0.6726351937499999 0.9845715671875 0.669892709375 0.97137675625 0.67188431875 0.9526500546875001 0.666368784375 0.941637584375 0.6476620625 0.9301688546875001 0.63042620625 0.9325344281250001 0.617893875 0.9447452625 0.6162237687500001 0.9164371609374999 0.60330831875 0.9083582953124999 0.5995240203125001 0.8948996234375001 0.59909496875 0.8813291796874999 0.5843257000000001 0.8718192406249999 0.57340201875 0.8777066078125 0.5419331609375 0.8793520656249999 0.5397728749999999 0.8682278171875 0.5257237515625001 0.8733236046874999 0.5227514609374999 0.8610321484375 0.5170214843750001 0.8595809187500001 0.5092845359375 0.8681984999999999 0.5043513671875 0.8919495234375001 0.4910836859375 0.9135896734375001 0.48297898124999994 0.91057544375 0.47671273437500006 0.9003343953125 0.470768315625 0.9084444093749999 0.466279396875 0.9217308375 0.45933909218749996 0.9228577390625 0.457209534375 0.929049278125 0.45907871875 0.9391382406250001 0.47266822656249996 0.9358491609374999 0.4740165046875 0.94580619375 0.4766210421875 0.9464658421875001 0.4870238140625 0.9404465453125 0.49350450468749996 0.9411263515625 0.508518946875 0.9583908296875 0.5095761249999999 0.9673125796875001 0.5041526140625 0.9755545265625001 0.505041278125 0.987318265625 0.5031161375 0.9987433390625 0.5128207484375 1 0.6280146296875 1 0.631989253125 0.9983160828125 0.63949639375 0.99060185625 0.6471874093750001 0.9887035328125 0.65762089375 1 0.6670075953125 1
0 0.502240625 0.7389583703125 0.503389659375 0.73444160625 0.49693953593750007 0.7183846515625001 0.5009688390625 0.7069049281249999 0.508246175 0.7000940546875001 0.51140218125 0.6855084828125 0.5075106625 0.6768304359374999 0.484468171875 0.6671482546874999 0.4759497828125 0.6592214734375 0.46867244843750006 0.6660323484374999 0.4581470890625 0.6681743765625 0.45764154531249995 0.676700334375 0.4535509484375 0.686241425 0.43531920468749996 0.68162388125 0.42546790312500005 0.6723979609375 0.420411984375 0.65957878125 0.41638251562499995 0.6383655734375 0.41774599375 0.6242875640625 0.4156010734375 0.6218212109375 0.40924296718750003 0.6250186765625 0.405611984375 0.6327530593749999 0.40683767499999995 0.6388328234375 0.404600896875 0.649804984375 0.4092431328125 0.6577116078125 0.40735874531249994 0.6716576859375001 0.3933709171875 0.678692109375 0.3845154984375 0.676449303125 0.3788008875 0.6836559656250001 0.372412215625 0.7022305796875 0.37486359999999996 0.7143901078125 0.3817579765625 0.7199824671874999 0.386553359375 0.7163892109375001 0.3935549578125 0.7172009453125 0.4015524390625 0.7249957984375001 0.40712926562499996 0.737946903125 0.40573522031250003 0.7674020609375 0.41071448281249995 0.7696247109375001 0.414820609375 0.80143445 0.4233389984375 0.809361228125 0.43271532500000004 0.811735965625 0.438552521875 0.8084065718750001 0.44062078437499996 0.800276396875 0.44996638281249995 0.785335353125 0.47677764375000004 0.7671253765625 0.4834881390625 0.766901828125 0.502240625 0.7389583703125
0 0.6724846828125 0.6647661953124999 0.6663410187500001 0.6584024125 0.665054034375 0.650384015625 0.6651612546875 0.64560339375 0.672086196875 0.6358186015625 0.6735109687499999 0.623679228125 0.65944648125 0.6201171249999999 0.6508668 0.6102517062499999 0.6391924046875 0.616910496875 0.6145259000000001 0.6048938921875 0.6081218671874999 0.6148106140625 0.60507308125 0.6246155625 0.5971522546875 0.6274172375 0.5939655234375001 0.624687025 0.5933525953125 0.605300675 0.589185340625 0.6042452359375 0.573588859375 0.6176031265625 0.5694369671875 0.62520558125 0.5663268890625 0.6330718937500001 0.56606651875 0.64935239375 0.568165509375 0.6585380046875 0.5797939765625 0.6585984734375 0.584895825 0.66469839375 0.591392040625 0.7067290234375 0.59157591875 0.7125449296874999 0.5880521562500001 0.7154986890624999 0.6249294890625 0.7623392625000001 0.6345356203125 0.7638106453125 0.6445860031249999 0.75481743125 0.652935715625 0.7328932671875 0.6513422671875 0.7151816953125001 0.65751649375 0.7061683249999999 0.6686699796875 0.69937760625 0.6711365640625 0.68750209375 0.6767285937499999 0.676418159375 0.6724846828125 0.6647661953124999
0 0.37893818281249997 0.5654193953125 0.38742584375 0.5560303921874999 0.39404432031250003 0.536552428125 0.39505540625 0.5195005015625 0.3923282875 0.5149635828125 0.38978504531249997 0.51624256875 0.380377990625 0.4965520484375 0.360583528125 0.49153871562499996 0.3530304609375 0.5059722015625 0.34682566718749996 0.53036271875 0.3250855265625 0.537356828125 0.318068565625 0.5278872031249999 0.31008628437499997 0.496057309375 0.29991331718750003 0.5011732515625 0.2955777125 0.5356527359375 0.308968140625 0.5505827890625 0.31817595 0.5557995140624999 0.321914321875 0.5759774421875 0.320535478125 0.58139755625 0.3161997078125 0.583184103125 0.31367182968749996 0.5931209828124999 0.3088764453125 0.5967142359375 0.32378366718749996 0.6187593375 0.3365765328125 0.622960934375 0.3467495015625 0.6178449921875 0.3571369125 0.6031678031250001 0.356432125 0.5972199703125 0.3618556375 0.588978021875 0.35854631875 0.582370540625 0.36459796093749997 0.5694799015625 0.37893818281249997 0.5654193953125
0 0.1788350625 0.8637840921875 0.179692996875 0.858232046875 0.199088975 0.8342977859375 0.21215757656249998 0.8308767734375 0.21750443281249998 0.8120383 0.21485380625 0.7854049734374999 0.22033861093749998 0.7791016640625 0.2300519640625 0.7757924234375 0.2427835359375 0.7780553859375 0.2464758140625 0.7722596375 0.25335482656249997 0.769194103125 0.2543812765625 0.7608000703125 0.24915684374999997 0.75082288125 0.2374057890625 0.7468851437499999 0.22554751875 0.7477280281249999 0.21719764375 0.7369592593750001 0.2222534 0.7170855031250001 0.2181320734375 0.7093108078125 0.2188061296875 0.697942859375 0.2245666703125 0.6840169375 0.22015424375 0.675206959375 0.2218547515625 0.655444978125 0.2206903515625 0.6513038484375 0.21050201875000002 0.6477618984375 0.20729992031250002 0.63637379375 0.1998540734375 0.64602665625 0.1937257765625 0.6483207656250001 0.1887465140625 0.64609811875 0.185958103125 0.6396225640625001 0.1799523921875 0.6457939453125 0.1706680859375 0.6626736265625001 0.16708303124999999 0.663688753125 0.164524425 0.6563098484375 0.1557456640625 0.66466356875 0.15478050625 0.6749962359375 0.157446334375 0.67759451875 0.15908571093749999 0.6885868359375 0.1551636265625 0.6952859375 0.142799809375 0.704654784375 0.1392301171875 0.7143278015625001 0.14045581093749998 0.7204075671875 0.1454963671875 0.724568853125 0.1409768796875 0.753232428125 0.1576612671875 0.766112075 0.15591482968749998 0.7925933140625 0.15075185156249998 0.8172476921875 0.1513495796875 0.8606690828125 0.1470291734375 0.871113521875 0.15577736874999998 0.8781369515625 0.1681565515625 0.877425996875 0.172951934375 0.8738327437500001 0.1788350625 0.8637840921875
0 0.5538707281249999 0.5578004546875001 0.5586048171875 0.5522685640625 0.5656677078125 0.5550189343749999 0.5686859296875 0.5605911375 0.5775872750000001 0.5561146859375 0.578154109375 0.5495273593750001 0.5715967609375 0.538251028125 0.5728530203125 0.5289536406249999 0.565330515625 0.5280099765624999 0.5580837468750001 0.519443703125 0.5529359687500001 0.5200630421875 0.548201878125 0.5255949281250001 0.5427630046874999 0.525178984375 0.5406334484374999 0.531370521875 0.5289284046875 0.5370599921875 0.5206704703125 0.5291991765625 0.5257875171874999 0.5112640546875 0.5246690468749999 0.50040366875 0.5305521734374999 0.49035501875 0.5275185921875 0.476124925 0.515016825 0.472958609375 0.5005080875 0.4798611015625 0.493292046875 0.48861061093749997 0.4927252109375 0.4951979390625 0.49811815781249996 0.50233314375 0.49611118593750003 0.51240195 0.48918624531250005 0.522186740625 0.48652041874999996 0.5195884562499999 0.480744515625 0.5248564874999999 0.47936567031250005 0.5302766015625 0.49148448125 0.54584615 0.4947478703125 0.559172890625 0.4905346875 0.564836709375 0.48313476875 0.5677703140625 0.48181721718750004 0.5751290640625 0.5008457671875 0.6049488609375 0.5115550062499999 0.6086227375 0.5186638234375 0.6046538515625001 0.529847878125 0.5824859828125 0.5520322703125 0.5650272734375 0.5538707281249999 0.5578004546875001
0 0.6077992234375 0.43299487968749995 0.616133734375 0.43510575781250005 0.5925855375 0.40125660625000004 0.5817077859374999 0.400424715625 0.574966721875 0.41602541249999997 0.564916340625 0.42501862656249995 0.5470216265625 0.414717109375 0.5382275015625 0.4144129375 0.5198886984375 0.44726894687499996 0.519612965625 0.4548915578125 0.528927996875 0.45532765937499997 0.5364045734375 0.46299058125 0.5396066703125 0.4743786859375 0.555816078125 0.480407146875 0.564686859375 0.49130784375000003 0.568854115625 0.4923632828125 0.5754420265625 0.4882624640625 0.5908392640625 0.460430778125 0.5905940921874999 0.4526762390625 0.57726495625 0.4396848203125 0.5772495906249999 0.431026928125 0.5806507703125 0.42419589843749994 0.59047134375 0.4161060359375 0.5945313796875 0.4219420953125 0.60524061875 0.425615978125 0.6077992234375 0.43299487968749995
0 0.8150588843750001 0.48356430625 0.8058664390624999 0.48700547343749995 0.7955403203125 0.5036212953125 0.77513309375 0.5119145484375001 0.769740146875 0.5047793453125 0.770981040625 0.4868240703125 0.7650518203125001 0.47089904374999997 0.7537757468749999 0.47381249375 0.7447671796875001 0.483069565625 0.736999665625 0.5070642953125 0.7362183875 0.5232128687500001 0.7273170421875 0.5276893171875 0.715397475 0.5265935703125 0.7106481828125 0.5561605000000001 0.711536846875 0.5679242359375001 0.714892096875 0.5678124640625 0.7240691781249999 0.5557134046875001 0.73130058125 0.555621784375 0.7461465109375001 0.5757282515625 0.7595215765625001 0.5820004140624999 0.773157015625 0.571992075 0.7776000046875 0.5654249015625 0.7786264546874999 0.55703086875 0.8241748390625 0.50221954375 0.8356807203125 0.4984027421875 0.8342252218749999 0.4932263296875 0.8150588843750001 0.48356430625
0 0.8045039390625 0.6972410796874999 0.7921860515625 0.69989066875 0.787942140625 0.688238703125 0.793304359375 0.6780581234375 0.8054996624999999 0.6715312640625 0.8183690218749999 0.6536364546875 0.8246199046875 0.6552196140625 0.8312078187499999 0.6511187953124999 0.831652065625 0.6406541984375 0.826427634375 0.6306770078125 0.8189664203125 0.6316719796875 0.8125929546874999 0.6262115515625 0.8117042906249999 0.6144478125 0.8062041203125 0.61209323125 0.8058210015625 0.59180353125 0.8034922015625 0.583521271875 0.7896728859375 0.58771370625 0.7798523109375 0.5958035671874999 0.774122334375 0.5943523390625 0.7618351734375 0.6143177140625 0.7539756421875 0.6190580234375 0.751830721875 0.61659166875 0.752443484375 0.6032850843750001 0.7386241703125 0.6074775203125 0.7331393640625 0.6137808312499999 0.7306114859374999 0.6237177093749999 0.732419378125 0.6318680390625 0.7284667312499999 0.6539442890625 0.7309027515625 0.657445925 0.7269806671875 0.664145028125 0.7257244078125 0.673442409375 0.7329098843749999 0.6800700515625 0.7322204609375 0.6827801078125 0.747571934375 0.6943606109375 0.7681632031250001 0.724576196875 0.7758695875 0.7313357671875 0.7818293703125 0.731883640625 0.7878350828125 0.7257122578125 0.7931360093750001 0.7135930421875 0.8076447468750001 0.70669055 0.8118120015624999 0.7077459890625 0.8049176265625 0.7021536312500001 0.8045039390625 0.6972410796874999
0 0.953294521875 0.6027612859375 0.9506746234375001 0.59344374375 0.9441326406250001 0.5908253046875 0.935200565625 0.577985971875 0.9347868796875 0.5730734203125001 0.9210288578125001 0.5792044890625 0.90828191875 0.5682836359375 0.8921032406249999 0.5795709578125 0.8763688125 0.5803936875 0.8683100375 0.5706602015625 0.8629018859375 0.5875600375000001 0.8529587281250001 0.59177263125 0.8688466328125 0.644835890625 0.8632086781250001 0.6626390796875 0.8910926437500001 0.694701684375 0.9003463828125 0.69319915 0.9001625046875 0.6873832453125 0.9059384109374999 0.6821152171875 0.9136599921874999 0.66483974375 0.9259012249999999 0.6515936265625 0.9443320453125 0.6379920328125 0.9548574046875 0.6358500078125 0.9583198765625 0.6309576125 0.9583658046875 0.6242383546875 0.9518697515625 0.61490065625 0.9537082078125 0.6076738359375 0.9582737828125 0.6049839343750001 0.953294521875 0.6027612859375
0 0.2902918234375 0.4910439765625 0.2975385890625 0.499610253125 0.29951499843749996 0.50491859375 0.297845053125 0.5093034265624999 0.30982591406250004 0.5123378125 0.316306440625 0.4803246828125 0.324671515625 0.46705841093749995 0.3271381015625 0.4551828984375 0.33793919843750003 0.44541826249999994 0.3469936921875 0.4294419328125 0.358897896875 0.421879790625 0.3589438265625 0.415160534375 0.3520648125 0.41822606875 0.3470242578125 0.41406478281250003 0.3500573515625 0.330216078125 0.3520183953125 0.326866528125 0.3500879171875 0.3148389265625 0.3550364515625 0.2997457953125 0.3632330140625 0.289321509375 0.356093465625 0.2759746125 0.353488934375 0.2753149640625 0.34477146406250003 0.28560731875 0.3371417359375 0.2894442765625 0.3203347671875 0.27268736250000003 0.3028998296875 0.29327207187500004 0.29732316875000003 0.3130138984375 0.2991310609375 0.3211642265625 0.29689428281249997 0.3321363859375 0.3002036 0.3387438703125 0.30017303906250004 0.354121021875 0.289785625 0.36879820625000004 0.295592259375 0.38084596249999997 0.2924208890625 0.3867736421875 0.28339695625 0.38737282031250003 0.2812674 0.3935643609375 0.2875490125 0.41246330000000003 0.28874413906249996 0.4339202140625 0.29709401406249997 0.4446889828125 0.29960669218749997 0.45878714687500005 0.29818191875 0.47092651874999997 0.28362725312500003 0.48454826874999996 0.2856649515625 0.4917952453125 0.2902918234375 0.4910439765625
0 0.43303503125000004 0.4050789 0.4172087453125 0.41934014375000006 0.413210003125 0.41544271874999994 0.4042780921875 0.43529631875 0.41284241093749996 0.4365038421875 0.42246390468749995 0.4466331171875 0.431365415625 0.4748496015625 0.4411094953125 0.488856146875 0.44817238593750003 0.49160651718750004 0.45822276874999995 0.48261330156250004 0.4663886 0.45487323437500005 0.48331799531249997 0.4428144859375 0.487286009375 0.4293961265625 0.49669289843750003 0.41639371562500005 0.49459390625 0.407208103125 0.49094755625 0.40628459375 0.487944703125 0.4093702859375 0.45681286875 0.40533176875 0.4444949828125 0.4079813578125 0.4363902796875 0.404967128125 0.43303503125000004 0.4050789
0 0.4456592203125 0.379429553125 0.45247693906249997 0.37442538281250004 0.4567054875 0.37741945781249997 0.4709844171875 0.371420315625 0.4707851734375 0.35694651875 0.4678741765625 0.34659369687499997 0.444678371875 0.3157184625 0.44431061562499996 0.30408665468749996 0.4365275765625 0.28673055625 0.43056779375 0.2861826828125 0.4202876046875 0.2960792484375 0.40413948906249997 0.291989425 0.40125921875000004 0.2989523828125 0.407693978125 0.30635144687500004 0.41089607812500006 0.317739553125 0.41068163750000003 0.3273007953125 0.4052581234375 0.33554274375 0.3986089203125 0.337704925 0.397459884375 0.3422216890625 0.4095786921875 0.357791234375 0.41504829687499994 0.375522965625 0.41120287031249997 0.3928185921875 0.406346190625 0.3944732125 0.4164580296875 0.42011156562499996 0.41993586406250005 0.4238770640625 0.42583435625000005 0.422486303125 0.42807113281250003 0.41151414218750004 0.441063078125 0.397496603125 0.44248785 0.3853572328125 0.4456592203125 0.379429553125
0 0.6912512265624999 0.383937159375 0.656917459375 0.4012034703125 0.6511261921875 0.39781360781249997 0.6448293796875 0.4029497078125 0.6425926015625001 0.413921865625 0.6508198921874999 0.42081336562500005 0.6548339953125 0.43336868281249996 0.6548647265625 0.4506844671875 0.6491041828124999 0.46461038906249996 0.6632453265625 0.4787690203125 0.6697260171874999 0.47944882499999997 0.6780910921875 0.466182553125 0.6869924375 0.46170610468750006 0.6958784203125 0.44857176093750006 0.7072770828125 0.44953557968749996 0.7102799375 0.44644988906250005 0.7115208296875 0.4284946140625 0.7089468609375 0.41245781406250004 0.714079275 0.4031805859375 0.7096668453125 0.3943706078125 0.70012200625 0.39483785937500004 0.6912512265624999 0.383937159375
0 0.72135676875 0.42906264375000003 0.7132981578125 0.452022090625 0.71314500625 0.463521971875 0.7372906046875001 0.47540664687499995 0.7426681875 0.47388395625 0.746513615625 0.45658832812499994 0.7533772640625 0.44486490156249997 0.7551544265625 0.435699446875 0.7294461078125 0.4234189828125 0.72135676875 0.42906264375000003
0 0.718889859375 0.3755522890625 0.713941325 0.3906454234375 0.7158564359375 0.39401513125 0.7134357812500001 0.3991713859375 0.7148299859375 0.40240916093749995 0.7367540078125 0.40123095781250007 0.740507578125 0.39737384375 0.7432652625 0.38653361249999996 0.7484589671874999 0.37919502031249996 0.7518447796875 0.363706096875 0.7400324375 0.35782972343749997 0.7327704671874999 0.3732984890625 0.7283121125 0.37120777031249996 0.723026384375 0.35929194531249997 0.7155651734374999 0.36028691562500004 0.7147072375 0.365838959375 0.718889859375 0.3755522890625
0 0.1075463296875 0.627455703125 0.1139964546875 0.643512659375 0.1273561546875 0.641126928125 0.1396586796875 0.6298194484375 0.15327875156249998 0.611153215625 0.156082365625 0.593593728125 0.172506215625 0.590060940625 0.1764283 0.5833618390625 0.1785424921875 0.5685124109374999 0.1819436703125 0.5616813796875 0.1980764203125 0.5571133109375 0.2089847390625 0.542568053125 0.20616559687499997 0.5187767187500001 0.19354124687500002 0.51173313125 0.181391871875 0.511540734375 0.18402697031249998 0.49682323281249996 0.182280375 0.4906115390625 0.17563116875 0.4927737203125 0.1673425875 0.48394358750000005 0.1683690375 0.475549553125 0.15853309843750002 0.4749815234375 0.15424325625 0.47004881562499995 0.151700015625 0.4713278015625 0.15084207968750002 0.476879846875 0.143855846875 0.484726003125 0.1356746484375 0.5038081796875 0.12973023125 0.5119181984375001 0.11843878906250001 0.5061737546875 0.11034945468749999 0.5118174171875001 0.10874080156249999 0.5181408828125 0.1188832046875 0.5284020921875 0.11925096093750001 0.5400339 0.12401578124999998 0.5518177953125 0.12508832187500002 0.5693974374999999 0.12303542187500001 0.5861855046875 0.11552828281250001 0.59389973125 0.103394109375 0.569672290625 0.08903852343749999 0.565074903125 0.08136286875 0.57563111875 0.0795244109375 0.5828579375 0.07531122812499999 0.5885217609375 0.074514584375 0.5960124390625 0.074928271875 0.600924990625 0.09466144062500001 0.6039996890625 0.097220046875 0.6113785921875 0.0955654671875 0.6244213171874999 0.1075463296875 0.627455703125
0 0.185696425 0.3943596015625 0.1894346296875 0.3818445953125 0.20693085937500003 0.36319851875000003 0.200159071875 0.36148343125000004 0.197447315625 0.36560440625 0.190798109375 0.36776658906250004 0.181100121875 0.37973371718750004 0.17610549375 0.36885317500000003 0.1771932390625 0.36239777968750003 0.17209138906250002 0.3562978578125 0.17184621718749998 0.34854331875 0.16686695625 0.34632066875 0.16430835 0.33894175937500004 0.1578889546875 0.3402005921875 0.150351246875 0.3632919671875 0.1383857515625 0.368915475 0.1316446890625 0.384516171875 0.121624871875 0.3781322359375 0.11807038125 0.3637702140625 0.10414384531250001 0.3727432703125 0.09531915468749999 0.387816246875 0.09216315 0.40240181875000003 0.1030257 0.4272687484375 0.104373978125 0.4372257828125 0.11382695937500001 0.45019704843749997 0.11511394531250001 0.45821544531249997 0.1127545796875 0.4653103359375 0.1154970640625 0.478505146875 0.128473809375 0.4885226484375 0.1425229328125 0.483426859375 0.1720765140625 0.44571876406250005 0.1847467953125 0.4460430921875 0.1981524265625 0.43693810468749994 0.199761075 0.43061463906249997 0.1954712359375 0.4256819296875 0.19740154999999998 0.40501659375 0.1936326140625 0.40021581875 0.1872132171875 0.4014746484375 0.185696425 0.3943596015625
0 0.034480267187500004 0.3675998390625 0.0435654921875 0.3689392921875 0.09403184375 0.31441198125 0.10955166718750001 0.2904575640625 0.100665521875 0.27089897343749997 0.094292053125 0.265438546875 0.0873671125 0.27522333906249996 0.079262409375 0.272209109375 0.071050484375 0.2739755046875 0.0634666875 0.271093203125 0.051056776562499996 0.254488375 0.04388666875 0.256518628125 0.0417034984375 0.265100475 0.045357529687499995 0.2703529296875 0.0489120203125 0.284714953125 0.0474720484375 0.320889365625 0.0432588640625 0.32655318437499997 0.035797653125 0.32754815625 0.028673470312499998 0.32285915 0.031523175 0.3312733375 0.035858946875 0.32948679062499997 0.0388235546875 0.337449303125 0.036012259375 0.35067984375 0.028397896875000002 0.3631746921875 0.034480267187500004 0.3675998390625
0 0.221806865625 0.2698490359375 0.21497378125000002 0.2661953140625 0.21218536875 0.25971976093750004 0.20339124531250002 0.2594155890625 0.19940786562499999 0.26417605625 0.199821553125 0.26908860625000003 0.188453621875 0.285440571875 0.18270828125 0.2753314515625 0.173806934375 0.2798079 0.1719684765625 0.2870347203125 0.1732248984375 0.3104302671875 0.185159828125 0.3201839125 0.1904455546875 0.3320997375 0.1904762828125 0.349415521875 0.1958079375 0.3546120890625 0.20650181406249998 0.349628075 0.21348804375000002 0.3417819203125 0.21538779375 0.3364937328125 0.21439190937500002 0.329510615625 0.21750198593749998 0.3216443015625 0.22477931875 0.314833428125 0.23247033906249998 0.31293510625 0.2387517859375 0.2991411140625 0.2425972125 0.28184548593750003 0.2554206421875 0.2706699328125 0.2401304640625 0.261028065625 0.221806865625 0.2698490359375
0 0.9273446468750001 0.44757862656249997 0.919561771875 0.4629154671875 0.91974565 0.46873136718749997 0.9364300359375 0.48161101562499997 0.94353885625 0.47764212656250005 0.9523635453124999 0.46256915000000004 0.9565613640624999 0.44824743749999996 0.9545695953125 0.434281203125 0.9568217375 0.43196693750000004 0.9548453312499999 0.426658596875 0.9494371015624999 0.42721196875 0.9415161921875 0.41366717656249996 0.9183359187500001 0.42414276875 0.917937596875 0.42788810625 0.927329284375 0.4389207359375 0.9273446468750001 0.44757862656249997
0 0.8832663140625 0.3527595921875 0.8820100562500001 0.362056978125 0.8780879718750001 0.368756078125 0.8797273484374999 0.37974839375 0.8617868703125 0.4088590671875 0.85651650625 0.4056011328125 0.8623385046875001 0.4263067796875 0.8611894687499999 0.43082354375 0.85241070625 0.43917726406249996 0.8508020593750001 0.4455007328125 0.8541880359375 0.46270474375 0.8574360625 0.46737358906250004 0.8699991203125 0.47247854062499994 0.8867448 0.48729682343749997 0.902034815625 0.46424575625 0.9050069437499999 0.4438442828125 0.9025398687499999 0.35764099374999997 0.8974993140624999 0.353479709375 0.8832663140625 0.3527595921875
0 0.9069370953125 0.3904860140625 0.90839259375 0.395662425 0.9341009109374999 0.40794289062500005 0.9485942859375 0.3923825046875 0.95807783125 0.389976621875 0.958353565625 0.382354009375 0.9538952109375 0.3802632890625 0.9371343328125 0.38948005 0.9346983124999999 0.3859784125 0.936123084375 0.3738390421875 0.9309292140625001 0.3484847015625 0.9240961328124999 0.34483098125 0.9202812703125 0.346749459375 0.9136474296875001 0.357569534375 0.9159915906249999 0.37450968281249997 0.9069370953125 0.3904860140625
0 0.9750533156250001 0.4038915453125 0.97200453125 0.4136964953125 0.964267584375 0.42231407499999996 0.9608664078125001 0.42914510781250004 0.9624904203125 0.43147953125000005 0.9810286265625001 0.44579024843750004 0.99002183125 0.42787528437500005 0.9925956390625 0.411219146875 0.9996737265625001 0.389934475 0.9815799359374999 0.39785209374999997 0.9750533156250001 0.4038915453125