0 0.417140075 0.4490151953125 0.4085767859375 0.45255083906250004 0.3991550765625 0.47180966562500004 0.382886921875 0.463157775 0.36965708125 0.46995657812499997 0.365944228125 0.4868583078125 0.375236371875 0.507745375 0.3494102640625 0.51640394375 0.343476559375 0.5295451812499999 0.3474685734375 0.558634446875 0.3793713046875 0.5808772703125 0.38807083593749997 0.5792899921875 0.3994885546875 0.5745758000000001 0.40927135468750003 0.5464811984375 0.42159513437499996 0.5407247 0.4347773359375 0.5192450203125001 0.43133029375 0.4979492234375 0.44066340156250006 0.49142290624999996 0.4391647265625 0.469990865625 0.417140075 0.4490151953125
0 0.5694747203125 0.1495735046875 0.5913154890625 0.1539199328125 0.5970243484375 0.1515628359375 0.594885421875 0.0929755734375 0.6050769515625001 0.070726075 0.5833247859374999 0.0536471390625 0.563296140625 0.0472161 0.5396499234375 0.0870485453125 0.5408761109375 0.10458384999999999 0.5694747203125 0.1495735046875
0 0.9442162937499999 0 0.93914714375 0.0042919359375 0.9345282296875 0.022235971875 0.9381115140625 0.0454801359375 0.9259716171875001 0.067865878125 0.92719780625 0.0854011828125 0.9426075375 0.10977625625000001 0.9435612390625 0.1234148265625 0.9752800875000001 0.12902840625 0.96625754375 0 0.9442162937499999 0
0 0.12887122812500001 0.1764677140625 0.138251975 0.184622271875 0.15306909375 0.186523 0.1763951859375 0.1281129453125 0.1726756578125 0.1029204140625 0.1634311546875 0.09671422187499999 0.11639785312499999 0.09608732187499999 0.104346559375 0.10574055468750002 0.10430559531250001 0.133153940625 0.1147286484375 0.1422145609375 0.12887122812500001 0.1764677140625
0 0.8830799265625 0.182465134375 0.8671318984375 0.19239085312499998 0.8630103171875 0.20344748125 0.8654626921874999 0.2385180921875 0.8772005359374999 0.25238150937500003 0.9153980625000001 0.25264732031250003 0.9278104453125 0.23415831250000002 0.9265842578125 0.21662300625 0.9153437468750001 0.19587218281250002 0.9204123546874999 0.1563598640625 0.9063174140625 0.1367875875 0.8883733796875 0.1321686734375 0.88049130625 0.1454461546875 0.8830799265625 0.182465134375
0 0.8162285656250001 0.360413484375 0.799871809375 0.3644941015625 0.8030463640625 0.38189316406249996 0.7889581 0.40441515 0.7905930171875 0.42779555625 0.781532396875 0.43821860937499996 0.77886185 0.4560264 0.794952796875 0.49014330937499995 0.8070517296874999 0.495170953125 0.8237695765625 0.4822545609375 0.829294553125 0.46326822187500005 0.8450177343749999 0.46412664374999996 0.8527635640625 0.44890079531250004 0.848090334375 0.41006969218749995 0.8293288406249999 0.393760575 0.8321356312500001 0.37790115 0.8162285656250001 0.360413484375
0 0.4548002125 0.20360284375 0.44913899375 0.2206408171875 0.451182640625 0.2498663265625 0.46840449531250006 0.27215678906249996 0.47266899687499997 0.3051427890625 0.4860827203125 0.31497322968749997 0.500627353125 0.312977221875 0.5112685765625 0.269159440625 0.5272166046875 0.259233721875 0.534962434375 0.244007871875 0.5347309109375 0.212697753125 0.5149271125 0.1954825734375 0.490415796875 0.2089439375 0.47414764218750005 0.20029204531250003 0.4548002125 0.20360284375
0 0.6652830562500001 0.8477158921875001 0.6479725968750001 0.8381579390624999 0.634381665625 0.8537925171875 0.6404173265625 0.9121072921875 0.6457650953125 0.9185859703125001 0.66253058125 0.9203504546874999 0.6909929484374999 0.9633917421874999 0.6989226609375 0.9647951375 0.70190665625 0.92347069375 0.7163150468749999 0.9195263203125 0.7256005140624999 0.8983191265625001 0.7189789171875 0.8596242671875001 0.6995838484375 0.8482541890625 0.6878936437500001 0.8490716484374999 0.6731241640625 0.861851796875 0.6652830562500001 0.8477158921875001
0 0.06717040156250001 0.2600769765625 0.053443228125 0.2737631875 0.0564405765625 0.3166272671875 0.0435785 0.3566845578125 0.0536881015625 0.3892618296875 0.066965584375 0.3971439015625 0.075665115625 0.3955566234375 0.084998221875 0.38903030625 0.090659440625 0.371992334375 0.121697075 0.3678640765625 0.1293066609375 0.3506898609375 0.12100918281249999 0.316027978125 0.09291458281250001 0.306245178125 0.09046220625 0.2711745671875 0.06717040156250001 0.2600769765625
0 0.32237981250000003 0.0738520828125 0.31408901093749997 0.0812844625 0.3076579734375 0.1013131078125 0.309156646875 0.12274514843749999 0.31677290937499997 0.14766519375 0.3317739109375 0.16619516406249998 0.339662659375 0.19501194375 0.3489071640625 0.2012181359375 0.363451796875 0.199222128125 0.3776763046875 0.1786485109375 0.37286683125 0.137869040625 0.38110999375 0.1157557859375 0.378521375 0.0787368078125 0.3710413546875 0.055765129687500005 0.3501066484375 0.05037639687499999 0.3361546265625 0.0748467484375 0.32237981250000003 0.0738520828125
0 0.1956789 0.8658696062500001 0.178048315625 0.8377340421874999 0.16917157656249998 0.8647863375 0.152998703125 0.8854961984375 0.1535027109375 0.920703053125 0.158489390625 0.9360175046875 0.1771146421875 0.9503782546874999 0.180289196875 0.9677773171874999 0.18966994375 0.9759318765625 0.202402453125 0.9760204796874999 0.21173555937500002 0.9694941625 0.23184613281250002 0.9210984296875001 0.2467518546875 0.9102666484374999 0.247474034375 0.8925951 0.23228915 0.8574358859375 0.21865057812500002 0.8583895874999999 0.2094537140625 0.866864271875 0.1956789 0.8658696062500001
0 0.2826217125 0.2332637875 0.271115390625 0.2507104890625 0.26600582031250003 0.3176361921875 0.27235493125 0.3524343171875 0.2856324125 0.36031638906249996 0.3001770453125 0.3583203828125 0.3171197390625 0.33461985 0.3423122703125 0.330900321875 0.355766959375 0.3133173765625 0.346788265625 0.2689136578125 0.324675009375 0.2606704953125 0.317331234375 0.23964718437500002 0.3018328984375 0.22800462187499998 0.2826217125 0.2332637875
0 0.8808305531249999 0.570285503125 0.8835963781249999 0.5818394640625 0.8958315546875 0.5888154734375 0.8965127703125001 0.5985573109375 0.885640025 0.6110649734375 0.8882286453124999 0.6480839515625 0.9008725500000001 0.6609050640625 0.9051370500000001 0.6938910640625 0.916329921875 0.6999610125 0.9308745546875 0.69796500625 0.9512642890624999 0.69556026875 0.9672123171875 0.68563455 0.9654821203124999 0.632892390625 0.9304934375 0.580517996875 0.9273188812500001 0.563118934375 0.905702959375 0.5479883640625001 0.8979094890624999 0.5485333375 0.8808305531249999 0.570285503125
0 0.74764664375 0 0.7440379296875 0.014019512500000001 0.75079576875 0.0546627390625 0.732402040625 0.071612109375 0.724295121875 0.0956737328125 0.731911384375 0.12059377812500001 0.7433767421875 0.1305604609375 0.7618181093749999 0.1282919671875 0.77305194375 0.10694853124999999 0.7869630015625 0.1098915640625 0.7954376859375001 0.119088428125 0.8050432796875 0.11645884531249999 0.82130475625 0.083016475 0.813279765625 0.052251328124999996 0.7939732984375001 0.028148740625 0.7945592359375 0.008528825 0.787338071875 0 0.74764664375 0
0 0.8574835249999999 0.7823917265625 0.8477416890624999 0.7830729421875 0.8363716109375 0.8024680125 0.8405951484375 0.8628673984375 0.8326244718750001 0.8888773875 0.83131635625 0.926168853125 0.8455475390625 0.947689496875 0.8685192171875 0.9402094765625 0.8920835078125 0.955203803125 0.899740734375 0.9527104640624999 0.914278690625 0.9086201953125 0.9055315203125 0.895526596875 0.9041690890625 0.8760429234375 0.8791537640625 0.854297434375 0.8841814078124999 0.8421985 0.8790994484375 0.797522296875 0.8574835249999999 0.7823917265625
0 0.6618502734375 0.630629665625 0.6682403484375 0.6380144046875 0.6613529406249999 0.637517071875 0.658907240625 0.644540721875 0.6663396203125 0.6528315250000001 0.6750391515625 0.6512442468749999 0.6697866625 0.674127321875 0.6991484140625001 0.6740320421875 0.701008178125 0.6866283078125 0.7242999828125 0.6977259 0.7375298234375001 0.6909270953125 0.7579671984374999 0.7032032359375 0.7823899109375 0.70247438125 0.7867363390625 0.6806336109375 0.7834665046875 0.633872796875 0.7649298578125 0.6067795375 0.7473945515625 0.608005725 0.7131823625 0.5947349203125001 0.698140396875 0.603618334375 0.6878126250000001 0.623919465625 0.6618502734375 0.630629665625
0 0.4410778984375 0.819341221875 0.4274869671875 0.8349757999999999 0.42812721875 0.872131021875 0.41906659843750005 0.8825540734375 0.41136840937499997 0.9124607984375 0.41313956875 0.9377895734375 0.4243800796875 0.9585403984375 0.444408725 0.9649714359375 0.5004550078125 0.9404944078125 0.5044403453124999 0.9274894124999999 0.4996308734375 0.8867099421875 0.490747459375 0.8716679765625001 0.47642767187499996 0.8628798421875 0.47855324687499995 0.83727858125 0.45471647031250007 0.8183875203125 0.4410778984375 0.819341221875
0 0.1616314734375 0.4629663078125 0.1379785796875 0.46070449062499996 0.135628159375 0.49708989375 0.1461874546875 0.50809888125 0.14714115625 0.521737453125 0.12068147343749999 0.535335059375 0.1139779484375 0.5514669703124999 0.1152041375 0.5690022765625 0.142079225 0.60334403125 0.1639199953125 0.607690459375 0.18073312187499999 0.6241358203125 0.1895688953125 0.624496909375 0.2080988671875 0.6094959078125 0.2104969265625 0.58779138125 0.20410685312500002 0.5804066421875 0.1991611375 0.5376788046875001 0.1861085015625 0.5190125906249999 0.18420109843750002 0.4917354484375 0.1750451984375 0.4727967484375 0.1616314734375 0.4629663078125
0 0.7018750921875 0.15304148125 0.6844760296875 0.1562160375 0.6597398671875 0.18046154375 0.669440740625 0.2071937125 0.6492348875 0.2262276921875 0.645160946875 0.25196519687499996 0.6656459609375001 0.27892221250000004 0.6971399640625 0.2953199328125 0.7167122390625 0.28122499375 0.7341113015625 0.2780504375 0.7438054984375 0.262688346875 0.7463398015625 0.24293218749999998 0.743029003125 0.2235847578125 0.7287092171875 0.2147966234375 0.720997675 0.160514825 0.7018750921875 0.15304148125
0 0.5100615078125 0.657885871875 0.5031331375 0.6848019234375 0.511294371875 0.7175154390625 0.50019678125 0.7408072421874999 0.48628572343750004 0.737864209375 0.4799432890625 0.745160346875 0.48058354062499997 0.7823155671875 0.49141532187500003 0.797221290625 0.5045565609375 0.8031549953124999 0.5331008546875 0.7913695125 0.5590222406249999 0.812072696875 0.5687164375 0.79671060625 0.584800709375 0.788733253125 0.5870625265625 0.765080359375 0.5692956984374999 0.734996428125 0.554703425 0.722311559375 0.555330325 0.6752782578125001 0.539695746875 0.6616873265625001 0.5100615078125 0.657885871875
0 0.59158706875 0.43779562031249997 0.5828942125000001 0.48147715937499996 0.5668099421874999 0.4894545109375 0.55892786875 0.5027319921875 0.5574835109375 0.5380750890625 0.566366925 0.5531170546874999 0.5970911078125 0.5725054484375 0.60284760625 0.584829228125 0.6198855796875 0.590490446875 0.634655059375 0.5777102984375 0.6448465890625 0.5554608 0.6503648890625 0.4943801984375 0.6418902046875 0.485183334375 0.6366720015625 0.43855876250000003 0.629239621875 0.43026796093749997 0.60168999375 0.42827862968749997 0.59158706875 0.43779562031249997
0 0.1319353359375 0.64027440625 0.112989959375 0.6073360453125 0.093915015625 0.6145435796875 0.067639215625 0.6447704296875 0.053687195312500005 0.66924078125 0.0549133828125 0.6867760875 0.046397734375 0.704992609375 0.03380146875 0.7068523718749999 0.023698542187499998 0.7163693624999999 0.029189231249999996 0.76689066875 0.04690841875 0.7822937249999999 0.0575563171875 0.780570203125 0.0812978140625 0.7700995125000001 0.11274417656249999 0.77181635625 0.12438674062499999 0.7563180218750001 0.1277794671875 0.72083868125 0.10738305625 0.6811491562499999 0.115489975 0.6570875328125 0.13261655156250002 0.65001624375 0.1319353359375 0.64027440625
0 0.292471271875 0.6261118 0.26044565 0.6861091312500001 0.2666585171875 0.7189588890625 0.2846911546875 0.71084529375 0.29602026875 0.7188636093749999 0.30024380625 0.7792629953125 0.3098970390625 0.7913142890625 0.3247141578125 0.7932150171875 0.34269915625 0.7704205453124999 0.34482473125 0.744819284375 0.3715978640625 0.7077050265625 0.362796378125 0.6378362906249999 0.340771725 0.6168606203125 0.32196926718749996 0.6279648875 0.3058373578125 0.6212613625000001 0.292471271875 0.6261118