0 0.2894355125 0.8709034046875 0.288529353125 0.8834680484374999 0.2983003796875 0.8907791921875001 0.395451490625 0.8935109390625 0.42756482343749996 0.879310796875 0.42445074062500004 0.8497457578125 0.43168010937499995 0.838414371875 0.4310259109375 0.8259315031250001 0.42437560156250004 0.818456809375 0.3898841609375 0.817135140625 0.36705120625 0.829284275 0.36023734687500003 0.8186888640625 0.3308358578125 0.8249236640625 0.3300998828125 0.8108804359375 0.321725665625 0.8003667999999999 0.265470978125 0.8017503390625 0.2553662171875 0.8179263499999999 0.279507571875 0.8307429531249999 0.2691574859375 0.8422378890625 0.27112671875 0.8499579078125 0.3246695625 0.8565397109375 0.298388790625 0.8626109609375 0.2894355125 0.8709034046875
0 0.6407615343749999 0.8571851203125 0.665809046875 0.8574370796874999 0.6824005671875 0.8456150453125 0.7103234734375 0.8410223796875 0.71869105625 0.8812646046875001 0.730185990625 0.8916146906250001 0.7540002453125 0.898189859375 0.7562214390625 0.8808623640625 0.773548934375 0.8830835578125 0.7820049265625 0.8951575515625001 0.817068790625 0.90740173125 0.8479488640625 0.8995247984375 0.878672021875 0.8587985578125 0.880974990625 0.843031421875 0.85322226875 0.821016215625 0.78711478125 0.8135282531250001 0.7724173546875 0.8017813578125 0.7550898593750001 0.799560165625 0.75098784375 0.7809994109375 0.728406846875 0.7681010328125 0.7045925937499999 0.7615258625 0.66862256875 0.7618463281250001 0.6535914078125 0.7735865875 0.6466891390625 0.7911594078124999 0.7106572078125 0.817535225 0.6794500343750001 0.8191707234375001 0.6332117 0.83254648125 0.6292665984375 0.846835034375 0.6407615343749999 0.8571851203125
0 0.1529262765625 0.5948569328125 0.1117778921875 0.6157891609374999 0.11555280781249999 0.6281084796874999 0.132962078125 0.63189003125 0.1557132578125 0.6181805375 0.1594130359375 0.599210909375 0.2200216984375 0.5913406109375 0.234971084375 0.5780399921875 0.19530791875 0.567601496875 0.18668837656249998 0.552406784375 0.1597534046875 0.5459951656250001 0.136511575 0.55034250625 0.11220003593750001 0.564133775 0.1004597765625 0.5491026125 0.06301116875 0.5510652109375 0.018087867187500002 0.5596781187500001 0.00289315625 0.5682976609375 0.0110971890625 0.60541916875 0.0242342578125 0.6172478390625 0.0912479046875 0.6121711578125 0.11999519375 0.5934534890625 0.1529262765625 0.5948569328125
0 0.5291981296875 0.66901601875 0.5340427562500001 0.6718914109375 0.5758387046875 0.6931706421875 0.6090151109375 0.6992551625 0.6754563328125001 0.6832559703125 0.6979621890625001 0.6648654015625 0.7005171171875 0.6240507515625 0.6778543453125 0.6095920140625 0.649440790625 0.6048225296874999 0.620775275 0.6251005562499999 0.568956340625 0.6215576953124999 0.563866390625 0.6140012265625 0.57676476875 0.59142023125 0.562312665625 0.5843544125 0.5619855671875 0.5781129765624999 0.5150112578125 0.5774455078125 0.4872519015625 0.585158890625 0.47074215625000004 0.598541284375 0.4784555390625 0.626300640625 0.4717985953125 0.6485545359375 0.47614593593750004 0.671796365625 0.5333067812500001 0.6578481828125 0.5291981296875 0.66901601875
0 1 0.586176684375 0.9754739734375001 0.586171209375 0.936213046875 0.613263096875 0.9070568828125 0.6241789718749999 0.908944340625 0.63033863125 0.929719653125 0.638637709375 0.9316888859375 0.646357728125 0.9619081250000001 0.6557265140624999 0.968476659375 0.6616408500000001 0.9674887249999999 0.672645134375 0.95533295625 0.67954076875 0.9374330359374999 0.666397065625 0.9123855234375 0.6661451046875 0.9047472796875 0.669674696875 0.9050743796875 0.6759161312499999 0.9184567734375 0.692425878125 0.9524575640625 0.6843853953125 0.9651039828125001 0.6868519125 0.98735124375 0.7232374453125 1 0.7331860046875 1 0.586176684375
0 0.9031250515625 0.5790103453125 0.9039494343750001 0.56488534375 0.887446325 0.5485391468749999 0.8385027812500001 0.540151659375 0.8412964 0.533746675 0.8673318468750001 0.52299435 0.862078346875 0.5123171640625 0.8492683781249999 0.5067299281250001 0.8148587125000001 0.50696861875 0.786356746875 0.5303673625 0.7616363328125 0.5363568375 0.7636055671875 0.54407685625 0.780026903125 0.55886269375 0.8282278359375 0.5829355421875 0.8785681875 0.5881205375 0.9031250515625 0.5790103453125
0 0.657861453125 0.40723604062499996 0.6465234328125 0.42973526093750003 0.6293594875 0.430634784375 0.6249237359375 0.43556118593750004 0.6268111953125 0.4417208453125 0.60233610625 0.45239139531249994 0.60274498125 0.4601931890625 0.6111191984375 0.470706825 0.627213434375 0.479251228125 0.6589112578125 0.48697788124999997 0.6964416390625 0.486575640625 0.700877390625 0.48164924062500003 0.6921760734375 0.46489417031249997 0.6720549609375001 0.46907796093750004 0.6902068406249999 0.45717415156249996 0.7132851203125 0.44970609375 0.736608725 0.44691911093750003 0.7571387125 0.4505371125 0.7802169921875 0.443069053125 0.7907306281250001 0.4346948359375 0.7905737125 0.4018455296875 0.7679109421875 0.3873867921875 0.758548790625 0.38787744218750003 0.7357976109375 0.40158693437500004 0.7078747046875 0.4061796015625 0.6895592749999999 0.41496269375 0.6750187624999999 0.4360651046875 0.663769153125 0.4303960953125 0.670426096875 0.4081422 0.657861453125 0.40723604062499996
0 0.97115980625 0.41428643281250005 0.9675484390625 0.40508783125000003 0.9576956390625 0.3962163296875 0.9555628546875001 0.38537559374999997 0.9476792875 0.38422410937499996 0.9475975125 0.3826637515625 0.9429982109375 0.38446943437500003 0.9429164359375 0.38290907500000004 0.9272310750000001 0.38216646718749997 0.9273128500000001 0.383726825 0.9226317734375 0.38397215 0.9196746062500001 0.38725641718750003 0.9216438390624999 0.3949764359375 0.9247645562500001 0.3948128859375 0.9281305984375001 0.3993304109375 0.9296091828125 0.397688278125 0.9389713343749999 0.397197628125 0.93781985 0.405081196875 0.9303451562499999 0.41173150625000005 0.9340382984375 0.42249046718749994 0.9438910999999999 0.43136196875 0.95185644375 0.43407381093749997 0.9535803515625 0.437112753125 0.9695110375 0.4425364390625 0.9695928125 0.4440967984375 0.9742738890625 0.44385147343750003 0.975997796875 0.446890415625 0.9822392328125 0.446563315625 0.9823210078125 0.4481236734375 0.9980881437500001 0.4504266421875 0.99677974375 0.425460903125 0.9792887 0.42011899374999995 0.977564790625 0.41708005156250005 0.9744440734375001 0.4172436015625 0.97115980625 0.41428643281250005
0 0.7118397109375 0.30270528125 0.7290854312499999 0.303366115625 0.7465764765625 0.308708025 0.7503513921875 0.3210273453125 0.7444370578124999 0.3275958796875 0.7651305953125 0.3343345984375 0.7902598828125 0.3361469171875 0.80093706875 0.33089341562499996 0.8351014093750001 0.32597365 0.8395371609375 0.32104725 0.8313264921875 0.31365433125000003 0.7748264812500001 0.31035679374999997 0.7786898078125 0.2945078828125 0.7683463578125 0.276274228125 0.7690071921875 0.2590285078125 0.7465897453125 0.24925084687500002 0.7202271984374999 0.2537617375 0.6926313921875 0.2645958390625 0.6809662734375 0.280853625 0.6939397921875 0.28956157656250003 0.701823359375 0.2907130609375 0.702150459375 0.2969544953125 0.7118397109375 0.30270528125
0 0.5902002421875 0.37010126250000003 0.6526145875 0.366830265625 0.674296059375 0.3625646984375 0.686206503125 0.3509879890625 0.6840737203125 0.340147253125 0.67487511875 0.3437586203125 0.6652676421875 0.33956819375 0.6417804874999999 0.33923445937499996 0.62666755 0.3494143609375 0.6062193375 0.3473567171875 0.6027715203125 0.3412788328125 0.6118883484375 0.33610710625 0.6112341484375 0.32362423749999997 0.6045838390625 0.31614954375000004 0.593416003125 0.31204089218750003 0.5652477734375 0.3119524828125 0.5435663015625 0.3162180484375 0.5176944046874999 0.3300910921875 0.5179397296875 0.33477216875 0.5294346640625001 0.3451222546875 0.559572128125 0.3529306828125 0.55866596875 0.3654953265625 0.5902002421875 0.37010126250000003
0 0.343712175 0.53322500625 0.41572736250000003 0.563873025 0.44537417812499996 0.5623193015625 0.4606506640625 0.5552601171875 0.4677164828125 0.5408080140625 0.46509305 0.5206051265625 0.44702958125 0.50434070625 0.44653893125 0.49497855468749996 0.4619789671875 0.49104008749999994 0.46304867656250004 0.4815961609375 0.49031738281250004 0.464520625 0.48062813125000003 0.45876984062500004 0.48013748281249996 0.4494076890625 0.47192681406250003 0.4420147703125 0.44803078437500005 0.43387924218749996 0.44129870000000004 0.424844190625 0.4115701109375 0.42483755468749995 0.33773597031249997 0.44904741406250004 0.3436436703125 0.47220746875 0.3908566703125 0.507284603125 0.39110199375 0.5119656796875 0.3489723109375 0.5141736031249999 0.34305797656250003 0.5207421375 0.343712175 0.53322500625
0 0.0897207203125 0.46360998750000004 0.1115657421875 0.4624651375 0.11517710781249998 0.47166374062500005 0.107457090625 0.47363297343750005 0.0947288953125 0.46960609687500005 0.06360349843749999 0.4728019546875 0.060728106250000004 0.47764657968749996 0.060067271874999995 0.49489229999999995 0.06335153906249999 0.49784946718749995 0.097679428125 0.49605041875 0.1005548203125 0.49120579375 0.10827483906249999 0.489236559375 0.10967164843749999 0.4860340671875 0.15196488125000002 0.48694686249999997 0.18424176406249998 0.4758674359375 0.18703538125000002 0.4694624515625 0.18219075468749998 0.466587059375 0.1305353703125 0.466164915625 0.1332472125 0.458199571875 0.15796762656250002 0.452210096875 0.16692090312500002 0.4439176546875 0.1663484796875 0.43299514375000003 0.161340303125 0.426999034375 0.1330902984375 0.425350265625 0.1100937921875 0.4343786828125 0.092929846875 0.43527820625 0.066649075 0.44134945625000005 0.0639372328125 0.44931479999999996 0.0690271828125 0.45687126874999995 0.078471109375 0.4579409765625 0.0897207203125 0.46360998750000004
0 0 0.3645425015625 0.026753854687500002 0.36677270625 0.03159848125 0.3696480984375 0.040960632812499995 0.3691574484375 0.045396384375 0.3642310484375 0.045232834374999996 0.36111033125 0.054104335937500005 0.3512575296875 0.0552558203125 0.3433739609375 0.059609796874999996 0.3368872015625 0.068160834375 0.2910643765625 0.07399339375 0.282935484375 0.087709521875 0.275958075 0.087464196875 0.27127699843749997 0.07333919375 0.2704526140625 0.05329985625 0.2761967640625 0.041144087499999996 0.2830923984375 0.006979746875 0.2880121640625 0.012069696874999999 0.2955686328125 0.0095214046875 0.30665469375 0.01921065625 0.31240547812499997 0.0210981140625 0.3185651375 0.027666648437500004 0.3244794734375 0.0356319921875 0.32719131562500003 0.043842659374999995 0.33458423437499996 0.0474540265625 0.34378283593750003 0.0461389921875 0.34854568750000003 0.0351347078125 0.347557753125 0.023394446875 0.332526590625 0.012471937499999999 0.333099015625 0.005985178125 0.3287450390625 0 0.32757770937499997 0 0.3645425015625
0 0.214262121875 0.27245502187500004 0.2130288625 0.2787782328125 0.2085931125 0.2837046328125 0.21384661249999998 0.29438181874999997 0.22041514687500002 0.300296153125 0.22517799843750003 0.3016111875 0.22706545625 0.307770846875 0.213022228125 0.308506821875 0.21170719375 0.313269671875 0.2039871765625 0.31523890625 0.20111178437500002 0.32008353125 0.21211606875000003 0.321071465625 0.21219784375 0.32263182343749996 0.24184465781250003 0.3210781 0.2443929515625 0.30999204062499996 0.2628719296875 0.30432966562499997 0.26525667343750003 0.29012288750000004 0.276097409375 0.2879901046875 0.276015634375 0.2864297453125 0.28217529375 0.2845422875 0.2834085515625 0.278219078125 0.2769217921875 0.2738651015625 0.27675824375 0.27074438437500004 0.2734739765625 0.2677872171875 0.2639482734375 0.2651571484375 0.2638664984375 0.26359679062499997 0.2591854234375 0.26384211562500004 0.2591036484375 0.26228175625 0.2528622140625 0.26260885625 0.25278043906250003 0.261048496875 0.23873721093750003 0.261784471875 0.2388189859375 0.2633448296875 0.2325775515625 0.2636719296875 0.23265932656250002 0.26523228906249996 0.2232154 0.2641625796875 0.223297175 0.2657229390625 0.2201764578125 0.2658864875 0.214262121875 0.27245502187500004
0 0.3349136578125 0.2160633265625 0.342879 0.21877516875 0.349774634375 0.2309309390625 0.33597673125 0.23634798906249999 0.33646738125 0.24571014062500002 0.3445145 0.24998234218749998 0.350755934375 0.24965524218750001 0.355600559375 0.252530634375 0.3649627109375 0.25203998437499997 0.3698073375 0.254915378125 0.37760913125 0.254506503125 0.37769090625 0.2560668609375 0.3995359265625 0.2549220125 0.40249309375 0.2516377453125 0.3881227671875 0.246132284375 0.3863170828125 0.24153298437499998 0.3923949671875 0.2380851671875 0.3937917765625 0.234882675 0.3999514359375 0.2329952171875 0.410219746875 0.2199399234375 0.4162976328125 0.21649210624999998 0.4225390671875 0.21616500625 0.42541445937500005 0.2113203796875 0.425005584375 0.2035185875 0.41835527499999997 0.19604389375 0.4089113484375 0.194974184375 0.40070068125 0.187581265625 0.372614225 0.1890532140625 0.372696 0.19061357343750002 0.3634156234375 0.19266458125000002 0.3604584546875 0.1959488484375 0.34510019375 0.2014476734375 0.34082799218750004 0.20949479218749997 0.3346683328125 0.21138225 0.3349136578125 0.2160633265625
0 0.5251823671875 0.26398360468750004 0.528548409375 0.26850113124999997 0.528711959375 0.27162184843750004 0.524194434375 0.274987890625 0.5243579828125 0.2781086078125 0.541685478125 0.28032979999999996 0.541767253125 0.281890159375 0.5605733328125 0.28246921875000003 0.5606551078125 0.2840295765625 0.6121469421875 0.2813310046875 0.6134619765625 0.276568153125 0.6119016171875 0.276649928125 0.6116562921875001 0.271968853125 0.603445625 0.264575934375 0.5940016984375001 0.263506225 0.5939199234375 0.261945865625 0.5783163375 0.262763615625 0.576674203125 0.26128503125 0.576183553125 0.2519228796875 0.5776621375000001 0.250280746875 0.5743778703125 0.247323578125 0.5681364359375001 0.247650678125 0.563291809375 0.2447752859375 0.557050375 0.24510238593749997 0.5569686 0.24354202656249999 0.5366839375 0.2446051015625 0.5367657125 0.246165459375 0.522804259375 0.2484617921875 0.522886034375 0.25002215156249996 0.5152477906249999 0.25355174375 0.515493115625 0.25823281875 0.52206165 0.2641471546875 0.5251823671875 0.26398360468750004
0 0.6886995609375 0.2194272125 0.6889448859375 0.2241082890625 0.6813884171875 0.22919823906249998 0.6815519671875 0.23231895625 0.684672684375 0.23215540625000003 0.68639659375 0.2351943484375 0.69107766875 0.234949025 0.6911594437499999 0.2365093828125 0.7162069578125 0.23676134218749997 0.7162887328124999 0.23832170156250002 0.7365733953125 0.2372586265625 0.737888428125 0.23249577656249998 0.7300048609374999 0.23134429218750002 0.7282809515625 0.22830535 0.725160234375 0.22846890000000003 0.724914909375 0.2237878234375 0.7278720765625 0.22050355625 0.7340317375 0.2186160984375 0.7339499625 0.2170557390625 0.7386310375 0.216810415625 0.7385492625000001 0.21525005625000002 0.758833925 0.21418698281249998 0.7617910921875 0.210902715625 0.7616275421875 0.2077819984375 0.7584250499999999 0.2063851890625 0.7581797265625 0.2017041125 0.754895459375 0.19874694531249998 0.7393736468750001 0.201125053125 0.739455421875 0.2026854125 0.731735403125 0.2046546453125 0.731817178125 0.20621500468749998 0.706933215625 0.20908376093749997 0.70520930625 0.20604481875 0.7112054171875 0.20103664375000002 0.7108783171875 0.194795209375 0.6890332953125 0.19594005781249998 0.6891150703125 0.1975004171875 0.6829554109375 0.199387875 0.6818857015625001 0.2088318015625 0.68032534375 0.2089135765625 0.68073421875 0.2167153703125 0.68541529375 0.2164700453125 0.6886995609375 0.2194272125
0 0.5345710593749999 0.1445785984375 0.522251740625 0.1483535140625 0.5048424703125 0.14457196249999998 0.4909627921875 0.1484286546875 0.488169175 0.1548336390625 0.4962980671875 0.16066619843750002 0.520112321875 0.16724136875 0.5453233859375 0.1706140453125 0.565608046875 0.16955097187499998 0.568646990625 0.16782706249999998 0.5709499578125 0.1520599265625 0.57653719375 0.1392499578125 0.582451528125 0.1326814234375 0.6134951515625 0.1279252078125 0.6132498265625 0.12324413125 0.6190823859375 0.1151152375 0.6169496031249999 0.104274503125 0.602742825 0.101889759375 0.589272021875 0.1135482453125 0.5850815953125 0.12315572187499998 0.569478009375 0.12397347031249999 0.5665208421875 0.1272577375 0.5558370203125 0.16223982812499999 0.539906334375 0.1568161421875 0.5345710593749999 0.1445785984375
0 0.3110308984375 0.1484706203125 0.2909915609375 0.1542147703125 0.285159 0.1623436625 0.28564965 0.17170581406250002 0.2890156921875 0.176223340625 0.304619278125 0.17540559218750001 0.3081488703125 0.183043834375 0.312829946875 0.182798509375 0.31414498125 0.17803565937500002 0.31882605625 0.177790334375 0.3285970828125 0.185101478125 0.3489635203125 0.18559876250000001 0.36448533125 0.18322065468749998 0.37311150937500004 0.1686867765625 0.385349053125 0.1633515015625 0.39422055624999996 0.15349870000000002 0.41918629375 0.1521903015625 0.4172170609375 0.14447028281250002 0.40079572499999994 0.1296844453125 0.38806753125000004 0.12565756875 0.3755846625 0.12631176875 0.360798825 0.1427331046875 0.34872483125 0.15118909687499998 0.3482275453125 0.17155553437499999 0.340343978125 0.1704040515625 0.3414954625 0.1625204828125 0.3300005265625 0.152170396875 0.3110308984375 0.1484706203125
0 0.1755183859375 0.1899947046875 0.178639103125 0.1898311546875 0.1806901109375 0.19911153125 0.1745304515625 0.2009989890625 0.17444867656250002 0.19943863125 0.1666468828125 0.19984750625 0.1601601234375 0.1954935296875 0.1478408046875 0.199268446875 0.1443112125 0.191630203125 0.1286258515625 0.19088759375 0.1287076265625 0.1924479515625 0.11934547499999999 0.1929386015625 0.110228646875 0.1981103265625 0.10603822031250001 0.207717803125 0.11088284687500001 0.21059319687500003 0.131249284375 0.21109048125 0.131331059375 0.2126508390625 0.1406932109375 0.212160190625 0.14077498593749999 0.2137205484375 0.1547364390625 0.211424215625 0.15481821406250001 0.2129845734375 0.1813443109375 0.2115944 0.1812625359375 0.2100340421875 0.19834470625 0.207574159375 0.193670265625 0.17809089375 0.18710173125000001 0.172176559375 0.19145570625 0.1656898 0.1909650578125 0.1563276484375 0.19868507500000002 0.154358415625 0.198521525 0.151237696875 0.193595125 0.14680194687499998 0.187271915625 0.14556868750000002 0.18127580625 0.1505768625 0.1816029046875 0.1568182984375 0.1772489296875 0.1633050578125 0.177576028125 0.1695464921875 0.170428434375 0.1824382359375 0.170591984375 0.18555895312499998 0.1755183859375 0.1899947046875
0 0.68544846875 0.0678270984375 0.699491696875 0.067091125 0.699573471875 0.0686514828125 0.7026941890625 0.0684879328125 0.7027759640625 0.0700482921875 0.7058966812499999 0.0698847421875 0.70597845625 0.0714451015625 0.7090991734375 0.0712815515625 0.7091809484375 0.072841909375 0.71074130625 0.072760134375 0.71123195625 0.0821222859375 0.717473390625 0.0817951875 0.717555165625 0.0833555453125 0.7284776765625 0.0827831203125 0.7285594515625 0.0843434796875 0.7441630375 0.08352572968750001 0.7440812625000001 0.081965371875 0.7472019796875 0.081801821875 0.7469566546874999 0.0771207453125 0.745396296875 0.0772025203125 0.7453145218749999 0.0756421625 0.7421938046875 0.0758057125 0.7421120296875 0.074245353125 0.732831653125 0.0762963609375 0.732668103125 0.07317564374999999 0.73110774375 0.07325741875 0.73078064375 0.067015984375 0.732341003125 0.066934209375 0.732095678125 0.062253134375 0.7336560375000001 0.062171359375 0.7334924875 0.0590506421875 0.731932128125 0.059132417187499994 0.731768578125 0.0560117 0.727087503125 0.0562570234375 0.727005728125 0.054696665624999995 0.6973589140625001 0.056250389062499996 0.6974406875 0.057810748437500004 0.691199253125 0.058137846874999996 0.6898024453125 0.061340339062500006 0.6866817281250001 0.0615038890625 0.686763503125 0.0630642484375 0.68520314375 0.0631460234375 0.68544846875 0.0678270984375
0 0.6064492375 0.053191542187499996 0.6048888781249999 0.0532733171875 0.605052428125 0.056394034375 0.6034920703125 0.056475809375 0.60373739375 0.061156884375 0.605297753125 0.061075109375000006 0.605461303125 0.06419582812499999 0.6086637953125 0.0655926359375 0.6087455703125 0.06715299531249999 0.6165473640625 0.0667441203125 0.6166291375 0.068304478125 0.6275516484375 0.0677320546875 0.6276334234375 0.0692924125 0.6401162921875 0.06863821406250001 0.6400345187500001 0.06707785468750001 0.6431552359375 0.06691430468750001 0.64455204375 0.06371181249999999 0.646112403125 0.0636300375 0.646030628125 0.062069679687500004 0.6491513453125 0.0619061296875 0.650548153125 0.0587036375 0.6521085125 0.0586218625 0.6486606953125 0.052543978125 0.645539978125 0.052707526562499996 0.6438160703125 0.049668584375000005 0.640695353125 0.049832134374999996 0.640613578125 0.0482717765625 0.6328117843750001 0.048680651562499996 0.632730009375 0.0471202921875 0.626488575 0.0474473921875 0.6264068 0.0458870328125 0.6217257234375 0.046132357812500004 0.6216439484375 0.044572 0.61852323125 0.04473555 0.6186050062499999 0.046295907812499995 0.612363571875 0.0466230078125 0.612445346875 0.048183365625 0.6093246296875 0.048346915625 0.6079278203125 0.0515494078125 0.6063674625 0.051631182812499996 0.6064492375 0.053191542187499996
0 0.7835875140625 0.0595545609375 0.780466796875 0.0597181109375 0.7790699875 0.062920603125 0.777509628125 0.06300237812500001 0.7776731781249999 0.0661230953125 0.7792335375 0.0660413203125 0.7793153125 0.0676016796875 0.7949188984375 0.0667839296875 0.7950006734375 0.0683442890625 0.798121390625 0.0681807390625 0.798039615625 0.0666203796875 0.8027206921875001 0.0663750546875 0.8026389171874999 0.064814696875 0.805759634375 0.064651146875 0.805677859375 0.0630907875 0.80723821875 0.06300901249999999 0.80707466875 0.05988829531249999 0.8086350265625001 0.0598065203125 0.8083897015625 0.0551254453125 0.8099500609374999 0.0550436703125 0.8097865109375 0.051922953125000004 0.8113468703125 0.051841178125 0.8112650953125 0.05028081875 0.808062603125 0.0488840109375 0.8079808281249999 0.0473236515625 0.7954979578125 0.0479778515625 0.79410115 0.05118034375 0.792540790625 0.051262118749999995 0.792622565625 0.0528224765625 0.7895018484375 0.0529860265625 0.7881050390625 0.056188518750000006 0.784984321875 0.05635206875 0.7835875140625 0.0595545609375
0 0.43817798281250003 0.425007740625 0.4527118609375 0.4336339171875 0.4616651375 0.425341475 0.4667617234375 0.40316935468750004 0.45789685625 0.383293565625 0.44525043750000004 0.3808270484375 0.436624259375 0.395360925 0.4146974640625 0.39494541562499996 0.41133142187500005 0.390427890625 0.418724340625 0.382217221875 0.419548725 0.36809221875000003 0.41289841562499996 0.3606175265625 0.39064451875 0.35396058125 0.3672391390625 0.35518720625 0.3476086765625 0.3687331484375 0.350395659375 0.392056753125 0.322636303125 0.3997701375 0.32994081249999996 0.4197277 0.354988325 0.41997965937500004 0.36689213593750003 0.43813153906249996 0.43817798281250003 0.425007740625
0 0.7243005203124999 0.03293341875 0.7227401609374999 0.03301519375 0.7229037109374999 0.0361359109375 0.721343353125 0.0362176859375 0.7230672609375 0.039256628125 0.7355501296875 0.0386024296875 0.7369469390625001 0.0353999375 0.738507296875 0.0353181625 0.7384255234375 0.033757803125 0.7445851828125 0.0318703453125 0.745981990625 0.028667853124999997 0.7491027078125 0.028504303125 0.7490209328125 0.026943943749999998 0.7505812921875 0.02686216875 0.7501724171874999 0.019060376562500002 0.748612059375 0.0191421515625 0.748530284375 0.0175817921875 0.7454095671875 0.0177453421875 0.7453277921875 0.016184984375 0.7297242046875 0.017002732812499997 0.7283273968749999 0.020205225 0.7267670374999999 0.020287 0.7270123625 0.0249680765625 0.7254520046875 0.025049851562499996 0.725697328125 0.0297309265625 0.7241369703125 0.0298127015625 0.7243005203124999 0.03293341875
0 0.6588538671874999 0.0081997359375 0.654172790625 0.0084450609375 0.654254565625 0.01000541875 0.6511338484375 0.01016896875 0.6497370390625 0.0133714609375 0.64817668125 0.013453235937499999 0.64825845625 0.0150135953125 0.642017021875 0.0153406953125 0.6419352468749999 0.013780335937499999 0.62789201875 0.014516310937499999 0.6279737937500001 0.016076668750000002 0.6248530765625 0.01624021875 0.6250166265625 0.0193609359375 0.6234562671874999 0.0194427109375 0.6237015921875 0.0241237875 0.6268223093749999 0.023960237500000002 0.626904084375 0.025520595312499998 0.6378265953125 0.024948171875 0.6379083703124999 0.026508529687499997 0.651951596875 0.025772556250000002 0.652033371875 0.0273329140625 0.6660766 0.026596940625 0.6659948250000001 0.025036581250000002 0.672236259375 0.024709481250000002 0.67363306875 0.021506989062500002 0.6720727109375 0.021588764062499998 0.6718273859375 0.016907687499999997 0.6702670265624999 0.0169894625 0.6701034765625 0.0138687453125 0.67314241875 0.0121448375 0.67306064375 0.010584478125000001 0.6761813609375 0.010420928125 0.6760995859375 0.0088605703125 0.6839013796875 0.0084516953125 0.6837378296875001 0.005330978125 0.6852981890625001 0.005249203125 0.6835742796875001 0.0022102609375 0.6804535625 0.0023738109375 0.6803717875 0.0008134515625 0.6756907125 0.0010587765625000001 0.6757724875 0.0026191359375000002 0.666410334375 0.0031097859375 0.666492109375 0.0046701437499999995 0.661811034375 0.004915468750000001 0.6618928093750001 0.0064758265625 0.6587720921875 0.0066393765625 0.6588538671874999 0.0081997359375
0 0.4971489921875 0.027626839062500002 0.500269709375 0.0274632890625 0.500351484375 0.0290236484375 0.50659291875 0.028696548437500004 0.50667469375 0.03025690625 0.5316404312499999 0.028948507812500003 0.53155865625 0.02738815 0.533119015625 0.027306375 0.532546590625 0.0163838640625 0.5294258734375 0.016547414062499998 0.5293440984375 0.014987054687500001 0.5246630234375 0.0152323796875 0.5245812484375 0.013672021875 0.5011758687500001 0.0148986453125 0.49977905937499995 0.0181011375 0.49821869999999996 0.018182912500000002 0.49838224999999997 0.0213036296875 0.4953433078125 0.0230275375 0.49550685781250003 0.02614825625 0.4970672171875 0.026066481250000002 0.4971489921875 0.027626839062500002
0 0.4228242015625 0.042474546875000005 0.4540313734375 0.0408390484375 0.45411314843749995 0.04239940625 0.4759581703125 0.041254557812499995 0.47587639531250003 0.0396941984375 0.4789971125 0.039530648437499996 0.4789153375 0.037970290625 0.47579462031249997 0.038133840625 0.4757128453125 0.03657348125 0.47259212812499996 0.03673703125 0.472510353125 0.0351766734375 0.46306642656249997 0.0341069640625 0.4629846515625 0.0325466046875 0.4567432171875 0.0328737046875 0.4568249921875 0.034434064062500006 0.45214391562499995 0.0346793875 0.451489715625 0.022196518749999998 0.4483689984375 0.02236006875 0.4482872234375 0.0207997109375 0.434243996875 0.021535684375 0.43432577187500004 0.02309604375 0.426523978125 0.0235049171875 0.42660575312500004 0.0250652765625 0.4234850359375 0.0252288265625 0.42356681093750004 0.026789184375000004 0.42200645156250005 0.026870959374999996 0.4228242015625 0.042474546875000005
0 0.3508090140625 0.011826528125000001 0.3509725640625 0.0149472453125 0.3494122046875 0.015029020312499999 0.3495757546875 0.0181497375 0.352778246875 0.019546546875 0.352860021875 0.0211069046875 0.3544203796875 0.021025129687499998 0.3545021546875 0.0225854890625 0.360743590625 0.0222583890625 0.3608253640625 0.023818748437500002 0.36394608281249996 0.0236551984375 0.365669990625 0.026694140625 0.36723035 0.026612365625000002 0.36731212343749997 0.0281727234375 0.36887248281249996 0.028090948437500003 0.3689542578125 0.0296513078125 0.3705146171875 0.0295695328125 0.370596390625 0.0311298921875 0.37215675 0.0310481171875 0.372238525 0.032608475 0.3737988828125 0.0325267 0.3738806578125 0.034087059375 0.3816824515625 0.033678184374999996 0.3817642265625 0.0352385421875 0.398928171875 0.03433901875 0.398846396875 0.032778659375000005 0.4019671140625 0.032615109375 0.4017217890625 0.027934034375 0.398601071875 0.028097584375 0.398519296875 0.026537224999999998 0.385954653125 0.025631065624999998 0.385545778125 0.0178292734375 0.3871061375 0.017747498437500002 0.3867790375 0.0115060640625 0.385218678125 0.011587839062499999 0.38497335312500003 0.006906762499999999 0.3834129953125 0.0069885375 0.3833312203125 0.0054281781250000005 0.35368440625 0.006981903124999999 0.35376618125000003 0.0085422609375 0.352205821875 0.0086240359375 0.352369371875 0.011744753125 0.3508090140625 0.011826528125000001
0 0.3062128125 0.0266808703125 0.304652453125 0.0267626453125 0.3065399125 0.0329223046875 0.30974240468750003 0.0343191140625 0.3099059546875 0.03743983125 0.3114663125 0.03735805625 0.31179341250000003 0.043599490625 0.310233053125 0.043681265625 0.310314828125 0.045241625 0.3353623421875 0.045493584375 0.33675915 0.042291092187500004 0.338319509375 0.0422093171875 0.338237734375 0.0406489578125 0.33979809375 0.040567182812500005 0.33971631874999997 0.039006825 0.34283703593750003 0.038843275 0.34275526093750003 0.037282915625 0.3474363359375 0.037037590625 0.3488331453125 0.0338350984375 0.350393503125 0.033753323437499996 0.3485060453125 0.027593664062500002 0.345303553125 0.02619685625 0.345221778125 0.024636496875 0.3436614203125 0.024718271875 0.3435796453125 0.0231579140625 0.34201928593750003 0.0232396890625 0.34185573593749996 0.0201189703125 0.33865324375 0.0187221625 0.33857146875 0.017161803125 0.33389039375 0.017407128124999997 0.33380861875 0.0158467703125 0.3306879015625 0.0160103203125 0.3307696765625 0.017570678125 0.31836858125 0.0197852359375 0.31845035625 0.0213455953125 0.3091699796875 0.023396603125000002 0.3092517546875 0.0249569625 0.30613103750000004 0.025120512499999997 0.3062128125 0.0266808703125
0 0.21086738437500002 0.028548423437499998 0.21398810156249998 0.028384873437500003 0.21406987656249998 0.0299452328125 0.21719059375 0.029781682812499998 0.218914503125 0.032820625 0.22047486093750002 0.03273885 0.22055663593750002 0.034299209375 0.2221169953125 0.034217434375 0.2221987703125 0.035777792187500004 0.2268798453125 0.0355324671875 0.2269616203125 0.0370928265625 0.2332030546875 0.036765726562500003 0.2332848296875 0.0383260859375 0.2629316453125 0.0367723609375 0.2628498703125 0.035212003125 0.264410228125 0.035130228125 0.264328453125 0.033569868749999995 0.2627680953125 0.03365164375 0.2624409953125 0.027410209375 0.23903561562500003 0.028636834374999996 0.23895384062499997 0.027076475 0.2295916890625 0.027567124999999998 0.22950991406250001 0.026006765625 0.226307421875 0.0246099578125 0.226225646875 0.0230495984375 0.2246652875 0.023131373437499998 0.22458351250000003 0.021571015625000002 0.22302315468749997 0.021652790625 0.2229413796875 0.02009243125 0.2213810203125 0.02017420625 0.2212992453125 0.018613846875 0.2197388875 0.018695621875 0.21965711250000003 0.0171352640625 0.218096753125 0.0172170390625 0.21801497812499998 0.0156566796875 0.21177354375 0.015983779687499998 0.21185531875 0.0175441390625 0.20881637656250002 0.019268046875 0.2088981515625 0.02082840625 0.2073377921875 0.02091018125 0.2075831171875 0.02559125625 0.21078560937500002 0.026988065625 0.21086738437500002 0.028548423437499998
0 0.04982334375 0.0307298078125 0.04990511875 0.032290165625 0.051465478125 0.032208390625 0.051547253125000005 0.03376875 0.0578704625 0.0350020078125 0.0579522375 0.0365623671875 0.06575403125 0.036153492187500004 0.0658358046875 0.0377138515625 0.089241184375 0.0364872265625 0.09063799375 0.033284734375 0.092198353125 0.033202959375 0.092034803125 0.030082242187500004 0.0935951609375 0.0300004671875 0.0933498359375 0.0253193921875 0.091789478125 0.0254011671875 0.091625928125 0.02228045 0.0885052109375 0.022444 0.08842343593749999 0.020883640624999998 0.0494144703125 0.0229280140625 0.0494962453125 0.0244883734375 0.046375526562500005 0.024651921875 0.046620851562499996 0.0293329984375 0.04982334375 0.0307298078125