0 0.91743808125 0.43313947343750003 0.9111936 0.438356246875 0.9118069109375 0.45005893593749996 0.92042469375 0.46525374062499997 0.9243535484375001 0.4904733078125 0.9381713515625 0.505395590625 0.9459713859375001 0.5049868078124999 0.948469178125 0.5029000984375 0.9330158734375 0.45677064375 0.91743808125 0.43313947343750003
0 0.9671226734375 0.46085059843750004 0.9670781296875001 0.509748065625 0.9763314953125001 0.5121968265625 0.985380425 0.5107446890625 0.9982782609375 0.5081129375 0.9977671671874999 0.49836069531250005 0.9939182593749999 0.4995403109375 0.9898649171875 0.4968190296875 0.9989361171875 0.4709181578125 0.9938251843750001 0.3733957421875 0.9897718390625 0.3706744609375 0.9611494468749999 0.3966220640625 0.9640561125 0.40233714843749996 0.9617627593750001 0.40832475468749996 0.9644204437499999 0.4590364109375 0.9671226734375 0.46085059843750004
0 1 0.7275602171875 0.9979755921875 0.726201096875 0.9580554593749999 0.7106909734375 0.9296820484375001 0.6916420046875 0.9254242671874999 0.685019828125 0.8889218937500001 0.6849770296875 0.880917425 0.681484915625 0.86791736875 0.6821662203125001 0.8387039375 0.6719623984374999 0.81540605625 0.6751391953125 0.80177041875 0.68856654375 0.794890353125 0.7065293609375 0.8009081234375 0.721860425 0.8204370437499999 0.746262428125 0.8320637124999999 0.7691227640625 0.8329836796875 0.7866767984374999 0.8473125765624999 0.8113513234375 0.8583259328124999 0.82250896875 0.9218283296875001 0.8651423765624999 0.932432809375 0.8684982296875001 0.9486461890625 0.8793833546875 0.99116633125 0.8947572171875 1 0.8961717312499999 1 0.7798756421874999 0.996784371875 0.77809236875 1 0.773609671875 1 0.7275602171875
0 0.91875379375 0.3587499171875 0.9133493343750001 0.3551215421875 0.9029492906250001 0.355666584375 0.8722602515625001 0.36705395625000004 0.853526809375 0.3827042734375 0.8338511265624999 0.40524929218750005 0.8269710625 0.423212109375 0.8170821109374999 0.43350939374999997 0.8130064953125 0.455236846875 0.800313096875 0.46176949531249994 0.8008241890625 0.4715217375 0.7961352609375 0.4815465 0.778650715625 0.49615346406249994 0.772712890625 0.5072215812499999 0.7734506921875 0.4964259859375 0.790526365625 0.47401722812499997 0.79460198125 0.4522897765625 0.79044641875 0.447618046875 0.7709974453124999 0.44961522656249997 0.7764464484375 0.4043461328125 0.7987221421874999 0.3816648546875 0.80779334375 0.3557639828125 0.80261559375 0.3315877703125 0.7973133531250001 0.32990984375 0.7896155390625 0.332269075 0.77587768125 0.343745975 0.7609931453125001 0.358216678125 0.749015278125 0.3784024640625 0.7403529515625 0.41210512968749996 0.74198845 0.4433123015625 0.7394906578125 0.4453990109375 0.7422951062500001 0.44916364687500004 0.7445439171875 0.49207350937500005 0.742046125 0.49416021875 0.7447483546875 0.49597440625000005 0.7422505609375001 0.498061115625 0.7436816234375 0.5253673921875001 0.74118383125 0.5274541015625 0.7418993625 0.5411072390625 0.747201603125 0.542785165625 0.7562505296875 0.5413330296875001 0.7689439296875 0.5348003796875 0.8015174484375001 0.509623609375 0.922433665625 0.42896605625 0.9812340046875001 0.3818788390625 0.9911229531249999 0.3715815546875 0.993314090625 0.3636435015625 0.9920874671875 0.340238121875 0.9880341218750001 0.337516840625 0.9649406781250001 0.3445945328125 0.934456078125 0.3598828 0.91875379375 0.3587499171875
0 0 0.49842151562500003 0.0032564062499999998 0.500607759375 0.0452654546875 0.5062293796875 0.1130701796875 0.5065874953125 0.1341769234375 0.5113487531249999 0.1497769875 0.5105311890625 0.1565325625 0.5150666578124999 0.1493458421875 0.5271781296875 0.14995915312500002 0.5388808203125001 0.15827027968750002 0.548224278125 0.1702258765625 0.5524872265624999 0.202674903125 0.5498087421875 0.225155034375 0.531028359375 0.2274483890625 0.5250407546875 0.216128378125 0.5080317625 0.20812390781249998 0.5045396484375 0.215515065625 0.4963290734375 0.2140617328125 0.49347153125 0.20376390625 0.495967021875 0.198768321875 0.500140440625 0.1794215671875 0.50408806875 0.183803840625 0.48821196093749997 0.1953505625 0.48467311406249997 0.19899503125 0.47959260312499996 0.19858615625 0.471790809375 0.18611946875000002 0.4577756203125 0.16261715000000002 0.45705152031249996 0.11632804687500001 0.46925645625 0.08930574999999999 0.45111458125 0.0549945140625 0.44313372968750003 0.0446966890625 0.44562922031249996 0.020376621875 0.42930153281249994 0.009976578125 0.4298465765625 0.0011320859375 0.435199609375 0.0074565125 0.4563820203125 0 0.45818897031250005 0 0.49842151562500003
0 0.220235409375 0.33766145625 0.2114131890625 0.3185657546875 0.19925315625 0.31040191093749997 0.173253046875 0.31176451875 0.155359625 0.3185696890625 0.144119559375 0.32795988125000003 0.151590665625 0.3461484875 0.14639064375 0.34642100937500003 0.130279484375 0.3374863328125 0.1117727515625 0.3325888125 0.10677716562499999 0.33676223125 0.08732819375 0.3387594109375 0.09064373437499999 0.3522762890625 0.08927034843750001 0.3758179296875 0.09809256875 0.3949136296875 0.1184615078125 0.41047048437500006 0.141123803125 0.420039734375 0.141941553125 0.4356433203125 0.1459948984375 0.43836460156249996 0.1512971390625 0.44004252812500005 0.1811461546875 0.4375003046875 0.19134176249999998 0.433054365625 0.19093288749999998 0.42525257187500004 0.19457735781250002 0.420172059375 0.21277743437500002 0.419218234375 0.232964209375 0.40642545781250006 0.249199859375 0.3928618484375 0.25618214375 0.37684947968750004 0.24922213124999998 0.3684131140625 0.2259242515625 0.371589909375 0.214070875 0.3692774109375 0.2189642390625 0.36315354375000003 0.220235409375 0.33766145625
0 0.13845298749999999 0.26958269218750003 0.1469685515625 0.2828270484375 0.143221865625 0.2859571109375 0.13542183125 0.28636589375 0.1293817875 0.2954835640625 0.1331062046875 0.316802234375 0.139861778125 0.321337703125 0.152861834375 0.3206563984375 0.1682574609375 0.3159379375 0.173253046875 0.31176451875 0.2019553859375 0.3122160984375 0.208710959375 0.31675156718749997 0.21732874062500002 0.331946371875 0.218453146875 0.353401303125 0.239253234375 0.35231121718749997 0.26214224062499997 0.341332628125 0.27141787968750003 0.319332653125 0.2709067859375 0.3095804109375 0.25635117812499997 0.305453725 0.2318266734375 0.28522514062500004 0.21362659687500002 0.2861789671875 0.1982309703125 0.29089742812499997 0.183141996875 0.301467234375 0.16175086875 0.266405896875 0.152293065625 0.260056240625 0.141893021875 0.2606012828125 0.13845298749999999 0.26958269218750003
0 0.551312225 0.38680783750000003 0.55059669375 0.3731546984375 0.5330322015625 0.3613624796875 0.5090187921875 0.3508861375 0.4829164640625 0.350298296875 0.45370303125 0.34009447656249997 0.44340520625 0.3425899671875 0.453067446875 0.3528405203125 0.451591840625 0.37443171249999996 0.4443029015625 0.3845927375 0.44460955625 0.39044408124999996 0.4271027390625 0.4294997796875 0.4214584390625 0.34667385624999997 0.4151340125 0.325491446875 0.3918584046875 0.30421950781249996 0.373658328125 0.305173334375 0.367413846875 0.31039010624999996 0.3702182953125 0.3141547421875 0.36522271093750003 0.3183281609375 0.35686704062499996 0.3578821703125 0.37180925 0.394259384375 0.36951589375 0.400246990625 0.39236035625 0.4381658703125 0.40628037812500006 0.45503859999999996 0.4099025765625 0.47440682343749996 0.41395592187499997 0.4771281046875 0.42040483906250004 0.475812228125 0.4406938328125 0.4649699 0.45256948281250003 0.4428336640625 0.46630734062499996 0.4313567640625 0.4727562578125 0.43004088749999997 0.4749473953125 0.42210283437499996 0.48119187500000005 0.41688606093749997 0.49668972343749995 0.4141180484375 0.5072942031250001 0.41747390156249997 0.5176942484375 0.4169288578125 0.530489865625 0.4123466578125 0.546623296875 0.3968326 0.551312225 0.38680783750000003
0 0.350578015625 0.4119964109375 0.35442692343750004 0.410816796875 0.345911359375 0.39757244062499997 0.3322979921875 0.3865510546875 0.32928910624999996 0.378885521875 0.29280900625 0.354393990625 0.27970673281249997 0.353124846875 0.2759600453125 0.356254909375 0.27657335625 0.3679576 0.282182253125 0.375486871875 0.2942400671875 0.3817002671875 0.3099423515625 0.38283315 0.3425735453125 0.408504296875 0.350578015625 0.4119964109375
0 0.314439971875 0.4686528765625 0.337840071875 0.46742652968750004 0.3405423015625 0.4692407171875 0.3534401390625 0.46660896406249996 0.3722535265625 0.477357828125 0.3839024671875 0.47576943125 0.375489121875 0.46447552343750004 0.36332908750000004 0.45631167968749997 0.3343200921875 0.4500087546875 0.3077066703125 0.4396686734375 0.294706615625 0.44034997656249997 0.27941320625 0.44701888749999996 0.2606797640625 0.4626692046875 0.25359526250000003 0.47673112656249994 0.2604530546875 0.48321704375 0.2760531203125 0.48239947812499995 0.28895095625 0.47976772656250005 0.314439971875 0.4686528765625
0 0.30088029375 0.2845399015625 0.30118695 0.290391246875 0.29494246875 0.2956080203125 0.2744490359375 0.3025494515625 0.27080456875 0.30762996249999996 0.294715759375 0.3161558578125 0.29232018437499996 0.320193015625 0.2962490390625 0.3454125828125 0.3163113234375 0.3551180921875 0.3320136078125 0.35625097499999997 0.3390758390625 0.3666377890625 0.3485336421875 0.3729874453125 0.35238255 0.3718078296875 0.3517692375 0.360105140625 0.367618284375 0.314291003125 0.367209409375 0.30648921093750003 0.372102775 0.30036534375 0.374089475 0.28852639375 0.3867828734375 0.28199374375 0.3826273109375 0.2773220140625 0.364631671875 0.2821767359375 0.3510183046875 0.2711553515625 0.3275159875 0.27043125 0.30462698125 0.2814098390625 0.30088029375 0.2845399015625
0 0.5539436515625 0.238028721875 0.5446680125000001 0.26002869687499996 0.526876809375 0.268784315625 0.517192296875 0.282982496875 0.517601171875 0.290784290625 0.51291224375 0.300809053125 0.51332111875 0.308610846875 0.5190322328125 0.3180905671875 0.5025921453125 0.3277532796875 0.4939520921875 0.337007209375 0.500707665625 0.341542678125 0.5163077296874999 0.3407251140625 0.5295122234375 0.34394470625 0.5446811421875 0.3597740828125 0.5449877984375 0.365625428125 0.550494475 0.37120425 0.55121000625 0.3848573890625 0.5552633515625 0.38757867031250004 0.566912290625 0.385990271875 0.5699657203124999 0.3447583359375 0.5747568671875001 0.336684021875 0.592445853125 0.3259779546875 0.592036978125 0.3181761609375 0.5783213921875 0.3052043265625 0.5797969968750001 0.283613134375 0.5742903187499999 0.2780343109375 0.591263771875 0.25367510625 0.5900371484375 0.2302697265625 0.577877115625 0.2221058828125 0.5701793015625001 0.22446511249999998 0.5539436515625 0.238028721875
0 0.7303263796875 0.3451553140625 0.7185752203125 0.3447932640625 0.7262730359375 0.3424340328125 0.728668609375 0.33839687500000004 0.724615265625 0.33567559375 0.7195174609375 0.33789856406249996 0.7090151984374999 0.336493159375 0.7081751781250001 0.34533830781249997 0.7006818 0.351598434375 0.69130394375 0.37164796093749997 0.6875572546875001 0.374778025 0.67840610625 0.37427971250000003 0.6827883796875 0.3584036046875 0.7026684999999999 0.339759484375 0.7047574171875 0.32987098125 0.71225079375 0.3236108546875 0.7283042796875 0.2816976140625 0.7273843125 0.2641435796875 0.7217754140625 0.2566143078125 0.7123176109375 0.2502646515625 0.6938108781250001 0.24536713125 0.6834108328124999 0.245912175 0.6604196109375 0.25494031562499997 0.6367928015625 0.27671450000000003 0.632308309375 0.2906401609375 0.6336371515625 0.3159959875 0.6311393609375 0.318082696875 0.6412904234375 0.3625342265625 0.6401214734375 0.3899767625 0.6363747859375 0.3931068265625 0.6323214390625 0.39038554531249997 0.6259393375 0.31835521875 0.620432659375 0.3127763953125 0.6201260046875 0.30692505 0.6106682015625 0.30057539375000003 0.5966236874999999 0.30620094999999997 0.596828125 0.310101846875 0.6006770312499999 0.30892223125 0.6103392734375 0.31917278437499996 0.619219165625 0.3891164015625 0.6254413750000001 0.40834836250000006 0.6268724359375 0.43565463906249996 0.6339346671875 0.446041453125 0.650885846875 0.44613098124999995 0.6675303718750001 0.44036916562500006 0.6798148953125 0.4260347234375 0.6926105140625001 0.42145252343750006 0.705099475 0.411018978125 0.7254906875 0.40212709843749994 0.74162411875 0.386613040625 0.74381525625 0.3786749859375 0.7584953546875 0.3603033859375 0.7581886984375 0.35445204218750004 0.7460286640625 0.3462881984375 0.732824171875 0.3430686046875 0.7303263796875 0.3451553140625
0 0.5020679218749999 0.218255653125 0.4894767421875 0.22673875 0.4790766984375 0.2272837921875 0.4729344359375 0.23445101406250002 0.4787477703125 0.2458811828125 0.48965890781250004 0.25508838125 0.4933833234375 0.2764070515625 0.48848995781250004 0.2825309171875 0.48474326874999996 0.28566098125 0.48068992499999996 0.2829397 0.47436549843750003 0.26175729062499997 0.45970767187500006 0.25568015625 0.45096539843750005 0.2629836375 0.45168092968750007 0.276636775 0.46019649218750003 0.28988113125 0.427747465625 0.292559615625 0.4240007765625 0.29568967968750004 0.42430743125000003 0.301541025 0.4337652375 0.30789068125 0.44436971718749996 0.311246534375 0.4704720453125 0.311834375 0.4973921234375 0.3280258015625 0.5038410421874999 0.32670992499999996 0.5164322218749999 0.31822682812499997 0.51291224375 0.300809053125 0.517192296875 0.282982496875 0.529476821875 0.26864805468749997 0.538752459375 0.24664808124999998 0.538343584375 0.2388462875 0.531690228125 0.2362612671875 0.5254457484375 0.24147803906249998 0.5256501859375 0.2453789359375 0.518054590625 0.249688615625 0.508925715625 0.22474156875 0.5020679218749999 0.218255653125
0 0.618410559375 0.2493186953125 0.6104060890625 0.24582658125 0.597406034375 0.246507884375 0.591161553125 0.2517246578125 0.5816814781249999 0.26982373593750003 0.584485925 0.27358837187499996 0.579694778125 0.2816626859375 0.5837258515625 0.3088327015625 0.5931836546875 0.31518235781250004 0.6089881578125 0.318265690625 0.60702373125 0.30565590625 0.6134726500000001 0.30434002968749996 0.623441546875 0.320441928125 0.627494890625 0.323163209375 0.6313437984375 0.32198359375 0.6354194140625 0.300256140625 0.632512746875 0.29454105625000004 0.6368950203125 0.2786649484375 0.650428440625 0.26328715156250004 0.6630196203125001 0.2548040546875 0.687259740625 0.244732559375 0.6815486265625 0.2352528390625 0.6721930406250001 0.23085363124999997 0.651392953125 0.23194371875000003 0.6486907234375 0.23012953125000002 0.6383928984375 0.23262502187499998 0.618410559375 0.2493186953125
0 0.7486509484375 0.321703203125 0.7543620625 0.3311829234375 0.7524775828125 0.344972321875 0.764535396875 0.3511857171875 0.770984315625 0.349869840625 0.7759799000000001 0.3456964234375 0.7687355046875 0.306959978125 0.773322215625 0.2949847671875 0.7697000171874999 0.27561654375 0.7745933828125 0.269492678125 0.7624333484375 0.261328834375 0.7521355234375 0.26382432499999997 0.744233271875 0.262282659375 0.7356954375 0.2734870390625 0.7367176234375 0.292991521875 0.7451309687500001 0.304285428125 0.7486509484375 0.321703203125
0 0.8041711453125 0.3363957609375 0.8085088734375001 0.36941712187500003 0.8143222078125 0.3808472890625 0.8146288640625 0.38669863437499996 0.810882175 0.3898286984375 0.8027754874999999 0.3843861359375 0.7989265796875 0.3855657515625 0.7991310171875 0.389466646875 0.8077487984375 0.40466145156250005 0.811166559375 0.4201287765625 0.8152199031249999 0.42285005781249996 0.8216688218750001 0.4215341828125 0.8264599703125001 0.41345986718749994 0.8256422203125 0.39785628125 0.8281400109374999 0.395769571875 0.82032685 0.29643296874999997 0.8004912734375 0.266179621875 0.7894779187500001 0.255021975 0.7828245625 0.2524369546875 0.779077875 0.25556701875 0.777091175 0.26740596875 0.7780111437499999 0.284960003125 0.7957578015625 0.325101853125 0.8041711453125 0.3363957609375
0 0.72468208125 0.2623293921875 0.72590870625 0.28573477187499996 0.71184191875 0.3158090609375 0.712148575 0.32166040625000003 0.7162019203125001 0.32438168749999996 0.7226508390624999 0.32306581093750003 0.729530903125 0.30510299375 0.7290198109375 0.2953507515625 0.7362065296875 0.28323927968749996 0.735491 0.2695861421875 0.7451755140625 0.2553879609375 0.741553315625 0.2360197375 0.7265888328125001 0.2240912578125 0.703393171875 0.22921850156249998 0.687055303125 0.2408316625 0.6992153375 0.24899550625 0.7097175984375 0.2504009125 0.72468208125 0.2623293921875