0 0.76663408125 0.9168696046875 0.78819123125 0.9160435625 0.8006094515625 0.9030037359374999 0.8218599453125 0.9080290375000001 0.8328471046875 0.9222954874999999 0.8645653703124999 0.9141787453125 0.8741090281250001 0.9000103671874999 0.8594254093749999 0.8816385828125 0.8638291062500001 0.8349300421875 0.8441160390625001 0.8192283828125 0.79515039375 0.8205738140625 0.7719535984375 0.8340266609375 0.7708291921875 0.8554815921875001 0.758922065625 0.8587691765625 0.7578998796875 0.8782736609375 0.7497914296875 0.8837161296874999 0.7490758984375 0.89736926875 0.7397366796875 0.90763675 0.719303934375 0.8870078625 0.7017499 0.8860878937500001 0.6875856687499999 0.8951246046874999 0.6746439140625 0.8621755671875 0.6921896546874999 0.8259347984375 0.6811002765625 0.813618796875 0.6896176015625 0.800374534375 0.6851973171875 0.7727616015625001 0.6673324796875 0.7591126109374999 0.6419766515625 0.7577837671875 0.6240137421874999 0.7646655921875001 0.615705003125 0.7925893281249999 0.6267943796875 0.8049053296875 0.6262832875 0.814657571875 0.6450722390625 0.829332896875 0.6477465125 0.8529427125 0.6639717046875 0.879218509375 0.6772242609375 0.9248965703125 0.664601603125 0.9418372921874999 0.671790084375 0.95394885625 0.6665603453125 0.9791002484375 0.67272249375 0.9921359265625 0.679600171875 0.99151846875 0.6917075890625 0.96574961875 0.7459112671875 0.976413534375 0.761821509375 0.9713799390625001 0.7722892828125001 0.95823789375 0.7879950874999999 0.9571051953125 0.79138074375 0.9484815062499999 0.759449746875 0.9233384093750001 0.76663408125 0.9168696046875
0 0.3765527125 0.9335866078124999 0.40129522812499996 0.9466181406249999 0.4368121734375 0.940656284375 0.4540554046875 0.928847228125 0.46225777968750004 0.8842935734375 0.4216008734375 0.85771526875 0.3901892640625 0.859980665625 0.35180190312500004 0.8833943390625001 0.3319907640625 0.8882234984374999 0.2889786828125 0.8879251359375001 0.2670085109375 0.877972603125 0.2768588234375 0.8579528796875 0.3120691125 0.8578423671875001 0.30795963125000003 0.842958459375 0.3272555296875 0.8293011734375 0.3856667609375 0.8343181828124999 0.3968542109375 0.8261033671875 0.38802193749999997 0.8080382390624999 0.390994571875 0.7886359749999999 0.41953161874999995 0.785242025 0.43502884062499997 0.7694298546875 0.433793921875 0.755674496875 0.42023885625 0.7344281500000001 0.32836334843750004 0.73352476875 0.30137616875 0.7819834671875 0.304561534375 0.7958410437500001 0.2973772 0.802309846875 0.26822269374999996 0.79882611875 0.267715746875 0.8271587281249999 0.2605314125 0.8336275328125 0.21926119531250002 0.8187519171875 0.22644138281249998 0.7937027453125001 0.2199725796875 0.7865184109375 0.2063194421875 0.7858028796875 0.1991351078125 0.792271684375 0.2085889859375 0.8357948593750001 0.20705570624999997 0.8650515828125 0.22173932500000001 0.8834233671874999 0.2124001046875 0.8936908484374999 0.19351308125 0.8995463406249999 0.1867417671875 0.9167937203125 0.19680481249999998 0.9300338359375001 0.2086097203125 0.9286967 0.215176596875 0.9153502171874999 0.2273945265625 0.92479165625 0.2268834328125 0.9345438984375001 0.20461075156250003 0.9490230796875 0.2230930484375 0.9695497484375 0.22032485156249998 0.9850511171875 0.304194128125 0.98944651875 0.2995694078125 0.965734484375 0.304492490625 0.9464344375 0.2804696515625 0.9383301359375 0.28631685 0.9200564234374999 0.2659904703125 0.9160574546875001 0.264755553125 0.9023020984375 0.33764596562500004 0.9295917875 0.3765527125 0.9335866078124999
0 0 0.6713324515625 0.0361966828125 0.6732294390625 0.10529256406250001 0.7169446109375001 0.0801453203125 0.7302952406250001 0.0725521109375 0.7445658374999999 0.08046026875 0.7616046328125 0.0931892921875 0.7612938296875 0.10940619062500001 0.7504088890625 0.11751049375 0.72638605 0.18177306875000002 0.7317097140625 0.2128738765625 0.71671529375 0.20106482187500002 0.6994720609375 0.145622078125 0.6564724203125001 0.1691213828125 0.618587859375 0.20863729531250003 0.5922996234375 0.23039473593749998 0.5689923140625 0.22443702656250003 0.5520557390625 0.185530278125 0.5480609171874999 0.1560732640625 0.5690089015625001 0.160391328125 0.5985722828125 0.131560065625 0.6635586828125 0.1194485015625 0.6707471640625 0.109802625 0.686865990625 0.0727441078125 0.6849238359375 0.0238723875 0.64715808125 0.00918876875 0.628786296875 0 0.62884506875 0 0.6713324515625
0 0.3791606359375 0.6599105328125 0.365507496875 0.659195003125 0.3552441625 0.66843615 0.33234987656250004 0.6574572859375001 0.31038385156250003 0.666085121875 0.30104463125 0.676352603125 0.297867559375 0.6996557640625001 0.30423414375 0.708790546875 0.322610075 0.712687296875 0.3264129 0.73342255 0.395704925 0.7360760890625 0.4201366375 0.7363785984375 0.42680573125 0.7210816671875 0.45647133125000006 0.7148131546875 0.4829474171875 0.676106696875 0.478016040625 0.65824600625 0.4437215734375 0.622222115625 0.41631307812499996 0.622741503125 0.3791606359375 0.6599105328125
0 0.673674184375 0.6567651828125001 0.6783928296874999 0.6413660343750001 0.673052578125 0.6313071359375 0.6813654640625 0.6219637703124999 0.6714046390624999 0.6067732046875001 0.648408134375 0.5977447875 0.62264343125 0.6042177375 0.6132019921875 0.61643566875 0.6000765343750001 0.68028936875 0.589093521875 0.6846032875 0.56404435 0.6774231000000001 0.55459461875 0.6524802937499999 0.565369046875 0.633486903125 0.5601310140625 0.6214775578125 0.5720339937500001 0.5996096046875 0.5989272484375 0.590262090625 0.5881445265624999 0.5720947437499999 0.593272046875 0.5488938015625 0.575202771875 0.53914570625 0.540196921875 0.535355321875 0.5330125875 0.5418241265625 0.5371262140625 0.575288403125 0.52819586875 0.5777540921875 0.5196743984375 0.5724179875 0.5157693546875 0.55363318125 0.50016576875 0.5528154328125 0.49174651718750007 0.5455288796875 0.4990289234375 0.5185292593749999 0.49060967031249997 0.51124270625 0.44339003593750004 0.5165912515625 0.42348082500000006 0.5419512265625 0.4219475453125 0.57120795 0.4583927515625 0.5848527953125 0.45993432500000003 0.5927568078125 0.44556565625 0.6056944140625 0.448546584375 0.6234528859374999 0.47894015625 0.6592723406250001 0.5023455359375 0.6604989640625 0.51836214375 0.6720952890625 0.5415713796875 0.7143835453125 0.542499640625 0.733990246875 0.48429699375 0.7436527109375 0.4550402703125 0.74211943125 0.444981371875 0.7474596828125 0.4375926 0.7578293828125 0.4408801859375 0.769736509375 0.46572492031249996 0.7808175937499999 0.4785561625 0.7785563437499999 0.5213555125 0.745594865625 0.5431171 0.740867925 0.568268490625 0.746097665625 0.5655983640625 0.741068215625 0.5979299421875 0.7212487828125 0.6304618109375 0.6789480859375 0.673674184375 0.6567651828125001
0 0.7834352640625 0.764219396875 0.7858968046875 0.7545693734375 0.8051927046875 0.7409120890625001 0.8308551874999999 0.7363895859375 0.830646603125 0.7217101140625 0.864311171875 0.695115221875 0.8801191953125 0.692032075 0.8988998546875001 0.6695466625 0.931848890625 0.656604909375 0.9221905749999999 0.61698263125 0.9095637703125 0.615342984375 0.8969411125000001 0.6322837078125 0.88606031875 0.634647178125 0.8830876828124999 0.6540494421874999 0.8759033484375 0.6605182453125 0.864200659375 0.659904934375 0.8494148218750001 0.6434835984375 0.8083531890625 0.6432874546875 0.7900753296875 0.6188598875 0.784223984375 0.6185532328125001 0.774680328125 0.6327216109375 0.773760359375 0.6502756453125 0.791931853125 0.6580732921875 0.8039453453125001 0.6714156265625 0.8049758265625 0.6890718796875 0.77459055 0.6904131640625 0.7635053187499999 0.6966775296875001 0.7609415578125 0.7082780015625 0.7714176234375001 0.7322966921875 0.75171285 0.753755771875 0.7352873671875 0.749961240625 0.7368289406249999 0.7578652515625001 0.7482249750000001 0.764329909375 0.7358067546875 0.777369734375 0.7373483281250001 0.785273746875 0.75172114375 0.7909165078125 0.759727375 0.7874244859374999 0.765574571875 0.7691507734374999 0.7744027 0.7686355328125 0.8551971234375 0.7943836484375 0.8906118484375 0.7903722390625 0.9229517203125001 0.80771354375 0.9337302953125001 0.807300521875 0.9461485156249999 0.7942606953125 0.9447091609375 0.7844062359375 0.9121607046875001 0.752385459375 0.892554003125 0.753313721875 0.87418221875 0.767997340625 0.856832621875 0.7631764750000001 0.8291174703124999 0.7695472078125001 0.7834352640625 0.764219396875
0 0.9431675875 0.7765022234375001 0.9460462968750001 0.79621114375 0.9167978671875 0.8318386 0.9050012515624999 0.8703364734375001 0.8927874687499999 0.8794754031249999 0.887966603125 0.896825 0.8692881640625 0.9173599640625 0.881403875 0.9287518515625001 0.88519840625 0.91232636875 0.8909475328124999 0.9145834734375 0.881816896875 0.9395304265625001 0.8729887703125 0.940045665625 0.8752458734375 0.934296540625 0.8677507375 0.9280363203125 0.85974450625 0.9315283421875 0.8562524843749999 0.9235221125 0.8483526187500001 0.943644053125 0.8363432734374999 0.9488820859375 0.83891118125 0.955861984375 0.8613924453124999 0.9560622734375 0.9098428500000001 0.9458887171875 0.9643531843750001 0.9507012890625001 0.9755406343749999 0.9424864734374999 0.9800465484374999 0.8938274843749999 0.9706009640625 0.8874650468749999 0.97111205625 0.8777128046874999 0.9811709546875 0.8723725531250001 0.9839308578124999 0.8197104484375 0.97263704375 0.81129534375 0.9716065625000001 0.7936390906249999 0.950147484375 0.7739343171875 0.9431675875 0.7765022234375001
0 0.8211346687500001 0.418061784375 0.8225657296875 0.3907555078125 0.8039770687500001 0.3535989171875 0.770921665625 0.3499107515625 0.75984058125 0.3747554875 0.738794525 0.3658292890625 0.7299705453125 0.384924896875 0.706462946875 0.385648721875 0.6965104140625 0.40761889218749997 0.66520516875 0.42651421093749997 0.66273948125 0.417583865625 0.6819290140625001 0.38729666093750004 0.7126167999999999 0.3615236640625 0.7007055265625 0.3462308796875 0.6599505484375 0.34018339218750004 0.6365493156250001 0.35753713593750003 0.637170921875 0.3829951828125 0.6198296187500001 0.4153350546875 0.6205534421875 0.43884265312500004 0.6098812328125 0.45588559531249995 0.6029013359375 0.4584535015625 0.6084418781250001 0.44603113437499997 0.590474821875 0.43433259218750003 0.5636837859375 0.44172965625 0.5686151625 0.45959034687500006 0.5943840125000001 0.471697765625 0.6033185046875 0.4878124453125 0.6386310109375 0.485751484375 0.701458378125 0.49980105625000004 0.741280946875 0.467661475 0.7550363046874999 0.4664265578125 0.770128796875 0.47699654843749995 0.7875806140625 0.47986696406249996 0.8133453156250001 0.47339401406250003 0.8309974234374999 0.453783165625 0.8321218281249999 0.432328234375 0.8211346687500001 0.418061784375
0 0.965966496875 0.36013261875 0.950362909375 0.35931486874999996 0.937535815625 0.3801564890625 0.9032454953125001 0.3627129671875 0.8838432296875001 0.35974033125 0.8561280796874999 0.3661110640625 0.843198765625 0.38890313125 0.8225657296875 0.3907555078125 0.8228806796875 0.42206489999999997 0.84649464375 0.43797099531250006 0.86107604375 0.4582932265625 0.8804783078125 0.4612658625 0.9108594374999999 0.4413442109375 0.92923536875 0.4452409609375 0.9245167234375 0.460640109375 0.8802821640625 0.5023274953125 0.8520476265625 0.4812897328125 0.83254314375 0.48026754531250004 0.8154021296874999 0.490126153125 0.821462059375 0.5051122796875 0.8367589890625 0.511781375 0.872173715625 0.507769965625 0.9564560140625 0.52294394375 0.973392590625 0.5169862328125 0.9809857984375 0.5027156359375 0.9473087906250001 0.47356942343749997 0.947922103125 0.46186673437500003 0.97932541875 0.42244059843750004 0.976344490625 0.40468212656249997 0.9943032531249999 0.3792199328125 0.965966496875 0.36013261875
0 0.612424259375 0.3513832828125 0.6071862265625 0.3393739359375 0.5516454125 0.31690511250000003 0.5384052953125 0.32696815625000003 0.532660315625 0.34329142031250004 0.5152085 0.340421003125 0.49334469375 0.3470983921875 0.47569258750000004 0.366709240625 0.45631105625 0.456638446875 0.4273609875 0.449253821875 0.4145255984375 0.4329347046875 0.402925128125 0.43037094531250003 0.38537109375 0.42945097656250003 0.365972975 0.44505870937500003 0.3689539046875 0.46281718125 0.38507273125 0.4724630578125 0.4325990203125 0.46126316718749993 0.5031259625 0.47767206250000005 0.5233459765624999 0.4650411109375 0.510715025 0.44482109843749995 0.5159489109375001 0.438250075 0.5754845468750001 0.42181215156249996 0.6175725140625 0.42108418125 0.6393258078125 0.3791965046875 0.6359318578125001 0.3506594578125 0.612424259375 0.3513832828125
0 0.34192940312500003 0.34405256562500003 0.340804996875 0.365507496875 0.31647965 0.38183490781249996 0.3092994625 0.40688407968750007 0.27368444687500004 0.43337675468750003 0.258489734375 0.42475721093749996 0.24853305625000002 0.428147015625 0.236724 0.41090378281250006 0.2362046125 0.3834952875 0.22388031718749998 0.35742392968750003 0.2535376234375 0.3139946796875 0.2898723171875 0.2924292359375 0.2934582640625 0.26132428124999996 0.27179474843749996 0.2455204046875 0.252290265625 0.2444982171875 0.23679304375000002 0.2603103890625 0.226018615625 0.27930377812499996 0.2309499921875 0.29716446875 0.22058443906249997 0.308356065625 0.22746626406249998 0.326318975 0.21577186875 0.36286640000000003 0.1890830515625 0.3683130171875 0.17953939375 0.3824813953125 0.18744755156249998 0.39952018906250003 0.2180414125 0.412858378125 0.2354973765625 0.43430916249999996 0.23591039687499998 0.4450877375 0.214455465625 0.4439633328125 0.1992649015625 0.4539241578125 0.20542704843749998 0.4669598375 0.229654325 0.47116324374999996 0.259213559375 0.448264809375 0.34358563593749997 0.405747234375 0.38125746562499996 0.3959867 0.40137111406250003 0.366725828125 0.40208664375 0.3530726890625 0.3920236 0.3398325734375 0.35732440468750004 0.33019084374999996 0.34192940312500003 0.34405256562500003
0 0.14341743125 0.437306678125 0.12575703124999998 0.419756790625 0.078741834375 0.42120443906249994 0.0309088875 0.438255675 0.02043696875 0.4328173515625 0.051537776562500005 0.4178229296875 0.0830516046875 0.41360708281249997 0.128014134375 0.4140076640625 0.156861984375 0.42334273749999995 0.1702043203125 0.41132924531250004 0.1731769546875 0.39192698125000003 0.164757703125 0.384640428125 0.14525322031250001 0.383618240625 0.1310889890625 0.3926549515625 0.10983849375000002 0.38762965 0.0755564671875 0.40734686406250004 0.038089075 0.41320650312499996 0.0080146015625 0.427276809375 0.0229924359375 0.38405614374999997 0.006771390625 0.376360715625 0.0008385609375000001 0.47090635000000003 0.016339928125 0.473674546875 0.0224979296875 0.46812985781250005 0.017259896875 0.45612051249999996 0.020747771875 0.445546375 0.0578062890625 0.44748852968749997 0.0903505984375 0.46092893593750006 0.12566310625 0.458867975 0.14300855625 0.44510847187499997 0.14341743125 0.437306678125
0 0.3482628125 0.20454440312500002 0.3327655921875 0.2203565734375 0.32035151875 0.2519767671875 0.28092538437500003 0.22057345156250002 0.251660365625 0.181879434375 0.2433474796875 0.1912228015625 0.2140907546875 0.189689521875 0.19694974062499998 0.199548128125 0.21851103749999998 0.217302453125 0.2572133484375 0.22519817187500002 0.28575454218749996 0.240384590625 0.2964350453125 0.2605023859375 0.3118341953125 0.26522103124999996 0.34284107656249996 0.2893377953125 0.3675753 0.265208590625 0.38891971875000003 0.2311227078125 0.40996162812500003 0.2214685375 0.4152977328125 0.2129470671875 0.3983528640625 0.181744040625 0.3868546109375 0.1772298328125 0.366225721875 0.1976625765625 0.3482628125 0.20454440312500002
0 0.5644766531250001 0.3146438609375 0.5736114359375 0.308277275 0.6682551421875 0.2936792890625 0.6962769484375 0.2814572109375 0.701715271875 0.2709852921875 0.681691403125 0.2425546109375 0.7071453015625 0.22335263749999998 0.72480155625 0.22232215625 0.7400943390625 0.21041088281250003 0.746661215625 0.1970644 0.7433736296875 0.1851572734375 0.727254803125 0.175511396875 0.705288778125 0.1841392328125 0.696153996875 0.19050581875 0.695438465625 0.20415895625 0.680558703125 0.22684880624999998 0.6536654484375 0.23619631874999997 0.612816546875 0.269260015625 0.608093753125 0.26607879687499997 0.6166110781249999 0.2528345328125 0.6431935296875 0.2307579953125 0.645655071875 0.22110797343750002 0.6394929234375 0.20807229375 0.6141370953124999 0.2067434515625 0.6003858859375 0.2265587375 0.5994659171875 0.24411277187499997 0.590846375 0.259307484375 0.575962465625 0.26341696406250004 0.5785303734375 0.2703968609375 0.5713460390625 0.27686566562500003 0.56549469375 0.276559009375 0.5630290046875001 0.26762866406249997 0.5712313796874999 0.22307500937500002 0.568561253125 0.218045559375 0.5471063218750001 0.2169211546875 0.5438394718749999 0.29791586875 0.49415414843749994 0.29433406875 0.4669542390625 0.309532928125 0.46459491562500005 0.3172325015625 0.47260529218749997 0.3323208484375 0.492931671875 0.33631981718750004 0.5058651328125 0.3321081171875 0.5154129375000001 0.3365201078125 0.5241346984375 0.319374946875 0.5273200640625 0.33323252187499997 0.5323495125 0.330562396875 0.5299860437499999 0.319681603125 0.568995009375 0.3217259765625 0.5644766531250001 0.3146438609375
0 0.8765442359375 0.312418478125 0.8881405609374999 0.2964018703125 0.8870078625 0.280696065625 0.869143025 0.26704707499999997 0.8438894156250001 0.2637677828125 0.8276725171875 0.27465272343749997 0.81832915 0.2663398375 0.806319803125 0.27157787031249997 0.7996465625 0.2682944328125 0.8147307625 0.2417036875 0.8349507765625 0.2290727359375 0.8298149609375001 0.215112940625 0.8460318593749999 0.204228 0.796236025 0.1654359125 0.7873056796875 0.1679016 0.7941875046875 0.18586450937500001 0.7837197328125 0.1990065546875 0.7912148703125 0.20526677499999998 0.7826975468749999 0.21851103749999998 0.7828080578125001 0.2537213265625 0.76792415 0.2578308078125 0.7585807828125 0.24951792031250003 0.7333271734375 0.24623862968750002 0.717727734375 0.2640012484375 0.7221480171875 0.29161418125 0.7480232328125 0.32035151875 0.7448420125 0.3250743109375 0.7116843921875 0.32333659375 0.7202058625000001 0.3286726984375 0.717539884375 0.34222361874999996 0.737661825 0.3501234828125 0.7576774015625001 0.341393428125 0.76394176875 0.352478659375 0.7711261031250001 0.34600985624999997 0.7936073671874999 0.34621014687499996 0.7754358734375 0.3384125 0.7721482890625 0.326505371875 0.8151603703125 0.326803734375 0.8254237062499999 0.31756258593750003 0.864534890625 0.31765651093749997 0.8765442359375 0.312418478125
0 1 0.14524201718750002 0.9964042296875 0.13387646875 0.9822358515625 0.1243328109375 0.9737185281249999 0.1375770734375 0.9421024796875 0.14374336875 0.9348159265625 0.1521626203125 0.9461097421875 0.1605777265625 0.9436481999999999 0.1702277484375 0.9715760828125 0.19711685625 0.98729018125 0.23314489374999997 0.991608246875 0.262708275 0.9857651953125 0.29956235625 0.9704682640625 0.2928932609375 0.977341796875 0.273695434375 0.9731300968750001 0.2607619734375 0.9633778546875 0.2602508796875 0.9547583124999999 0.2754455921875 0.9456193828125 0.263231809375 0.9028117390625001 0.25903255000000003 0.889673840625 0.267145146875 0.8870078625 0.280696065625 0.8910151234375 0.29753042343749997 0.96903305625 0.30161916875 0.9883372484375 0.3251226203125 0.9943930312499999 0.32152837968750003 1 0.29725735468750003 1 0.14524201718750002
0 0.2496035515625 0.1651472953125 0.28378750625000004 0.1659608984375 0.2873776 0.1534363125 0.25462470625 0.1253164328125 0.2428197984375 0.1266535703125 0.23450691250000003 0.1359969375 0.161522575 0.1478184328125 0.12271804687500001 0.14187316249999998 0.1013570390625 0.101637571875 0.021184221875 0.1013475046875 0.021294734375 0.1365577921875 0.042340790625 0.145483990625 0.0510708453125 0.1654995671875 0.08525479999999999 0.16631317031249998 0.0731432359375 0.1735016515625 0.0918299703125 0.1901274234375 0.089070065625 0.24278952812500001 0.117202384375 0.2657777390625 0.1118662796875 0.2742992109375 0.09225957812499999 0.27522747187499996 0.088976140625 0.2819007140625 0.10642795625000001 0.2847711296875 0.1419449015625 0.27880927187500004 0.1447130984375 0.2633079046875 0.1880193953125 0.20201381718750003 0.2098832015625 0.1953364296875 0.25494795 0.19378656249999998 0.25833360625 0.185162871875 0.2490924578125 0.1748995375 0.2496035515625 0.1651472953125
0 0.1880546578125 0 0.198347628125 0.023598906250000003 0.19485975312499998 0.03417304375 0.1711477171875 0.038797764062500004 0.1519498890625 0.031924232812499995 0.110990475 0.029777640625 0.1057565890625 0.0363486640625 0.11479330000000001 0.05051289531249999 0.112127321875 0.0640638140625 0.08861972343749999 0.0647876390625 0.0918050890625 0.0786452140625 0.1021747890625 0.0860339859375 0.122190365625 0.07730393125 0.1704404796875 0.0896116390625 0.211800475 0.0467957015625 0.2392089703125 0.046276314062500004 0.2432162328125 0.063110671875 0.251737703125 0.0684467765625 0.262618496875 0.06608330625 0.2643603609375 0.05150605312499999 0.27616527031250004 0.050168917187499995 0.39228049375 0.111016809375 0.47687359531249995 0.13891980937499998 0.50839571875 0.1718647 0.5269760859375 0.17186055312499998 0.5379590984375 0.167546634375 0.5454500890625 0.1552264859375 0.5488315984375001 0.128022428125 0.5274747390625001 0.10636720625 0.497502484375 0.118487065625 0.48446265781250003 0.10606884375 0.446995265625 0.11192848281250001 0.42009786406250005 0.102695628125 0.40705803749999997 0.0902774078125 0.38560310625 0.08915300312499999 0.3358114171875 0.0689412828125 0.3312930625 0.061859167187499994 0.35007786875 0.057954123437500005 0.35972374375 0.041835296875 0.3518155859375 0.0247965015625 0.327997184375 0.012791303125 0.328303840625 0.0069399578125 0.3408210828125 0 0.2581324390625 0 0.2400267203125 0.030672728125 0.2220555171875 0.00039381718750000004 0.2206816265625 0 0.1880546578125 0
0 0.509480371875 0 0.49778840625000004 0.019733878125 0.4816737265625 0.028668370312500004 0.49245644843749997 0.0468357171875 0.507548940625 0.0574057078125 0.51227588125 0.0791672953125 0.5206951328125 0.08645384843750001 0.552004525 0.08613889999999999 0.5826923109375 0.060365903124999995 0.590494103125 0.060774778125 0.60969193125 0.06764830937500001 0.6198571937499999 0.078937978125 0.62345558125 0.103574128125 0.69244095 0.11207901093749999 0.70927530625 0.10807175 0.720564975 0.0979064859375 0.7259991515625 0.0688541984375 0.706592740625 0.0473011953125 0.6437695203125 0.051831992187499995 0.60937698125 0.0363389171875 0.5818662671875 0.038808753125 0.5856566515625 0.0038029015625 0.5130929703125 0 0.509480371875 0
0 0.763462396875 0.0444141921875 0.7894315375 0.0340403453125 0.8062700421875 0.0486134515625 0.8323414 0.036289154687500005 0.8413781109375 0.0504533875 0.8551334687500001 0.04921846875 0.8749487546875001 0.0629696796875 0.8753659218750001 0.092328621875 0.8817325078125 0.1014634046875 0.8956923015625 0.096327590625 0.9124285875 0.1128511453125 0.927108059375 0.1126425609375 0.9355231640625 0.1013487453125 0.918684659375 0.086775640625 0.9889947234375001 0.0513443265625 0.9718454171875001 0.024042196874999998 0.9562418312500001 0.0232244484375 0.9341735874999999 0.0338027328125 0.9328364499999999 0.0219978234375 0.915282415625 0.02107785625 0.908919978125 0.0305234421875 0.880072128125 0.02118836875 0.8639574484375 0.030122860937500003 0.8333635875000001 0.016784671875 0.7807014828125001 0.01402476875 0.7400528703125 0.024607200000000003 0.7355386625 0.0361054515625 0.7459083625 0.0434942234375 0.763462396875 0.0444141921875