0 0.4578376171875 0.5009675078125 0.46875800156249997 0.49879429374999995 0.4695754609375 0.48710409062500004 0.45299385625 0.47223933125000006 0.4483749421875 0.454295296875 0.4319295828125 0.4374821703125 0.4368276578125 0.40943520937500005 0.42889794531250003 0.41083860312500003 0.40633499687499997 0.3975134828125 0.39328236250000004 0.416179696875 0.36351188125 0.42192951875 0.3546351421875 0.3948772234375 0.32477605781249996 0.38789453749999997 0.3230115734375 0.3711290515625 0.3148570140625 0.36174830468749997 0.266284075 0.356393859375 0.2458057375 0.3412566140625 0.22577709218750003 0.3476876515625 0.22002059375 0.36001143125 0.1820002734375 0.385742259375 0.153135853125 0.39253438749999997 0.1602481078125 0.4028211953125 0.1387207875 0.43068427343750004 0.145199465625 0.43603204375000004 0.1824909296875 0.43472392812500005 0.188697121875 0.44396843124999996 0.183349353125 0.45044710937500004 0.16024143125 0.4449154578125 0.1341838015625 0.467567009375 0.1310092453125 0.484966071875 0.13644561875 0.491219903125 0.1250688640625 0.5139190953125 0.1310025703125 0.5270603328125001 0.15175339375000002 0.53830084375 0.1557387328125 0.5513058390625 0.16987463593750002 0.5591469484375 0.18228701875 0.5776359546875 0.2152730203125 0.5819004546875 0.21925835781249997 0.59490545 0.2368822671875 0.608864146875 0.2801550765625 0.6060163937499999 0.30738457812500003 0.6226046734375 0.32845552968749997 0.6152675734375 0.3372027 0.602173975 0.37698750468750003 0.593208634375 0.38219903125 0.5886783234374999 0.38161309375 0.5690584078125001 0.39982961562499997 0.560542759375 0.419272325 0.5344918046875 0.4578376171875 0.5009675078125
0 0.4591381484375 0.30037428125 0.4598193640625 0.29063244374999997 0.45075874374999997 0.2802093921875 0.45198493125 0.26267408593749997 0.43735169531249996 0.24794557031250003 0.4616858046875 0.2359419171875 0.45231173281250003 0.20200221406250002 0.4041951640625 0.176121790625 0.359518959375 0.1710398328125 0.3599276890625 0.16519473125 0.37501729375 0.15939726875 0.37470384375 0.1358806171875 0.3321189265625 0.0868922734375 0.3084660328125 0.089154090625 0.29759328749999997 0.076646428125 0.27729215625000003 0.08697420156249999 0.263789828125 0.08407213125 0.246567971875 0.10636259374999998 0.2384134140625 0.09698184843749999 0.239367115625 0.0833432765625 0.23066758437499998 0.0817559984375 0.21698137343749999 0.0954831734375 0.229938728125 0.1061787109375 0.22939375625 0.11397218125 0.2085000125 0.1467742984375 0.19277683125 0.147632721875 0.183988696875 0.133312934375 0.15295106249999998 0.129184678125 0.1428891 0.14708107343750002 0.103145259375 0.1834598 0.10567956406250001 0.2032159578125 0.12579681250000002 0.20951742968749998 0.1357158546875 0.2356636625 0.15660292343749999 0.24495580625 0.1607245046875 0.256012434375 0.17653628906250002 0.2678865203125 0.2295918984375 0.2931333671875 0.2321738421875 0.29820864999999996 0.22383540000000002 0.305457146875 0.2314449859375 0.3226313625 0.2521958109375 0.3338718734375 0.27077342187500003 0.334192 0.31341265625000003 0.32640520624999997 0.3306345109375 0.30411474374999997 0.344409325 0.30312007812499997 0.353469946875 0.31354313125 0.39551656875 0.3282306828125 0.4142780609375 0.311921565625 0.441691446875 0.3118806015625 0.4591381484375 0.30037428125
0 0.7602766562500001 0.30576878125 0.7687989796875 0.2818910421875 0.797752003125 0.2878314234375 0.807677721875 0.2718833953125 0.79721370625 0.25353063124999997 0.7957217078125 0.23286840937500003 0.7367257171875 0.2365745859375 0.699120803125 0.21436605000000003 0.6892903625 0.200952325 0.69581668125 0.19161921875000001 0.689338003125 0.18627145 0.66804220625 0.1828244078125 0.6460651937499999 0.189119203125 0.63936166875 0.1729872921875 0.6237747312499999 0.171897346875 0.6076428203125 0.178600871875 0.6060555421875 0.18730040312500001 0.5936841234375 0.19622477968750002 0.5868376796875 0.2241354984375 0.55176706875 0.221683121875 0.53835334375 0.2315135625 0.532188115625 0.24968244374999998 0.5137467484375 0.24741395000000002 0.51043595 0.2667613796875 0.5208113625 0.27238163593750003 0.5299605859375001 0.295537196875 0.5403359984375 0.3011574515625 0.558143790625 0.2984869046875 0.5622244078125 0.2821301484375 0.5693843015625 0.2777360796875 0.625886953125 0.28168713125 0.6431021328125001 0.3014909296875 0.6424209171874999 0.311232765625 0.617678078125 0.329081521875 0.6188089875 0.34090796874999996 0.6096530859375 0.35984666875000004 0.6409155671875 0.37475906718749996 0.653736678125 0.3874029734375 0.6907556578125 0.3899915921875 0.6960557875 0.39819379062500004 0.7125487875000001 0.400326040625 0.7215208046875 0.398016584375 0.7323525859375 0.3831108609375 0.7622593109375 0.375412671875 0.7934331875 0.37759256093750004 0.8133732296874999 0.3584290140625 0.8161390546874999 0.346875053125 0.793351259375 0.322765790625 0.7602766562500001 0.30576878125
0 0.788270209375 0.6474209484375 0.8018201765624999 0.635642140625 0.7949394453124999 0.5940452125 0.815874153125 0.5886564796875 0.833136971875 0.593779403125 0.8434714203125001 0.571986271875 0.855842840625 0.5630618953125001 0.8512239265625 0.545117859375 0.8376329953124999 0.52948328125 0.8010227453125 0.5210495609375 0.797085046875 0.49336368906250005 0.786076059375 0.48280439375000006 0.75852643125 0.484793725 0.7465227765625 0.46045961562500004 0.7269028609375 0.46104555312500006 0.7141227125 0.47581503124999996 0.694366553125 0.4783493359375 0.6963625609374999 0.463804703125 0.6820018109375 0.4451794515625 0.6889368578124999 0.4300012421875 0.6809185421875 0.418672128125 0.6334765109375 0.42514413125 0.614987503125 0.43755651406249996 0.60741888125 0.44779568281250004 0.61842786875 0.45835497812500003 0.6168405921875 0.46705450937500004 0.5817699796875 0.4646021328125 0.5706247484375 0.4559912046875 0.539723359375 0.44991458125 0.540356934375 0.4548536203125 0.5303426124999999 0.45806913906249996 0.5504598609375 0.4643706109375 0.5510934359374999 0.46930965 0.524041140625 0.4781863890625 0.5099462015625 0.49775866406249997 0.513202684375 0.535186371875 0.5426054 0.5626950374999999 0.5145107999999999 0.5724778374999999 0.5096603625 0.585843921875 0.51468800625 0.5979428546875 0.533851553125 0.6178828968750001 0.572001440625 0.6322979625 0.5850473984375 0.655726009375 0.6034411265624999 0.6726753796875 0.60416330625 0.690346928125 0.6141299890624999 0.7018122859375 0.628810865625 0.701859925 0.6470273859375 0.6933442765625 0.641774896875 0.6704612015625 0.6677848875 0.6624905265625001 0.6971466390625001 0.6625858046875 0.70838715 0.6418349812499999 0.7508425015625 0.65067743125 0.776171275 0.6524485921875 0.788270209375 0.6474209484375
0 0.37377289375 0.8631732640625 0.3976506328125 0.8716955890625 0.39433983437500003 0.8910430187499999 0.41169125781250004 0.90889845 0.44454101562500004 0.9151113171875 0.483549325 0.9452495640624999 0.5069297328125 0.94688448125 0.528954384375 0.9259088109375 0.5518441359375 0.878562059375 0.537755871875 0.8560400749999999 0.5362638734375 0.835377853125 0.5227615453125 0.8324757843749999 0.4772745578125 0.7969897671874999 0.4709797625 0.7750127546875001 0.487384159375 0.764412496875 0.485210946875 0.7534921125 0.4701689796875 0.7446086984375 0.41366632968749995 0.740657646875 0.4065064359375 0.7450517140625 0.4113978359375 0.759099015625 0.40786219062500007 0.7676623031250001 0.37627958437500003 0.771327515625 0.362279925 0.7615380390625 0.365726965625 0.7402422421875 0.3519997921875 0.72655603125 0.311084078125 0.7236949265625 0.2885211296875 0.7103698046875 0.26527696562499997 0.7067865203125 0.2360038171875 0.71942375 0.24520068125 0.727898434375 0.24075897343750002 0.7354194171875 0.213931525 0.755080296875 0.21465370312499998 0.7727518453125 0.23331991875 0.78580448125 0.2237552890625 0.8105882828125001 0.205041434375 0.812216525 0.1769058703125 0.7945859390625001 0.1597316546875 0.8021955249999999 0.15238787812500001 0.8232188359375 0.1669325109375 0.8252148437500001 0.18478126718750001 0.84995768125 0.218312240625 0.8464287125000001 0.23231190000000002 0.8562181890625 0.22818364375 0.8872558234374999 0.19369896874999998 0.9044233625 0.2018058875 0.9284849859375001 0.2174814296875 0.9423074390625 0.2473881546875 0.93460925 0.2723082 0.9422255125 0.28046275781249996 0.951606259375 0.2822272421875 0.9683717453125 0.3061049828125 0.9768940703125001 0.323824171875 0.9614910140624999 0.363200246875 0.958370775 0.376477728125 0.9504887015625 0.3811919203125 0.939070984375 0.3685070515625 0.9244787125 0.373629975 0.9072158921875 0.3607678984375 0.8671586015624999 0.37377289375 0.8631732640625
0 0 0.875937103125 0.024374896875 0.8759409687499999 0.03312206875 0.8628473703124999 0.053286956249999996 0.8544679640625 0.0928402390625 0.8768127421875 0.11232391093750001 0.8781751734375 0.129498128125 0.8705655875 0.134076078125 0.8610962375 0.10426463281250001 0.839432675 0.116050115625 0.8108883812500001 0.0941207421875 0.8025022999999999 0.0740511328125 0.781519953125 0.05171303125 0.7789789734375 0.07971902812500001 0.7564636640625 0.1089445375 0.7585073109375 0.1440627890625 0.7462788109375 0.1522240234375 0.7135652953125 0.1315208390625 0.687643909375 0.12177900156250002 0.68696269375 0.0696637421875 0.7322657984375 0.050043826562500004 0.732851734375 0.043701390624999996 0.7255555984375001 0.052721048437499994 0.7085652640625 0.07519539374999999 0.7091578765625 0.0848486265625 0.6971065828125 0.0697180578125 0.6754906609375 0.053858632812499994 0.67829745 0.031295684375 0.6649723296875 0.023052521875000002 0.6428590734374999 0 0.63924951875 0 0.875937103125
0 0.9662575421874999 1 0.9662880421875 0.9995638343750001 0.9520635359374999 0.9789902171874999 0.9588623390625 0.965760375 0.923478278125 0.9397913484375 0.9522131312500001 0.8928533265624999 0.9631335156249999 0.8906801124999999 0.974871359375 0.8768166953125001 0.97664251875 0.8514879203125 0.9517224734375 0.8438716578125 0.9683993578125 0.8293746656250001 0.9689443296875 0.8215811953125 0.947832415625 0.8015049109374999 0.8885229750000001 0.7816944359375 0.8633780828125 0.7632940328125 0.8630646328125 0.7397773812499999 0.8550463171875 0.7284482671875 0.8262295375 0.72055951875 0.779012353125 0.7378156625 0.7834950234375 0.7577080640625 0.7728880890625 0.7833979296875 0.7514560484375 0.7818992546875 0.7483767734375 0.7699365640625 0.731113953125 0.7648136421875 0.7042865046875 0.784474521875 0.6829907078125 0.7810274796875001 0.6717978359375001 0.7870974281249999 0.670980378125 0.7987876328125 0.6895103484375 0.813788634375 0.67840608125 0.8325910921874999 0.654071971875 0.8445947453124999 0.64817923125 0.8588668921875 0.6272445234374999 0.864255625 0.6243834171875 0.9051713375 0.64667388125 0.92239319375 0.6593997140625001 0.9643988515625 0.6932441359375 0.9843865328125 0.6938822078125 1 0.77025114375 1 0.769366703125 0.9877516468750001 0.801991615625 0.9831803734375001 0.804123865625 0.9666873734375001 0.8132321250000001 0.9624295484375001 0.8460818828125 0.968642415625 0.8535552265625 0.9877649999999999 0.865444865625 1 0.9662575421874999 1
0 0.9108125296875 0.5189373390625 0.8954980765625 0.5139506593750001 0.8902865515625 0.5184809703125 0.8864307796875 0.54562186875 0.9081762703124999 0.57063719375 0.9054104437499999 0.5821911546874999 0.9150160375 0.5848207375000001 0.8801702734375001 0.593152503125 0.8741412890625 0.6093730171875 0.8909477390625 0.6350219171875 0.9148254781249999 0.6435442421875 0.9211202734375 0.6655212546875 0.9322655046874999 0.6741321828125 0.9117395265624999 0.6736758125 0.9169034140625 0.683826378125 0.9414147296875001 0.69728774375 0.9731335781249999 0.6916741640625 0.986724509375 0.7073087421875 0.9995313625 0.5241622171875 0.977465746875 0.517724503125 0.96518960625 0.497287128125 0.94167295625 0.49760057812499997 0.9108125296875 0.5189373390625
0 1 0.2882324625 0.9728325734375 0.30399003750000003 0.96023630625 0.3021302734375 0.9614624953125 0.28459496875 0.9549838171875 0.2792471984375 0.8857010171875 0.290065628125 0.88085058125 0.3034317125 0.908263965625 0.30339075000000004 0.9330477687500001 0.3129553796875 0.939253959375 0.3221998828125 0.9136050593749999 0.33900633281250003 0.8880037984375001 0.3411319078125 0.8758572250000001 0.3608404265625 0.8777579531249999 0.3756575453125 0.90684721875 0.379649559375 0.9303162296874999 0.3940169859375 0.9120044296875 0.43189438750000003 0.9184831078125001 0.43724215624999996 0.9325304078125001 0.43235075624999997 0.947981103125 0.43538906875 0.9498818296874999 0.45020618749999997 0.9711299875 0.46833410468750003 1 0.476599434375 1 0.2882324625
0 1 0.0807790140625 0.992261021875 0.082148653125 0.949533184375 0.0772029375 0.9288233234375 0.0933758125 0.9044006109374999 0.09264695625 0.919170090625 0.10542710468750001 0.9162680218749999 0.11892943281249999 0.92351651875 0.127267875 0.9231077890625 0.1331129765625 0.902534171875 0.147337484375 0.9078752640625 0.18295306718749998 0.8974522125 0.1920136875 0.9291234218750001 0.20108098437500002 0.945296296875 0.2217908453125 0.9638739078125 0.222110971875 0.987574440625 0.205168278125 1 0.20603715781249998 1 0.0807790140625
0 0.6841465046875 0.0645189765625 0.6515692328125 0.0544093734375 0.6407374515625001 0.06931509687500001 0.6216625078125 0.062107564062499995 0.6124180046875 0.06831375468749999 0.6107830875 0.0916941625 0.6006325218749999 0.0968580484375 0.6033030687500001 0.114665840625 0.6178477015625 0.116661846875 0.6266358359375 0.130981634375 0.6419502875 0.1359683140625 0.6431698 0.16052726875 0.651324359375 0.169908015625 0.69065279375 0.181468653125 0.7006671171875001 0.178253134375 0.712677446875 0.16049298125 0.736330340625 0.15823116406249998 0.7436264765625 0.1518887296875 0.7326174890625 0.141329434375 0.7331624609375 0.133535965625 0.749294371875 0.12683244062500001 0.7533749890625 0.110475684375 0.7611684578125 0.11102065624999999 0.76877804375 0.128194871875 0.7892563828125 0.1433321171875 0.78372473125 0.1664400390625 0.789930921875 0.17568454218750001 0.8209685562500001 0.1798128 0.8424482359375001 0.1666305984375 0.8536887468750001 0.1458797734375 0.8574082734375 0.1206872421875 0.8486201390625 0.1063674546875 0.8475845109375 0.06517925625 0.862040540625 0.054442753125 0.8625855124999999 0.046649284375 0.8475911859374999 0.023084993749999998 0.8296471515625001 0.0277039078125 0.791088534375 0.01913394375 0.7706511609375 0.031410084375 0.7451861421875 0.031587290625 0.7300079328125 0.02465224375 0.724844046875 0.014501678125 0.683928334375 0.0116405734375 0.6521618453125 0.031935028125 0.6722790937500001 0.0382365 0.66860720625 0.0487481546875 0.6841465046875 0.0645189765625
0 0.30362122187499996 0 0.3096102921875 0.016792015625 0.33892440625 0.0315681703125 0.32809262499999997 0.04647389375 0.339960034375 0.0727563703125 0.362250496875 0.089978225 0.354906721875 0.11100153593749999 0.3774220296875 0.1390075328125 0.40170849999999997 0.14168475625000002 0.41811289687500003 0.13108449687499998 0.41865786875 0.123291028125 0.40144268906249997 0.10348722968749999 0.450151871875 0.10689330781249999 0.48970515312499996 0.1292380859375 0.5115459234374999 0.1248916578125 0.5056122171874999 0.1117504203125 0.5160352703125 0.1026897984375 0.515176846875 0.0869666171875 0.5326711890625 0.0607794203125 0.5398310828125 0.056385353125 0.55292468125 0.0651325234375 0.5643900375 0.055165840625 0.557959 0.0351371953125 0.5686545390625 0.022179840625 0.567796115625 0.006456659375 0.48790510625000005 0 0.30362122187499996 0